Date,usa_or_hhsregion,variant,share,share_hi,share_lo,time_interval,modeltype,nchs_or_count_flag,region
2024-08-17,1,KP.2.3,0.13315875828,0.22659035027,0.06799372286,biweekly,weighted,0.0,region_01
2024-08-24,1,KP.2.3,0.11491261050000001,0.178824596105,0.06839293614,biweekly,weighted,,region_01
2024-08-31,1,KP.2.3,0.09666646272,0.13105884194,0.06879214942,biweekly,weighted,0.0,region_01
2024-09-07,1,KP.2.3,0.107146713885,0.155929423865,0.06964866817000001,biweekly,weighted,,region_01
2024-09-14,1,KP.2.3,0.11762696505,0.18080000579,0.07050518692,biweekly,weighted,0.0,region_01
2024-08-03,1,KP.3,0.24477407336,0.34100821614,0.16423016787,biweekly,weighted,0.0,region_01
2024-08-10,1,KP.3,0.20896119438,0.29340577498,0.1392178069825,biweekly,weighted,,region_01
2024-08-17,1,KP.3,0.1731483154,0.24580333382,0.114205446095,biweekly,weighted,,region_01
2024-08-24,1,KP.3,0.13733543642,0.19820089266000002,0.0891930852075,biweekly,weighted,,region_01
2024-08-31,1,KP.3,0.10152255744,0.1505984515,0.06418072432,biweekly,weighted,0.0,region_01
2024-07-20,1,KP.3.1.1,0.14100895822,0.2175205797,0.08355843276,biweekly,weighted,0.0,region_01
2024-07-27,1,KP.3.1.1,0.16161543876,0.26370470971,0.0872258693,biweekly,weighted,,region_01
2024-08-03,1,KP.3.1.1,0.1822219193,0.30988883972,0.09089330584,biweekly,weighted,0.0,region_01
2024-08-10,1,KP.3.1.1,0.25967772305000003,0.3659607321,0.175107512625,biweekly,weighted,,region_01
2024-08-17,1,KP.3.1.1,0.3371335268,0.42203262448,0.25932171941,biweekly,weighted,0.0,region_01
2024-08-24,1,KP.3.1.1,0.37520124763,0.460693515835,0.2951427325625,biweekly,weighted,,region_01
2024-08-31,1,KP.3.1.1,0.41326896846000005,0.49935440719,0.330963745715,biweekly,weighted,,region_01
2024-09-07,1,KP.3.1.1,0.45133668929000004,0.538015298545,0.36678475886749995,biweekly,weighted,,region_01
2024-09-14,1,KP.3.1.1,0.48940441012,0.5766761899,0.40260577202,biweekly,weighted,0.0,region_01
2024-09-21,1,KP.3.1.1,0.513087049125,0.61536028981,0.40952001512,biweekly,weighted,,region_01
2024-09-28,1,KP.3.1.1,0.53676968813,0.65404438972,0.41643425822,biweekly,weighted,0.0,region_01
2024-10-05,1,KP.3.1.1,0.57848659158,0.69033837318,0.46049825847000003,biweekly,weighted,,region_01
2024-10-12,1,KP.3.1.1,0.62020349503,0.72663235664,0.50456225872,biweekly,weighted,0.0,region_01
2024-10-19,1,KP.3.1.1,0.56955960393,0.66217410564,0.47198876738500006,biweekly,weighted,,region_01
2024-10-26,1,KP.3.1.1,0.51891571283,0.59771585464,0.43941527605,biweekly,weighted,0.0,region_01
2024-11-02,1,KP.3.1.1,0.465281143785,0.54780106246,0.38432097435,biweekly,weighted,,region_01
2024-11-09,1,KP.3.1.1,0.41164657474,0.49788627028,0.32922667265,biweekly,weighted,0.0,region_01
2024-11-16,1,KP.3.1.1,0.42068381608,0.509587869045,0.335393577815,biweekly,weighted,,region_01
2024-11-23,1,KP.3.1.1,0.42972105742,0.52128946781,0.34156048298,biweekly,weighted,0.0,region_01
2024-11-30,1,KP.3.1.1,0.37917809188499996,0.462767884135,0.300304606555,biweekly,weighted,,region_01
2024-12-07,1,KP.3.1.1,0.32863512635,0.40424630046,0.25904873013,biweekly,weighted,0.0,region_01
2024-08-03,1,LB.1,0.19396953285,0.27024820447,0.13140007854,biweekly,weighted,0.0,region_01
2024-08-10,1,LB.1,0.16837960481999997,0.24718282372,0.10690876842,biweekly,weighted,,region_01
2024-08-17,1,LB.1,0.14278967679,0.22411744297,0.0824174583,biweekly,weighted,0.0,region_01
2024-08-24,1,LB.1,0.13465584814999998,0.205349057915,0.08132490515999999,biweekly,weighted,,region_01
2024-08-31,1,LB.1,0.12652201951,0.18658067286,0.08023235202,biweekly,weighted,0.0,region_01
2024-09-07,1,LB.1,0.12041438743499999,0.184153079985,0.07276412471999999,biweekly,weighted,,region_01
2024-09-14,1,LB.1,0.11430675536,0.18172548711,0.06529589742,biweekly,weighted,0.0,region_01
2024-09-21,1,LB.1,0.0993800954875,0.1599903423325,0.055952621155,biweekly,weighted,,region_01
2024-09-28,1,LB.1,0.084453435615,0.138255197555,0.04660934489,biweekly,weighted,,region_01
2024-10-05,1,LB.1,0.0695267757425,0.1165200527775,0.037266068625,biweekly,weighted,,region_01
2024-10-12,1,LB.1,0.05460011587,0.094784908,0.02792279236,biweekly,weighted,0.0,region_01
2024-12-07,1,LP.8.1,0.07815044373,0.12888714671,0.04277381673,biweekly,weighted,0.0,region_01
2023-03-04,1,XBB.1.5,0.8635122776,0.899759233,0.82011759281,weekly,weighted,0.0,region_01
2023-03-11,1,XBB.1.5,0.90534120798,0.93956565857,0.86046552658,weekly,weighted,0.0,region_01
2023-03-18,1,XBB.1.5,0.86682569981,0.91486698389,0.80493569374,weekly,weighted,0.0,region_01
2023-03-25,1,XBB.1.5,0.8441091577233334,0.9146682620033333,0.7466364900266667,weekly,weighted,,region_01
2023-04-01,1,XBB.1.5,0.8213926156366667,0.9144695401166667,0.6883372863133334,weekly,weighted,,region_01
2023-04-08,1,XBB.1.5,0.79867607355,0.91427081823,0.6300380826,weekly,weighted,0.0,region_01
2024-10-26,1,XEC,0.13507667184,0.21504978836,0.07649787515,biweekly,weighted,0.0,region_01
2024-11-02,1,XEC,0.170619145035,0.28445813805,0.08811362087499999,biweekly,weighted,,region_01
2024-11-09,1,XEC,0.20616161823,0.35386648774,0.0997293666,biweekly,weighted,0.0,region_01
2024-11-16,1,XEC,0.225263945755,0.34883527457499997,0.130676005035,biweekly,weighted,,region_01
2024-11-23,1,XEC,0.24436627328,0.34380406141,0.16162264347,biweekly,weighted,0.0,region_01
2024-11-30,1,XEC,0.278100468215,0.37510444223499995,0.19457847625,biweekly,weighted,,region_01
2024-12-07,1,XEC,0.31183466315,0.40640482306,0.22753430903,biweekly,weighted,0.0,region_01
2021-07-10,2,AY.3,0.10563221574,0.16511289775,0.06588798016,weekly,weighted,0.0,region_02
2021-07-17,2,AY.3,0.14148338139,0.49119219184,0.0273631718,weekly,weighted,0.0,region_02
2021-07-24,2,AY.3,0.15336430073,0.48946031928,0.03309417889,weekly,weighted,0.0,region_02
2021-07-31,2,AY.3,0.1743850857,0.59695065022,0.02924117073,weekly,weighted,0.0,region_02
2021-12-18,2,B.1.1.529,0.35847708583,0.45981329679,0.26564478874,weekly,weighted,0.0,region_02
2021-07-10,2,B.1.1.7,0.03029437177,0.08292679489,0.0106780231,weekly,weighted,0.0,region_02
2021-07-17,2,B.1.1.7,0.02072079666,0.1113525331,0.0035602483,weekly,weighted,0.0,region_02
2021-07-24,2,B.1.1.7,0.00793096144,0.04769195244,0.00127451902,weekly,weighted,0.0,region_02
2021-07-31,2,B.1.1.7,0.00625721179,0.02612631582,0.00147569575,weekly,weighted,0.0,region_02
2021-06-12,2,B.1.617.2,0.2684327364,0.36769652367,0.1837130338,weekly,weighted,0.0,region_02
2021-06-19,2,B.1.617.2,0.36465549469,0.45420250297,0.2815091908,weekly,weighted,0.0,region_02
2021-06-26,2,B.1.617.2,0.56365031004,0.69320392609,0.42740616202,weekly,weighted,0.0,region_02
2021-07-03,2,B.1.617.2,0.72645360231,0.81408780813,0.62378615141,weekly,weighted,0.0,region_02
2021-07-10,2,B.1.617.2,0.7590189576149999,0.85279750824,0.638433009385,weekly,weighted,0.0,region_02
2021-07-17,2,B.1.617.2,0.781814754005,0.903088986875,0.587714657185,weekly,weighted,0.0,region_02
2021-07-24,2,B.1.617.2,0.8747736215599999,0.9502835571799999,0.7198860943300001,weekly,weighted,0.0,region_02
2021-07-31,2,B.1.617.2,0.886212229725,0.96832087636,0.698992431165,weekly,weighted,0.0,region_02
2021-08-07,2,B.1.617.2,0.97800934315,0.98606753349,0.96707999706,weekly,weighted,0.0,region_02
2021-08-14,2,B.1.617.2,0.98739665747,0.99410361052,0.97652202845,weekly,weighted,0.0,region_02
2021-08-21,2,B.1.617.2,0.99020880461,0.9959936738,0.9801184535,weekly,weighted,0.0,region_02
2021-08-28,2,B.1.617.2,0.97827553749,0.99537360668,0.93855142593,weekly,weighted,0.0,region_02
2021-09-04,2,B.1.617.2,0.99033689499,0.99688214064,0.97748929262,weekly,weighted,0.0,region_02
2021-09-11,2,B.1.617.2,0.99738192558,0.99914073944,0.99393486977,weekly,weighted,0.0,region_02
2021-09-18,2,B.1.617.2,0.98914259672,0.99868124723,0.96134352684,weekly,weighted,0.0,region_02
2021-09-25,2,B.1.617.2,0.99529123306,0.99816161394,0.99014174938,weekly,weighted,0.0,region_02
2021-10-02,2,B.1.617.2,0.98813271523,0.99693435431,0.96905261278,weekly,weighted,0.0,region_02
2021-10-09,2,B.1.617.2,0.99080389738,0.99750626087,0.97654116154,weekly,weighted,0.0,region_02
2021-10-16,2,B.1.617.2,0.9946295619,0.99844133854,0.98673284054,weekly,weighted,0.0,region_02
2021-10-23,2,B.1.617.2,0.99115312099,0.99796766043,0.97555738688,weekly,weighted,0.0,region_02
2021-10-30,2,B.1.617.2,0.99280756712,0.99866598845,0.97813624144,weekly,weighted,0.0,region_02
2021-11-06,2,B.1.617.2,0.98524868488,0.99611538649,0.96196609735,weekly,weighted,0.0,region_02
2021-11-13,2,B.1.617.2,0.98458945751,0.99565452337,0.96160781384,weekly,weighted,0.0,region_02
2021-11-20,2,B.1.617.2,0.97906118631,0.994756639,0.94493514299,weekly,weighted,0.0,region_02
2021-11-27,2,B.1.617.2,0.98304075003,0.99570304155,0.95552015305,weekly,weighted,0.0,region_02
2021-12-04,2,B.1.617.2,0.9754639864,0.98898684978,0.95322483778,weekly,weighted,0.0,region_02
2021-12-11,2,B.1.617.2,0.79340851307,0.91299629211,0.61915642023,weekly,weighted,0.0,region_02
2021-12-18,2,B.1.617.2,0.4390347898,0.56378936768,0.31968352199,weekly,weighted,0.0,region_02
2021-07-10,2,B.1.621,0.04374492913,0.09868741781,0.0187542364,weekly,weighted,0.0,region_02
2021-07-17,2,B.1.621,0.03483192623,0.05426614732,0.02219430543,weekly,weighted,0.0,region_02
2021-07-24,2,B.1.621,0.01131244004,0.05275185034,0.00234531262,weekly,weighted,0.0,region_02
2021-07-10,2,B.1.621.1,0.02124901488,0.04623864591,0.00962866005,weekly,weighted,0.0,region_02
2021-12-11,2,BA.1.1,0.03493665159,0.05391130224,0.02122061513,weekly,weighted,0.0,region_02
2021-12-18,2,BA.1.1,0.19238317013,0.28297910094,0.12063301355,weekly,weighted,0.0,region_02
2022-06-04,2,BA.2,0.19008149207,0.2760771513,0.12148388475,weekly,weighted,0.0,region_02
2022-06-11,2,BA.2,0.15819984674,0.19479362667,0.1260702312,weekly,weighted,0.0,region_02
2022-06-18,2,BA.2,0.11581144482,0.17139261961,0.07324065268,weekly,weighted,0.0,region_02
2022-06-25,2,BA.2,0.07639165223,0.10827351362,0.05150768533,weekly,weighted,0.0,region_02
2022-07-02,2,BA.2,0.04544616491,0.07688759267,0.0242206417,weekly,weighted,0.0,region_02
2022-07-09,2,BA.2,0.02456073649,0.03326458111,0.01762304641,weekly,weighted,0.0,region_02
2022-07-16,2,BA.2,0.01734344102,0.02411030419,0.01206544135,weekly,weighted,0.0,region_02
2022-07-23,2,BA.2,0.013085409995,0.019256217405,0.008534272435,weekly,weighted,,region_02
2022-07-30,2,BA.2,0.00882737897,0.01440213062,0.00500310352,weekly,weighted,0.0,region_02
2022-08-06,2,BA.2,0.00650415756,0.01057665795,0.00370510039,weekly,weighted,0.0,region_02
2022-06-04,2,BA.2.12.1,0.67145431042,0.72807621956,0.61089074612,weekly,weighted,0.0,region_02
2022-06-11,2,BA.2.12.1,0.61825478077,0.64823520184,0.58758723736,weekly,weighted,0.0,region_02
2022-06-18,2,BA.2.12.1,0.47245785594,0.50283813477,0.44222903252,weekly,weighted,0.0,region_02
2022-06-25,2,BA.2.12.1,0.37059354782,0.45033317804,0.29573574662,weekly,weighted,0.0,region_02
2022-07-02,2,BA.2.12.1,0.23375312984,0.25590184331,0.2126417309,weekly,weighted,0.0,region_02
2022-07-09,2,BA.2.12.1,0.13462398946,0.16086052358,0.11124122143,weekly,weighted,0.0,region_02
2022-07-16,2,BA.2.12.1,0.09064039588,0.12632960081,0.06232828274,weekly,weighted,0.0,region_02
2022-07-23,2,BA.2.12.1,0.04678269476,0.05509072542,0.03940122202,weekly,weighted,0.0,region_02
2022-07-30,2,BA.2.12.1,0.02917190269,0.037906304,0.02198017947,weekly,weighted,0.0,region_02
2022-08-06,2,BA.2.12.1,0.01729451679,0.02347547561,0.01238405798,weekly,weighted,0.0,region_02
2022-08-13,2,BA.2.12.1,0.00908386987,0.01600503363,0.00462174742,weekly,weighted,0.0,region_02
2022-09-03,2,BA.2.75,0.0147673469,0.0249338951,0.00796901248,weekly,weighted,0.0,region_02
2022-09-10,2,BA.2.75,0.01325244457,0.01976456307,0.00844875257,weekly,weighted,0.0,region_02
2022-09-17,2,BA.2.75,0.012061539575,0.017888929695,0.00774569786,weekly,weighted,,region_02
2022-09-24,2,BA.2.75,0.01087063458,0.01601329632,0.00704264315,weekly,weighted,0.0,region_02
2022-10-01,2,BA.2.75,0.017060162035,0.025708495640000002,0.010723343355,weekly,weighted,,region_02
2022-10-08,2,BA.2.75,0.02324968949,0.03540369496,0.01440404356,weekly,weighted,0.0,region_02
2022-10-15,2,BA.2.75,0.01461445633,0.0258262828,0.00738889771,weekly,weighted,0.0,region_02
2022-10-22,2,BA.2.75,0.01614451470333333,0.02771670868,0.008518626296666667,weekly,weighted,,region_02
2022-10-29,2,BA.2.75,0.017674573076666665,0.02960713456,0.009648354883333333,weekly,weighted,,region_02
2022-11-05,2,BA.2.75,0.01920463145,0.03149756044,0.01077808347,weekly,weighted,0.0,region_02
2022-09-17,2,BA.2.75.2,0.01277452707,0.02191171795,0.00674592983,weekly,weighted,0.0,region_02
2022-09-24,2,BA.2.75.2,0.011223549954999999,0.018938725815,0.00607016776,weekly,weighted,,region_02
2022-10-01,2,BA.2.75.2,0.00967257284,0.01596573368,0.00539440569,weekly,weighted,0.0,region_02
2022-10-08,2,BA.2.75.2,0.013592234815,0.022719858215,0.0074395681749999994,weekly,weighted,,region_02
2022-10-15,2,BA.2.75.2,0.01751189679,0.02947398275,0.00948473066,weekly,weighted,0.0,region_02
2023-11-11,2,BA.2.86,0.02077056281,0.03244138509,0.01245037839,biweekly,weighted,0.0,region_02
2023-11-18,2,BA.2.86,0.021099117117500003,0.0319805182525,0.013168043225,biweekly,weighted,,region_02
2023-11-25,2,BA.2.86,0.021427671425000003,0.031519651415,0.01388570806,biweekly,weighted,0.0,region_02
2023-12-02,2,BA.2.86,0.0224980241625,0.031556013972500005,0.015504493145,biweekly,weighted,,region_02
2023-12-09,2,BA.2.86,0.0235683769,0.03159237653,0.01712327823,biweekly,weighted,0.0,region_02
2023-12-16,2,BA.2.86,0.0228712260725,0.030629058835,0.0166363529875,biweekly,weighted,,region_02
2023-12-23,2,BA.2.86,0.022174075245,0.02966574114,0.016149427745,biweekly,weighted,0.0,region_02
2023-12-30,2,BA.2.86,0.01921428088,0.02547841659,0.0141462418275,biweekly,weighted,,region_02
2024-01-06,2,BA.2.86,0.016254486515,0.02129109204,0.012143055909999999,biweekly,weighted,0.0,region_02
2024-01-13,2,BA.2.86,0.015079773729999999,0.0225733649,0.009740637614999999,biweekly,weighted,,region_02
2024-01-20,2,BA.2.86,0.013905060944999999,0.02385563776,0.0073382193200000004,biweekly,weighted,0.0,region_02
2022-06-04,2,BA.4,0.06065438688,0.1068687886,0.03025607206,weekly,weighted,0.0,region_02
2022-06-11,2,BA.4,0.07359256595,0.08613534272,0.06235993281,weekly,weighted,0.0,region_02
2022-06-18,2,BA.4,0.11627207696,0.13141895831,0.10230268538,weekly,weighted,0.0,region_02
2022-06-25,2,BA.4,0.11305841058,0.1299944669,0.09762344509,weekly,weighted,0.0,region_02
2022-07-02,2,BA.4,0.14218808711,0.18569681048,0.1055687964,weekly,weighted,0.0,region_02
2022-07-09,2,BA.4,0.13662996888,0.2025013417,0.08585319668,weekly,weighted,0.0,region_02
2022-07-16,2,BA.4,0.11276362836,0.12725944817,0.09938642383,weekly,weighted,0.0,region_02
2022-07-23,2,BA.4,0.08385821432,0.09451850504,0.0740429759,weekly,weighted,0.0,region_02
2022-07-30,2,BA.4,0.07214595377,0.0838451013,0.06161791831,weekly,weighted,0.0,region_02
2022-08-06,2,BA.4,0.06098118424,0.07281278074,0.05055404082,weekly,weighted,0.0,region_02
2022-08-13,2,BA.4,0.06068279222,0.07743766904,0.04661350697,weekly,weighted,0.0,region_02
2022-08-20,2,BA.4,0.03533190116,0.04485046491,0.02734626271,weekly,weighted,0.0,region_02
2022-08-27,2,BA.4,0.02925450169,0.04096157476,0.02014742605,weekly,weighted,0.0,region_02
2022-09-03,2,BA.4,0.03023112006,0.03911313415,0.02289241739,weekly,weighted,0.0,region_02
2022-09-10,2,BA.4,0.02358801849,0.03323977068,0.01612711512,weekly,weighted,0.0,region_02
2022-09-17,2,BA.4,0.02017180808,0.03420120478,0.0108039584,weekly,weighted,0.0,region_02
2022-09-24,2,BA.4,0.00944332965,0.01430740952,0.00590336183,weekly,weighted,0.0,region_02
2022-10-01,2,BA.4,0.01160745136,0.01834861375,0.00686059706,weekly,weighted,0.0,region_02
2022-06-18,2,BA.4.6,0.0078275539,0.01371014677,0.00401840964,weekly,weighted,0.0,region_02
2022-06-25,2,BA.4.6,0.01625049487,0.02488568798,0.01000653207,weekly,weighted,0.0,region_02
2022-07-02,2,BA.4.6,0.02358781174,0.03648679331,0.0143137835,weekly,weighted,0.0,region_02
2022-07-09,2,BA.4.6,0.03347658366,0.04638529569,0.02334371954,weekly,weighted,0.0,region_02
2022-07-16,2,BA.4.6,0.04353029653,0.05705739185,0.03243268654,weekly,weighted,0.0,region_02
2022-07-23,2,BA.4.6,0.05417622253,0.06399840862,0.04546090215,weekly,weighted,0.0,region_02
2022-07-30,2,BA.4.6,0.07233995944,0.08527102321,0.06081967428,weekly,weighted,0.0,region_02
2022-08-06,2,BA.4.6,0.06364022195,0.07410039753,0.05424998701,weekly,weighted,0.0,region_02
2022-08-13,2,BA.4.6,0.08842781186,0.10934394598,0.07036740333,weekly,weighted,0.0,region_02
2022-08-20,2,BA.4.6,0.09697256237,0.1196340546,0.07734249532,weekly,weighted,0.0,region_02
2022-08-27,2,BA.4.6,0.10114488751,0.12778204679,0.07843128592,weekly,weighted,0.0,region_02
2022-09-03,2,BA.4.6,0.11937840283,0.13507464528,0.10490746796,weekly,weighted,0.0,region_02
2022-09-10,2,BA.4.6,0.13482502103,0.15167464316,0.1192035377,weekly,weighted,0.0,region_02
2022-09-17,2,BA.4.6,0.13681727648,0.15234436095,0.12232263386,weekly,weighted,0.0,region_02
2022-09-24,2,BA.4.6,0.14634564519,0.16147835553,0.13212245703,weekly,weighted,0.0,region_02
2022-10-01,2,BA.4.6,0.11892641336,0.14245705307,0.09804617614,weekly,weighted,0.0,region_02
2022-10-08,2,BA.4.6,0.11940164864,0.14249357581,0.09885754436,weekly,weighted,0.0,region_02
2022-10-15,2,BA.4.6,0.08739209175,0.10958819091,0.06841881573,weekly,weighted,0.0,region_02
2022-10-22,2,BA.4.6,0.08144032955,0.13583761454,0.04378755018,weekly,weighted,0.0,region_02
2022-10-29,2,BA.4.6,0.05697995797,0.08114182949,0.03828892484,weekly,weighted,0.0,region_02
2022-11-05,2,BA.4.6,0.04617456719,0.06336298585,0.0325412266,weekly,weighted,0.0,region_02
2022-11-12,2,BA.4.6,0.033841450695,0.048756416885,0.022575661075,weekly,weighted,,region_02
2022-11-19,2,BA.4.6,0.0215083342,0.03414984792,0.01261009555,weekly,weighted,0.0,region_02
2022-11-26,2,BA.4.6,0.02019315399,0.03217320796,0.011787163560000001,weekly,weighted,,region_02
2022-12-03,2,BA.4.6,0.01887797378,0.030196568,0.01096423157,weekly,weighted,0.0,region_02
2022-06-04,2,BA.5,0.07418641448,0.10693627596,0.04895691201,weekly,weighted,0.0,region_02
2022-06-11,2,BA.5,0.14049248397,0.16929358244,0.11493889987,weekly,weighted,0.0,region_02
2022-06-18,2,BA.5,0.28639662266,0.36427086592,0.21685510874,weekly,weighted,0.0,region_02
2022-06-25,2,BA.5,0.42233222723,0.52686208487,0.32267469168,weekly,weighted,0.0,region_02
2022-07-02,2,BA.5,0.55382710695,0.60169810057,0.50520312786,weekly,weighted,0.0,region_02
2022-07-09,2,BA.5,0.66892206669,0.7283591032,0.60521656275,weekly,weighted,0.0,region_02
2022-07-16,2,BA.5,0.73210781813,0.76336550713,0.69902944565,weekly,weighted,0.0,region_02
2022-07-23,2,BA.5,0.79899054766,0.81340938807,0.78396862745,weekly,weighted,0.0,region_02
2022-07-30,2,BA.5,0.80980694294,0.83308935165,0.78477978706,weekly,weighted,0.0,region_02
2022-08-06,2,BA.5,0.84346914291,0.85771584511,0.82838761806,weekly,weighted,0.0,region_02
2022-08-13,2,BA.5,0.82807338238,0.84682607651,0.80802941322,weekly,weighted,0.0,region_02
2022-08-20,2,BA.5,0.8397616148,0.86780083179,0.80843430758,weekly,weighted,0.0,region_02
2022-08-27,2,BA.5,0.83827251196,0.86687815189,0.80628240108,weekly,weighted,0.0,region_02
2022-09-03,2,BA.5,0.80646717548,0.8242905736,0.78766131401,weekly,weighted,0.0,region_02
2022-09-10,2,BA.5,0.77302145958,0.79240697622,0.75272148848,weekly,weighted,0.0,region_02
2022-09-17,2,BA.5,0.76520162821,0.79625588655,0.73187673092,weekly,weighted,0.0,region_02
2022-09-24,2,BA.5,0.74572312832,0.76343756914,0.72737896442,weekly,weighted,0.0,region_02
2022-10-01,2,BA.5,0.729157269,0.76551967859,0.69036340714,weekly,weighted,0.0,region_02
2022-10-08,2,BA.5,0.64998888969,0.6911406517,0.60710841417,weekly,weighted,0.0,region_02
2022-10-15,2,BA.5,0.62955415249,0.67235726118,0.58518350124,weekly,weighted,0.0,region_02
2022-10-22,2,BA.5,0.57412552834,0.71231836081,0.42690452933,weekly,weighted,0.0,region_02
2022-10-29,2,BA.5,0.42881238461,0.57130897045,0.29446223378,weekly,weighted,0.0,region_02
2022-11-05,2,BA.5,0.33329483867,0.41241255403,0.26054009795,weekly,weighted,0.0,region_02
2022-11-12,2,BA.5,0.27377322316,0.3715749979,0.18969801068,weekly,weighted,0.0,region_02
2022-11-19,2,BA.5,0.22153402865,0.26707661152,0.18046158552,weekly,weighted,0.0,region_02
2022-11-26,2,BA.5,0.18108217418,0.26511991024,0.11463543028,weekly,weighted,0.0,region_02
2022-12-03,2,BA.5,0.13130186498,0.15539252758,0.1097073257,weekly,weighted,0.0,region_02
2022-12-10,2,BA.5,0.09220638126,0.12293771654,0.06702934206,weekly,weighted,0.0,region_02
2022-12-17,2,BA.5,0.07745150477,0.11389986426,0.04975824803,weekly,weighted,0.0,region_02
2022-12-24,2,BA.5,0.06907034665,0.08992844075,0.05178007111,weekly,weighted,0.0,region_02
2022-12-31,2,BA.5,0.054908375563333334,0.0747465007,0.039361719973333334,weekly,weighted,,region_02
2023-01-07,2,BA.5,0.040746404476666664,0.05956456065,0.026943368836666665,weekly,weighted,,region_02
2023-01-14,2,BA.5,0.02658443339,0.0443826206,0.0145250177,weekly,weighted,0.0,region_02
2023-01-21,2,BA.5,0.01582464762,0.02603133954,0.00885268021,weekly,weighted,0.0,region_02
2022-11-05,2,BA.5.2.6,0.02300313488,0.03614765033,0.01367065217,weekly,weighted,0.0,region_02
2022-09-10,2,BF.11,0.00631943438,0.01124426443,0.00317294267,weekly,weighted,0.0,region_02
2022-09-17,2,BF.11,0.00542726275,0.00923635624,0.00290453224,weekly,weighted,0.0,region_02
2022-08-27,2,BF.7,0.00772503484,0.01296032779,0.00421466958,weekly,weighted,0.0,region_02
2022-09-03,2,BF.7,0.01116913185,0.01709935069,0.00688650878,weekly,weighted,0.0,region_02
2022-09-10,2,BF.7,0.02263704129,0.03910332546,0.01179588493,weekly,weighted,0.0,region_02
2022-09-17,2,BF.7,0.02417573892,0.03110472672,0.01843312941,weekly,weighted,0.0,region_02
2022-09-24,2,BF.7,0.02883674949,0.03653293103,0.02237793617,weekly,weighted,0.0,region_02
2022-10-01,2,BF.7,0.03893237934,0.05234518275,0.02814724855,weekly,weighted,0.0,region_02
2022-10-08,2,BF.7,0.04203056544,0.06194538623,0.02708374336,weekly,weighted,0.0,region_02
2022-10-15,2,BF.7,0.05146097019,0.08475080132,0.0284571927,weekly,weighted,0.0,region_02
2022-10-22,2,BF.7,0.03701252863,0.06046415493,0.02078785934,weekly,weighted,0.0,region_02
2022-10-29,2,BF.7,0.04832179099,0.08592258394,0.02389181964,weekly,weighted,0.0,region_02
2022-11-05,2,BF.7,0.05677073449,0.07541197538,0.04158490896,weekly,weighted,0.0,region_02
2022-11-12,2,BF.7,0.05122958124,0.07168015093,0.03522376716,weekly,weighted,0.0,region_02
2022-11-19,2,BN.1,0.02239796519,0.03523262218,0.01329454035,weekly,weighted,0.0,region_02
2022-11-26,2,BN.1,0.022966539486666666,0.036317978056666665,0.01353474241,weekly,weighted,,region_02
2022-12-03,2,BN.1,0.023535113783333336,0.03740333393333333,0.01377494447,weekly,weighted,,region_02
2022-12-10,2,BN.1,0.02410368808,0.03848868981,0.01401514653,weekly,weighted,0.0,region_02
2022-09-17,2,BQ.1,0.01106846891,0.01728806458,0.00664769066,weekly,weighted,0.0,region_02
2022-09-24,2,BQ.1,0.02616809309,0.0335544236,0.02002847195,weekly,weighted,0.0,region_02
2022-10-01,2,BQ.1,0.04290639237,0.07290735841,0.02274201252,weekly,weighted,0.0,region_02
2022-10-08,2,BQ.1,0.07405130565,0.11533817649,0.04403345287,weekly,weighted,0.0,region_02
2022-10-15,2,BQ.1,0.09339305758,0.13705608249,0.05999873579,weekly,weighted,0.0,region_02
2022-10-22,2,BQ.1,0.13008853793,0.21339981258,0.07049355656,weekly,weighted,0.0,region_02
2022-10-29,2,BQ.1,0.22342051566,0.31734955311,0.14639385045,weekly,weighted,0.0,region_02
2022-11-05,2,BQ.1,0.22390277684,0.27429676056,0.1788417846,weekly,weighted,0.0,region_02
2022-11-12,2,BQ.1,0.28326618671,0.3983541131,0.18573017418,weekly,weighted,0.0,region_02
2022-11-19,2,BQ.1,0.3304900825,0.36435604095,0.29788404703,weekly,weighted,0.0,region_02
2022-11-26,2,BQ.1,0.28023687005,0.36880153418,0.20266957581,weekly,weighted,0.0,region_02
2022-12-03,2,BQ.1,0.25072571635,0.282487005,0.22083854675,weekly,weighted,0.0,region_02
2022-12-10,2,BQ.1,0.25737887621,0.31996271014,0.20136123896,weekly,weighted,0.0,region_02
2022-12-17,2,BQ.1,0.18297806382,0.27144014835,0.11357738823,weekly,weighted,0.0,region_02
2022-12-24,2,BQ.1,0.14376033843,0.22612434626,0.08268577605,weekly,weighted,0.0,region_02
2022-12-31,2,BQ.1,0.12944111228,0.20170460641,0.0758183524,weekly,weighted,0.0,region_02
2023-01-07,2,BQ.1,0.08879299462,0.12282820046,0.06166012585,weekly,weighted,0.0,region_02
2023-01-14,2,BQ.1,0.07546792924,0.09015018493,0.06250482053,weekly,weighted,0.0,region_02
2023-01-21,2,BQ.1,0.04884962738,0.07201825827,0.03143045306,weekly,weighted,0.0,region_02
2023-01-28,2,BQ.1,0.03676312044,0.05246173218,0.02470398135,weekly,weighted,0.0,region_02
2023-02-04,2,BQ.1,0.03337261826,0.04463034123,0.02429484576,weekly,weighted,0.0,region_02
2022-09-24,2,BQ.1.1,0.00974372774,0.01711606979,0.00497790938,weekly,weighted,0.0,region_02
2022-10-01,2,BQ.1.1,0.025677038355,0.03698971495,0.017232721435,weekly,weighted,,region_02
2022-10-08,2,BQ.1.1,0.04161034897,0.05686336011,0.02948753349,weekly,weighted,0.0,region_02
2022-10-15,2,BQ.1.1,0.06013518572,0.08721543103,0.03945355862,weekly,weighted,0.0,region_02
2022-10-22,2,BQ.1.1,0.09934341162499999,0.15920127555500002,0.05615010485000001,weekly,weighted,,region_02
2022-10-29,2,BQ.1.1,0.13855163753,0.23118712008,0.07284665108,weekly,weighted,0.0,region_02
2022-11-05,2,BQ.1.1,0.20430466533,0.24774029851,0.16541571915,weekly,weighted,0.0,region_02
2022-11-12,2,BQ.1.1,0.23496824503,0.30073186755,0.17742444575,weekly,weighted,0.0,region_02
2022-11-19,2,BQ.1.1,0.23198354244,0.28193730116,0.18702562153,weekly,weighted,0.0,region_02
2022-11-26,2,BQ.1.1,0.25296151638,0.3158967495,0.19683781266,weekly,weighted,0.0,region_02
2022-12-03,2,BQ.1.1,0.29300519824,0.37960138917,0.21618244052,weekly,weighted,0.0,region_02
2022-12-10,2,BQ.1.1,0.3055767417,0.36527165771,0.25034791231,weekly,weighted,0.0,region_02
2022-12-17,2,BQ.1.1,0.3058488369,0.39000999928,0.23024851084,weekly,weighted,0.0,region_02
2022-12-24,2,BQ.1.1,0.26784604788,0.35301616788,0.19366708398,weekly,weighted,0.0,region_02
2022-12-31,2,BQ.1.1,0.20756021142,0.27357757092,0.15126526356,weekly,weighted,0.0,region_02
2023-01-07,2,BQ.1.1,0.16345714033,0.20498123765,0.12737998366,weekly,weighted,0.0,region_02
2023-01-14,2,BQ.1.1,0.15896864235,0.20724451542,0.11810789257,weekly,weighted,0.0,region_02
2023-01-21,2,BQ.1.1,0.10735161602,0.13202778995,0.08588876575,weekly,weighted,0.0,region_02
2023-01-28,2,BQ.1.1,0.07852365822,0.12833584845,0.04354633018,weekly,weighted,0.0,region_02
2023-02-04,2,BQ.1.1,0.07187014818,0.10624895245,0.04589633644,weekly,weighted,0.0,region_02
2023-02-11,2,BQ.1.1,0.06473471224,0.09935241193,0.03936446831,weekly,weighted,0.0,region_02
2023-02-18,2,BQ.1.1,0.05603922158,0.08416748047,0.03514254838,weekly,weighted,0.0,region_02
2023-10-28,2,EG.5,0.18662178516,0.21789392829,0.1580850333,biweekly,weighted,0.0,region_02
2023-11-04,2,EG.5,0.16434022039,0.19330962747500002,0.13812655210500002,biweekly,weighted,,region_02
2023-11-11,2,EG.5,0.14205865562,0.16872532666,0.11816807091,biweekly,weighted,0.0,region_02
2023-11-18,2,EG.5,0.13214009814,0.157610818745,0.1094230413425,biweekly,weighted,,region_02
2023-11-25,2,EG.5,0.12222154066,0.14649631082999998,0.100678011775,biweekly,weighted,0.0,region_02
2023-12-02,2,EG.5,0.10281328484499999,0.127717988565,0.0814489806075,biweekly,weighted,,region_02
2023-12-09,2,EG.5,0.08340502903,0.1089396663,0.062219949440000005,biweekly,weighted,0.0,region_02
2023-12-16,2,EG.5,0.057828132064999996,0.07847562432249999,0.04138318589,biweekly,weighted,,region_02
2023-12-23,2,EG.5,0.0322512351,0.048011582345,0.02054642234,biweekly,weighted,0.0,region_02
2023-12-30,2,EG.5,0.0238418963275,0.034570983145,0.015742167365,biweekly,weighted,,region_02
2024-01-06,2,EG.5,0.015432557555,0.021130383944999998,0.01093791239,biweekly,weighted,0.0,region_02
2023-12-09,2,EG.5.1.8,0.01521770563,0.02385831904,0.009086621925,biweekly,weighted,0.0,region_02
2023-10-28,2,FL.1.5.1,0.13544112444,0.18056936562,0.09804828465,biweekly,weighted,0.0,region_02
2023-11-04,2,FL.1.5.1,0.110223975035,0.14230784401500002,0.08325325324999999,biweekly,weighted,,region_02
2023-11-11,2,FL.1.5.1,0.08500682563,0.10404632241,0.06845822185,biweekly,weighted,0.0,region_02
2023-11-18,2,FL.1.5.1,0.0675915749775,0.0854368396125,0.0525581846,biweekly,weighted,,region_02
2023-11-25,2,FL.1.5.1,0.050176324325,0.06682735681499999,0.03665814735,biweekly,weighted,0.0,region_02
2023-12-02,2,FL.1.5.1,0.0411937180925,0.05779479630249999,0.028367915190000002,biweekly,weighted,,region_02
2023-12-09,2,FL.1.5.1,0.03221111186,0.04876223579,0.02007768303,biweekly,weighted,0.0,region_02
2023-12-16,2,FL.1.5.1,0.0204242034825,0.0312691261075,0.012562740945000001,biweekly,weighted,,region_02
2023-12-23,2,FL.1.5.1,0.008637295105,0.013776016425,0.005047798859999999,biweekly,weighted,0.0,region_02
2023-12-30,2,FL.1.5.1,0.0070200681225,0.011541584972500001,0.0039451244525,biweekly,weighted,,region_02
2024-01-06,2,FL.1.5.1,0.00540284114,0.00930715352,0.002842450045,biweekly,weighted,0.0,region_02
2023-10-28,2,GK.1.1,0.01373946108,0.02316521294,0.00743149128,biweekly,weighted,0.0,region_02
2023-11-04,2,GK.1.1,0.01274571428,0.02158459276,0.00685353414,biweekly,weighted,,region_02
2023-11-11,2,GK.1.1,0.01175196748,0.02000397258,0.006275577,biweekly,weighted,0.0,region_02
2023-11-18,2,GK.1.1,0.0131932387575,0.0216767019625,0.0074063704800000005,biweekly,weighted,,region_02
2023-11-25,2,GK.1.1,0.014634510035,0.023349431344999998,0.00853716396,biweekly,weighted,0.0,region_02
2023-12-02,2,GK.1.1,0.01147479494,0.018486189425,0.0066119064575,biweekly,weighted,,region_02
2023-12-09,2,GK.1.1,0.008315079845,0.013622947505,0.004686648955,biweekly,weighted,0.0,region_02
2023-10-28,2,GK.2,0.01118095219,0.01993350312,0.0055878018,biweekly,weighted,0.0,region_02
2023-11-11,2,HK.3,0.07796125114,0.09534572065,0.06286087632,biweekly,weighted,0.0,region_02
2023-11-18,2,HK.3,0.06933808885500001,0.0857030209175,0.05525758583,biweekly,weighted,,region_02
2023-11-25,2,HK.3,0.06071492657,0.076060321185,0.04765429534,biweekly,weighted,0.0,region_02
2023-12-02,2,HK.3,0.053720059805,0.06673358381,0.0425899978725,biweekly,weighted,,region_02
2023-12-09,2,HK.3,0.04672519304,0.057406846435,0.037525700405,biweekly,weighted,0.0,region_02
2023-12-16,2,HK.3,0.0378207787875,0.04734599311,0.029755703172500002,biweekly,weighted,,region_02
2023-12-23,2,HK.3,0.028916364535000003,0.037285139785000004,0.02198570594,biweekly,weighted,0.0,region_02
2023-12-30,2,HK.3,0.02026823745,0.0273778042775,0.0146597550475,biweekly,weighted,,region_02
2024-01-06,2,HK.3,0.011620110365,0.01747046877,0.007333804155,biweekly,weighted,0.0,region_02
2023-10-28,2,HV.1,0.25530004501,0.28606006503,0.2262519598,biweekly,weighted,0.0,region_02
2023-11-04,2,HV.1,0.28662960231,0.316173553465,0.25842680037,biweekly,weighted,,region_02
2023-11-11,2,HV.1,0.31795915961,0.3462870419,0.29060164094,biweekly,weighted,0.0,region_02
2023-11-18,2,HV.1,0.32830723375,0.3616833314275,0.29617611318750003,biweekly,weighted,,region_02
2023-11-25,2,HV.1,0.33865530789,0.377079620955,0.301750585435,biweekly,weighted,0.0,region_02
2023-12-02,2,HV.1,0.30338426679249997,0.34901102632250003,0.2607507556675,biweekly,weighted,,region_02
2023-12-09,2,HV.1,0.26811322569499996,0.32094243169000003,0.2197509259,biweekly,weighted,0.0,region_02
2023-12-16,2,HV.1,0.21895059570499997,0.2636757269525,0.1785223595825,biweekly,weighted,,region_02
2023-12-23,2,HV.1,0.169787965715,0.20640902221500002,0.137293793265,biweekly,weighted,0.0,region_02
2023-12-30,2,HV.1,0.1237667817625,0.1597156673675,0.09400224686,biweekly,weighted,,region_02
2024-01-06,2,HV.1,0.07774559781,0.11302231252,0.050710700455,biweekly,weighted,0.0,region_02
2024-01-13,2,HV.1,0.057376342824999996,0.0837490046375,0.03730679676,biweekly,weighted,,region_02
2024-01-20,2,HV.1,0.03700708784,0.054475696755,0.023902893065,biweekly,weighted,0.0,region_02
2024-01-27,2,HV.1,0.02279900317,0.034159693865,0.0144273685275,biweekly,weighted,,region_02
2024-02-03,2,HV.1,0.0085909185,0.013843690975,0.0049518439899999996,biweekly,weighted,0.0,region_02
2023-10-28,2,JD.1.1,0.03886814043,0.05293401703,0.02766707167,biweekly,weighted,0.0,region_02
2023-11-04,2,JD.1.1,0.043077496810000004,0.05721224658,0.031611483545,biweekly,weighted,,region_02
2023-11-11,2,JD.1.1,0.04728685319,0.06149047613,0.03555589542,biweekly,weighted,0.0,region_02
2023-11-18,2,JD.1.1,0.054037186315,0.0691473968325,0.041397864,biweekly,weighted,,region_02
2023-11-25,2,JD.1.1,0.06078751944,0.076804317535,0.04723983258,biweekly,weighted,0.0,region_02
2023-12-02,2,JD.1.1,0.0637484258025,0.0808038245875,0.0493474937975,biweekly,weighted,,region_02
2023-12-09,2,JD.1.1,0.066709332165,0.08480333164000001,0.051455155015000004,biweekly,weighted,0.0,region_02
2023-12-16,2,JD.1.1,0.05709719937,0.079499157145,0.0398706328125,biweekly,weighted,,region_02
2023-12-23,2,JD.1.1,0.047485066575,0.07419498265,0.028286110609999998,biweekly,weighted,0.0,region_02
2023-12-30,2,JD.1.1,0.033535977357499996,0.05174774444000001,0.020356027409999998,biweekly,weighted,,region_02
2024-01-06,2,JD.1.1,0.01958688814,0.029300506230000002,0.012425944210000001,biweekly,weighted,0.0,region_02
2023-10-28,2,JF.1,0.03013065644,0.04971144721,0.0167215392,biweekly,weighted,0.0,region_02
2023-11-04,2,JF.1,0.027816056975,0.04504449828625,0.0158754652375,biweekly,weighted,,region_02
2023-11-11,2,JF.1,0.02550145751,0.0403775493625,0.015029391275,biweekly,weighted,,region_02
2023-11-18,2,JF.1,0.023186858045,0.035710600438750004,0.014183317312499999,biweekly,weighted,,region_02
2023-11-25,2,JF.1,0.02087225858,0.031043651515,0.01333724335,biweekly,weighted,0.0,region_02
2023-12-02,2,JF.1,0.0191490370775,0.02778030187,0.0126415332775,biweekly,weighted,,region_02
2023-12-09,2,JF.1,0.017425815575,0.024516952225,0.011945823205,biweekly,weighted,0.0,region_02
2023-12-16,2,JF.1,0.011930000617499999,0.01777698635,0.0076750260175,biweekly,weighted,,region_02
2023-12-23,2,JF.1,0.006434185659999999,0.011037020475,0.0034042288299999997,biweekly,weighted,0.0,region_02
2023-10-28,2,JG.3,0.01898747124,0.0296199359,0.0114043504,biweekly,weighted,0.0,region_02
2023-11-04,2,JG.3,0.025209371935000002,0.036549251525,0.01668577362,biweekly,weighted,,region_02
2023-11-11,2,JG.3,0.03143127263,0.04347856715,0.02196719684,biweekly,weighted,0.0,region_02
2023-11-18,2,JG.3,0.04193059914,0.06557865068,0.0251601682975,biweekly,weighted,,region_02
2023-11-25,2,JG.3,0.05242992565,0.08767873421,0.028353139755,biweekly,weighted,0.0,region_02
2023-12-02,2,JG.3,0.0442617032675,0.073851590045,0.024063435847500002,biweekly,weighted,,region_02
2023-12-09,2,JG.3,0.036093480885,0.06002444588,0.01977373194,biweekly,weighted,0.0,region_02
2023-12-16,2,JG.3,0.038311438635,0.0595764117325,0.023120419587500003,biweekly,weighted,,region_02
2023-12-23,2,JG.3,0.040529396385,0.059128377585,0.026467107235000002,biweekly,weighted,0.0,region_02
2023-12-30,2,JG.3,0.0302555100075,0.0440357848975,0.019836740335000002,biweekly,weighted,,region_02
2024-01-06,2,JG.3,0.01998162363,0.02894319221,0.013206373435,biweekly,weighted,0.0,region_02
2024-01-13,2,JG.3,0.0146984460325,0.02151518967,0.00959387899,biweekly,weighted,,region_02
2024-01-20,2,JG.3,0.009415268435,0.01408718713,0.005981384545,biweekly,weighted,0.0,region_02
2023-10-28,2,JN.1,0.0194204282,0.03014431894,0.01174089592,biweekly,weighted,0.0,region_02
2023-11-04,2,JN.1,0.035731387325,0.05597723275500001,0.021226852664999997,biweekly,weighted,,region_02
2023-11-11,2,JN.1,0.05204234645,0.08181014657,0.03071280941,biweekly,weighted,0.0,region_02
2023-11-18,2,JN.1,0.088751720265,0.12742361798750002,0.0588833484775,biweekly,weighted,,region_02
2023-11-25,2,JN.1,0.12546109408,0.173037089405,0.087053887545,biweekly,weighted,0.0,region_02
2023-12-02,2,JN.1,0.2104444466525,0.26280465349500004,0.1648599617175,biweekly,weighted,,region_02
2023-12-09,2,JN.1,0.295427799225,0.352572217585,0.24266603589000002,biweekly,weighted,0.0,region_02
2023-12-16,2,JN.1,0.43186603486499997,0.5043437257425001,0.35994053632,biweekly,weighted,,region_02
2023-12-23,2,JN.1,0.568304270505,0.6561152339,0.47721503675,biweekly,weighted,0.0,region_02
2023-12-30,2,JN.1,0.6617221236224999,0.7433548569675,0.57164578885,biweekly,weighted,,region_02
2024-01-06,2,JN.1,0.75513997674,0.830594480035,0.66607654095,biweekly,weighted,0.0,region_02
2024-01-13,2,JN.1,0.7820892781025,0.8423799127325,0.7115283459425,biweekly,weighted,,region_02
2024-01-20,2,JN.1,0.809038579465,0.85416534543,0.756980150935,biweekly,weighted,0.0,region_02
2024-01-27,2,JN.1,0.80278500169625,0.8452665880325,0.7542925775025,biweekly,weighted,,region_02
2024-02-03,2,JN.1,0.7965314239275001,0.836367830635,0.75160500407,biweekly,weighted,,region_02
2024-02-10,2,JN.1,0.7902778461587501,0.8274690732375,0.7489174306375,biweekly,weighted,,region_02
2024-02-17,2,JN.1,0.7840242683900001,0.81857031584,0.746229857205,biweekly,weighted,0.0,region_02
2024-02-24,2,JN.1,0.728811353445,0.7842674702425,0.6680118590574999,biweekly,weighted,,region_02
2024-03-02,2,JN.1,0.6735984385,0.749964624645,0.58979386091,biweekly,weighted,0.0,region_02
2024-03-09,2,JN.1,0.66780331731,0.736812472345,0.59289844334,biweekly,weighted,,region_02
2024-03-16,2,JN.1,0.66200819612,0.723660320045,0.59600302577,biweekly,weighted,0.0,region_02
2024-03-23,2,JN.1,0.5533649871783333,0.6308852185808334,0.4750643372533333,biweekly,weighted,,region_02
2024-03-30,2,JN.1,0.44472177823666664,0.5381101171166667,0.35412564873666663,biweekly,weighted,0.0,region_02
2024-04-06,2,JN.1,0.38965904216166664,0.46845097343166664,0.31437444190166663,biweekly,weighted,,region_02
2024-04-13,2,JN.1,0.33459630608666663,0.39879182974666666,0.2746232350666667,biweekly,weighted,0.0,region_02
2024-04-20,2,JN.1,0.2897907694183333,0.3610538641633333,0.22600490848166668,biweekly,weighted,,region_02
2024-04-27,2,JN.1,0.24498523275000003,0.32331589858,0.17738658189666667,biweekly,weighted,0.0,region_02
2024-05-04,2,JN.1,0.20943951110000003,0.27939327309666667,0.15010009085,biweekly,weighted,,region_02
2024-05-11,2,JN.1,0.17389378945,0.23547064761333333,0.12281359980333334,biweekly,weighted,0.0,region_02
2024-05-18,2,JN.1,0.15734168390500003,0.23028269410166669,0.10094285507833334,biweekly,weighted,,region_02
2024-05-25,2,JN.1,0.14078957836000003,0.22509474059,0.07907211035333334,biweekly,weighted,0.0,region_02
2024-06-01,2,JN.1,0.11730359432750002,0.18621642328916665,0.0667780069625,biweekly,weighted,,region_02
2024-06-08,2,JN.1,0.09381761029500002,0.14733810598833333,0.054483903571666666,biweekly,weighted,,region_02
2024-06-15,2,JN.1,0.07033162626250002,0.10845978868749999,0.042189800180833334,biweekly,weighted,,region_02
2024-06-22,2,JN.1,0.046845642230000005,0.06958147138666666,0.02989569679,biweekly,weighted,0.0,region_02
2024-06-29,2,JN.1,0.044542091586666666,0.065534640725,0.028776076933333332,biweekly,weighted,,region_02
2024-07-06,2,JN.1,0.042238540943333326,0.061487810063333335,0.02765645707666667,biweekly,weighted,0.0,region_02
2024-07-13,2,JN.1,0.03631659271,0.053450412115,0.02347759320375,biweekly,weighted,,region_02
2024-07-20,2,JN.1,0.030394644476666663,0.04541301416666667,0.019298729330833334,biweekly,weighted,,region_02
2024-07-27,2,JN.1,0.02447269624333333,0.03737561621833334,0.015119865457916666,biweekly,weighted,,region_02
2024-08-03,2,JN.1,0.01855074801,0.02933821827,0.010941001585,biweekly,weighted,0.0,region_02
2024-08-10,2,JN.1,0.0178307578925,0.0284876474175,0.01037695538,biweekly,weighted,,region_02
2024-08-17,2,JN.1,0.017110767775,0.027637076565,0.009812909174999999,biweekly,weighted,0.0,region_02
2024-08-24,2,JN.1,0.0161826836425,0.026967559475,0.008902428087499999,biweekly,weighted,,region_02
2024-08-31,2,JN.1,0.015254599510000001,0.026298042384999998,0.007991947,biweekly,weighted,0.0,region_02
2024-09-07,2,JN.1,0.020427963465,0.032670154235,0.0119077306,biweekly,weighted,,region_02
2024-09-14,2,JN.1,0.02560132742,0.039042266085,0.0158235142,biweekly,weighted,0.0,region_02
2024-09-21,2,JN.1,0.025383232473333336,0.03837637510083333,0.015868975626666663,biweekly,weighted,,region_02
2024-09-28,2,JN.1,0.02516513752666667,0.037710484116666665,0.01591443705333333,biweekly,weighted,0.0,region_02
2024-01-06,2,JN.1.13.1,0.00569075346,0.00897710351,0.003377022805,biweekly,weighted,0.0,region_02
2024-01-13,2,JN.1.13.1,0.011620000625833335,0.017681559778333335,0.0072104796033333335,biweekly,weighted,,region_02
2024-01-20,2,JN.1.13.1,0.017549247791666667,0.02638601604666667,0.011043936401666666,biweekly,weighted,,region_02
2024-01-27,2,JN.1.13.1,0.023478494957500002,0.035090472315,0.014877393199999998,biweekly,weighted,,region_02
2024-02-03,2,JN.1.13.1,0.029407742123333337,0.04379492858333334,0.01871084999833333,biweekly,weighted,,region_02
2024-02-10,2,JN.1.13.1,0.03533698928916667,0.05249938485166667,0.022544306796666663,biweekly,weighted,,region_02
2024-02-17,2,JN.1.13.1,0.041266236455,0.061203841120000005,0.026377763595,biweekly,weighted,0.0,region_02
2024-02-24,2,JN.1.13.1,0.061942860485,0.09063419513500001,0.0401251399875,biweekly,weighted,,region_02
2024-03-02,2,JN.1.13.1,0.08261948451500001,0.12006454915,0.05387251638,biweekly,weighted,0.0,region_02
2024-03-09,2,JN.1.13.1,0.09279177193083334,0.13580129751055556,0.05976062361222222,biweekly,weighted,,region_02
2024-03-16,2,JN.1.13.1,0.10296405934666668,0.1515380458711111,0.06564873084444445,biweekly,weighted,,region_02
2024-03-23,2,JN.1.13.1,0.1131363467625,0.16727479423166666,0.07153683807666666,biweekly,weighted,,region_02
2024-03-30,2,JN.1.13.1,0.12330863417833335,0.18301154259222221,0.07742494530888888,biweekly,weighted,,region_02
2024-04-06,2,JN.1.13.1,0.13348092159416666,0.19874829095277777,0.08331305254111111,biweekly,weighted,,region_02
2024-04-13,2,JN.1.13.1,0.14365320901,0.21448503931333332,0.08920115977333333,biweekly,weighted,0.0,region_02
2024-04-20,2,JN.1.13.1,0.134352983285,0.19425506889666666,0.08748425915833333,biweekly,weighted,,region_02
2024-04-27,2,JN.1.13.1,0.12505275756,0.17402509848,0.08576735854333334,biweekly,weighted,0.0,region_02
2024-05-04,2,JN.1.13.1,0.09455224499,0.14144780238333332,0.05972783329666667,biweekly,weighted,,region_02
2024-05-11,2,JN.1.13.1,0.06405173242000001,0.10887050628666667,0.03368830805,biweekly,weighted,0.0,region_02
2024-06-22,2,JN.1.16.1,0.03318223481333333,0.04940025136,0.02113486453666667,biweekly,weighted,0.0,region_02
2024-06-29,2,JN.1.16.1,0.03723441126333333,0.05335347789166667,0.024921035081666668,biweekly,weighted,,region_02
2024-07-06,2,JN.1.16.1,0.04128658771333333,0.057306704423333334,0.028707205626666666,biweekly,weighted,0.0,region_02
2024-07-13,2,JN.1.16.1,0.035308807621249994,0.050207896625,0.02392140263625,biweekly,weighted,,region_02
2024-07-20,2,JN.1.16.1,0.029331027529166664,0.04310908882666667,0.019135599645833334,biweekly,weighted,,region_02
2024-07-27,2,JN.1.16.1,0.023353247437083332,0.036010281028333334,0.014349796655416667,biweekly,weighted,,region_02
2024-08-03,2,JN.1.16.1,0.017375467345,0.028911473229999998,0.009563993665,biweekly,weighted,0.0,region_02
2024-08-10,2,JN.1.16.1,0.0181967653325,0.0297548081725,0.0102666567575,biweekly,weighted,,region_02
2024-08-17,2,JN.1.16.1,0.01901806332,0.030598143115,0.01096931985,biweekly,weighted,0.0,region_02
2024-05-25,2,JN.1.18,0.03750512252333333,0.06638085097333334,0.018756239983333336,biweekly,weighted,0.0,region_02
2024-06-01,2,JN.1.18,0.03415284662833333,0.05955746739,0.017495537873333335,biweekly,weighted,,region_02
2024-06-08,2,JN.1.18,0.03080057073333333,0.052734083806666665,0.016234835763333334,biweekly,weighted,,region_02
2024-06-15,2,JN.1.18,0.027448294838333335,0.04591070022333334,0.014974133653333334,biweekly,weighted,,region_02
2024-06-22,2,JN.1.18,0.024096018943333335,0.03908731664,0.013713431543333333,biweekly,weighted,0.0,region_02
2024-06-29,2,JN.1.18,0.03260872357833333,0.050514943896666664,0.01975327186833333,biweekly,weighted,,region_02
2024-07-06,2,JN.1.18,0.04112142821333333,0.06194257115333333,0.025793112193333332,biweekly,weighted,0.0,region_02
2024-07-13,2,JN.1.18,0.029752046026666666,0.047062464679166666,0.017601010776666665,biweekly,weighted,,region_02
2024-07-20,2,JN.1.18,0.01838266384,0.032182358205,0.00940890936,biweekly,weighted,0.0,region_02
2024-07-27,2,JN.1.18,0.017816682813333335,0.031210395072499997,0.009112577821666667,biweekly,weighted,,region_02
2024-08-03,2,JN.1.18,0.017250701786666666,0.030238431939999998,0.008816246283333334,biweekly,weighted,,region_02
2024-08-10,2,JN.1.18,0.01668472076,0.029266468807499998,0.008519914745000001,biweekly,weighted,,region_02
2024-08-17,2,JN.1.18,0.016118739733333335,0.028294505674999998,0.008223583206666666,biweekly,weighted,,region_02
2024-08-24,2,JN.1.18,0.015552758706666668,0.027322542542499998,0.007927251668333333,biweekly,weighted,,region_02
2024-08-31,2,JN.1.18,0.01498677768,0.02635057941,0.00763092013,biweekly,weighted,,region_02
2024-09-07,2,JN.1.18,0.014420796653333333,0.025378616277500002,0.007334588591666667,biweekly,weighted,,region_02
2024-09-14,2,JN.1.18,0.013854815626666666,0.024406653145000002,0.007038257053333333,biweekly,weighted,,region_02
2024-09-21,2,JN.1.18,0.0132888346,0.023434690012500002,0.006741925514999999,biweekly,weighted,,region_02
2024-09-28,2,JN.1.18,0.012722853573333333,0.022462726880000002,0.006445593976666666,biweekly,weighted,0.0,region_02
2023-12-23,2,JN.1.7,0.006949307165,0.0116845984,0.00378068234,biweekly,weighted,0.0,region_02
2023-12-30,2,JN.1.7,0.009451849037500001,0.014033294282499999,0.006123721717500001,biweekly,weighted,,region_02
2024-01-06,2,JN.1.7,0.011954390910000001,0.016381990165,0.008466761095,biweekly,weighted,0.0,region_02
2024-01-13,2,JN.1.7,0.021733368515,0.0278007918975,0.0167105535525,biweekly,weighted,,region_02
2024-01-20,2,JN.1.7,0.03151234612,0.03921959363,0.02495434601,biweekly,weighted,0.0,region_02
2024-01-27,2,JN.1.7,0.0415837494675,0.0536920251325,0.0315548381775,biweekly,weighted,,region_02
2024-02-03,2,JN.1.7,0.051655152815,0.06816445663500001,0.038155330345,biweekly,weighted,0.0,region_02
2024-02-10,2,JN.1.7,0.056475350632500004,0.0718835797175,0.0435670949525,biweekly,weighted,,region_02
2024-02-17,2,JN.1.7,0.06129554845,0.0756027028,0.048978859560000004,biweekly,weighted,0.0,region_02
2024-02-24,2,JN.1.7,0.0791479879975,0.10997318103999999,0.055046360940000004,biweekly,weighted,,region_02
2024-03-02,2,JN.1.7,0.09700042754499999,0.14434365927999998,0.061113862320000004,biweekly,weighted,0.0,region_02
2024-03-09,2,JN.1.7,0.09028818830749999,0.135239236055,0.0564530836425,biweekly,weighted,,region_02
2024-03-16,2,JN.1.7,0.08357594907,0.12613481283,0.051792304965,biweekly,weighted,0.0,region_02
2024-03-23,2,JN.1.7,0.10641772299999999,0.17511288324833332,0.05796637075583333,biweekly,weighted,,region_02
2024-03-30,2,JN.1.7,0.12925949693,0.22409095366666665,0.06414043654666667,biweekly,weighted,0.0,region_02
2024-04-06,2,JN.1.7,0.138239795965,0.22663889328499998,0.075024675575,biweekly,weighted,,region_02
2024-04-13,2,JN.1.7,0.147220095,0.22918683290333333,0.08590891460333333,biweekly,weighted,0.0,region_02
2024-04-20,2,JN.1.7,0.12594270333666666,0.20491483558999998,0.069411422435,biweekly,weighted,,region_02
2024-04-27,2,JN.1.7,0.10466531167333333,0.18064283827666663,0.052913930266666666,biweekly,weighted,0.0,region_02
2024-01-20,2,JN.1.8.1,0.033137215299999995,0.05215329118,0.019608767705000002,biweekly,weighted,0.0,region_02
2024-01-27,2,JN.1.8.1,0.038165224717499995,0.06414402183250001,0.0206469465075,biweekly,weighted,,region_02
2024-02-03,2,JN.1.8.1,0.043193234134999994,0.07613475248500001,0.021685125309999997,biweekly,weighted,0.0,region_02
2024-02-10,2,JN.1.8.1,0.050659247675,0.0779929012075,0.0312708793225,biweekly,weighted,,region_02
2024-02-17,2,JN.1.8.1,0.058125261215,0.07985104993,0.040856633335,biweekly,weighted,0.0,region_02
2024-02-24,2,JN.1.8.1,0.0604672785825,0.08302366547250001,0.0425203591575,biweekly,weighted,,region_02
2024-03-02,2,JN.1.8.1,0.06280929595,0.086196281015,0.044184084979999996,biweekly,weighted,0.0,region_02
2024-03-09,2,JN.1.8.1,0.0684891026475,0.10518762841750001,0.0419686269,biweekly,weighted,,region_02
2024-03-16,2,JN.1.8.1,0.074168909345,0.12417897582000001,0.03975316882,biweekly,weighted,0.0,region_02
2024-03-23,2,JN.1.8.1,0.07825977541750001,0.120910794785,0.04733489019166666,biweekly,weighted,,region_02
2024-03-30,2,JN.1.8.1,0.08235064149,0.11764261375,0.05491661156333333,biweekly,weighted,0.0,region_02
2024-04-06,2,JN.1.8.1,0.06666980994333332,0.09859775751833333,0.04266346742833333,biweekly,weighted,,region_02
2024-04-13,2,JN.1.8.1,0.05098897839666666,0.07955290128666666,0.030410323293333333,biweekly,weighted,0.0,region_02
2024-05-25,2,KP.1.1,0.11028855045666668,0.15221081674333334,0.07661119351666666,biweekly,weighted,0.0,region_02
2024-06-01,2,KP.1.1,0.09509864666750001,0.13136826890416667,0.06604485275666666,biweekly,weighted,,region_02
2024-06-08,2,KP.1.1,0.07990874287833334,0.110525721065,0.05547851199666666,biweekly,weighted,,region_02
2024-06-15,2,KP.1.1,0.06471883908916667,0.08968317322583334,0.044912171236666666,biweekly,weighted,,region_02
2024-06-22,2,KP.1.1,0.0495289353,0.06884062538666667,0.034345830476666665,biweekly,weighted,0.0,region_02
2024-06-29,2,KP.1.1,0.04466855588,0.06222447939333334,0.03090428560833333,biweekly,weighted,,region_02
2024-07-06,2,KP.1.1,0.039808176460000004,0.055608333399999994,0.02746274074,biweekly,weighted,0.0,region_02
2024-07-13,2,KP.1.1,0.034751912115000005,0.0508657560375,0.0226815069725,biweekly,weighted,,region_02
2024-07-20,2,KP.1.1,0.02969564777,0.046123178675,0.017900273205,biweekly,weighted,0.0,region_02
2024-07-27,2,KP.1.1,0.025393151215,0.040181507355,0.014952237485,biweekly,weighted,,region_02
2024-08-03,2,KP.1.1,0.02109065466,0.034239836035,0.012004201765,biweekly,weighted,0.0,region_02
2024-08-10,2,KP.1.1,0.0208955304725,0.034561396575,0.0115931329775,biweekly,weighted,,region_02
2024-08-17,2,KP.1.1,0.020700406285,0.034882957115,0.01118206419,biweekly,weighted,0.0,region_02
2024-08-24,2,KP.1.1,0.0190130425625,0.031886671670000005,0.0103447979775,biweekly,weighted,,region_02
2024-08-31,2,KP.1.1,0.01732567884,0.028890386225000002,0.009507531765,biweekly,weighted,0.0,region_02
2024-09-07,2,KP.1.1,0.01534105069,0.0257267141725,0.008356525795,biweekly,weighted,,region_02
2024-09-14,2,KP.1.1,0.01335642254,0.02256304212,0.007205519825,biweekly,weighted,0.0,region_02
2024-06-22,2,KP.1.1.3,0.030330107856666667,0.046004643039999994,0.018863183756666665,biweekly,weighted,0.0,region_02
2024-04-27,2,KP.2,0.15359705189666664,0.24826791386,0.08442938824666667,biweekly,weighted,0.0,region_02
2024-05-04,2,KP.2,0.16657782346,0.24955047170333333,0.10296273107500001,biweekly,weighted,,region_02
2024-05-11,2,KP.2,0.17955859502333335,0.2508330295466667,0.12149607390333333,biweekly,weighted,0.0,region_02
2024-05-18,2,KP.2,0.14921002711166667,0.20635123302500002,0.10269930958833334,biweekly,weighted,,region_02
2024-05-25,2,KP.2,0.1188614592,0.16186943650333332,0.08390254527333334,biweekly,weighted,0.0,region_02
2024-06-01,2,KP.2,0.15825395162,0.21761201818999998,0.10954247042500001,biweekly,weighted,,region_02
2024-06-08,2,KP.2,0.19764644404,0.27335459987666666,0.13518239557666667,biweekly,weighted,0.0,region_02
2024-06-15,2,KP.2,0.15482005973500002,0.22823440283666668,0.09829095316333333,biweekly,weighted,,region_02
2024-06-22,2,KP.2,0.11199367543,0.18311420579666668,0.06139951075,biweekly,weighted,0.0,region_02
2024-06-29,2,KP.2,0.10976427917666667,0.1579023425766667,0.07355184170000001,biweekly,weighted,,region_02
2024-07-06,2,KP.2,0.10753488292333334,0.13269047935666667,0.08570417265000001,biweekly,weighted,0.0,region_02
2024-07-13,2,KP.2,0.08771841476416667,0.11255661087833334,0.06696744759750001,biweekly,weighted,,region_02
2024-07-20,2,KP.2,0.067901946605,0.09242274240000001,0.048230722545,biweekly,weighted,0.0,region_02
2024-07-27,2,KP.2,0.07299881055999999,0.094254972415,0.055382627995,biweekly,weighted,,region_02
2024-08-03,2,KP.2,0.07809567451499999,0.09608720243,0.062534533445,biweekly,weighted,0.0,region_02
2024-08-10,2,KP.2,0.0724791809925,0.102323891595,0.05004994385,biweekly,weighted,,region_02
2024-08-17,2,KP.2,0.06686268747,0.10856058076,0.037565354255,biweekly,weighted,0.0,region_02
2024-08-24,2,KP.2,0.0639701318,0.09879533573999999,0.03868497815,biweekly,weighted,,region_02
2024-08-31,2,KP.2,0.061077576130000005,0.08903009072,0.039804602045,biweekly,weighted,0.0,region_02
2024-09-07,2,KP.2,0.05311324261,0.0844762809575,0.03115438577,biweekly,weighted,,region_02
2024-09-14,2,KP.2,0.04514890909,0.079922471195,0.022504169495,biweekly,weighted,0.0,region_02
2024-09-21,2,KP.2,0.037472185676666665,0.06607767566916667,0.018831029379166666,biweekly,weighted,,region_02
2024-09-28,2,KP.2,0.029795462263333333,0.05223288014333333,0.015157889263333333,biweekly,weighted,0.0,region_02
2024-05-25,2,KP.2.3,0.041077932963333334,0.07085417708000001,0.02131453528666667,biweekly,weighted,0.0,region_02
2024-06-01,2,KP.2.3,0.05832010911083333,0.09014044081333335,0.035738442400833334,biweekly,weighted,,region_02
2024-06-08,2,KP.2.3,0.07556228525833333,0.10942670454666667,0.050162349514999996,biweekly,weighted,,region_02
2024-06-15,2,KP.2.3,0.09280446140583332,0.12871296828,0.06458625662916667,biweekly,weighted,,region_02
2024-06-22,2,KP.2.3,0.11004663755333333,0.14799923201333334,0.07901016374333333,biweekly,weighted,0.0,region_02
2024-06-29,2,KP.2.3,0.11414727692833332,0.14521049708166667,0.08794429898166667,biweekly,weighted,,region_02
2024-07-06,2,KP.2.3,0.11824791630333333,0.14242176215,0.09687843421999999,biweekly,weighted,0.0,region_02
2024-07-13,2,KP.2.3,0.14640338967166666,0.183514626075,0.1142705616825,biweekly,weighted,,region_02
2024-07-20,2,KP.2.3,0.17455886304,0.22460749,0.131662689145,biweekly,weighted,0.0,region_02
2024-07-27,2,KP.2.3,0.177061155435,0.2258015684775,0.135031517595,biweekly,weighted,,region_02
2024-08-03,2,KP.2.3,0.17956344783,0.226995646955,0.138400346045,biweekly,weighted,0.0,region_02
2024-08-10,2,KP.2.3,0.15885222703000001,0.195628106595,0.12658712827000002,biweekly,weighted,,region_02
2024-08-17,2,KP.2.3,0.13814100623,0.164260566235,0.114773910495,biweekly,weighted,0.0,region_02
2024-08-24,2,KP.2.3,0.13182895258,0.16117466613749998,0.106156835335,biweekly,weighted,,region_02
2024-08-31,2,KP.2.3,0.12551689893,0.15808876604,0.097539760175,biweekly,weighted,0.0,region_02
2024-09-07,2,KP.2.3,0.125704135745,0.1530614346275,0.10175755247500001,biweekly,weighted,,region_02
2024-09-14,2,KP.2.3,0.12589137256,0.148034103215,0.10597534477500001,biweekly,weighted,0.0,region_02
2024-09-21,2,KP.2.3,0.10902151092833334,0.13055610532583334,0.08997389674083334,biweekly,weighted,,region_02
2024-09-28,2,KP.2.3,0.09215164929666668,0.11307810743666667,0.07397244870666667,biweekly,weighted,0.0,region_02
2024-05-25,2,KP.3,0.07190341005666667,0.12071207662333333,0.03841438517,biweekly,weighted,0.0,region_02
2024-06-01,2,KP.3,0.11551369850833333,0.180736968915,0.06747614157833334,biweekly,weighted,,region_02
2024-06-08,2,KP.3,0.15912398696,0.24076186120666665,0.09653789798666668,biweekly,weighted,0.0,region_02
2024-06-15,2,KP.3,0.15567958851666666,0.22854423771333332,0.09882028028333334,biweekly,weighted,,region_02
2024-06-22,2,KP.3,0.15223519007333333,0.21632661422,0.10110266258,biweekly,weighted,0.0,region_02
2024-06-29,2,KP.3,0.14964664479166667,0.20619304726499998,0.10371384397,biweekly,weighted,,region_02
2024-07-06,2,KP.3,0.14705809951,0.19605948031,0.10632502535999999,biweekly,weighted,0.0,region_02
2024-07-13,2,KP.3,0.1527175791575,0.193971410395,0.11748840039,biweekly,weighted,,region_02
2024-07-20,2,KP.3,0.158377058805,0.19188334048,0.12865177542,biweekly,weighted,0.0,region_02
2024-07-27,2,KP.3,0.13464226015,0.182224832475,0.097044523805,biweekly,weighted,,region_02
2024-08-03,2,KP.3,0.110907461495,0.17256632447,0.06543727219,biweekly,weighted,0.0,region_02
2024-08-10,2,KP.3,0.1074141524725,0.152745548635,0.07241224497500001,biweekly,weighted,,region_02
2024-08-17,2,KP.3,0.10392084345,0.1329247728,0.07938721776,biweekly,weighted,0.0,region_02
2024-08-24,2,KP.3,0.0808684434725,0.10455967672250001,0.061070068740000004,biweekly,weighted,,region_02
2024-08-31,2,KP.3,0.057816043495,0.07619458064500001,0.042752919720000004,biweekly,weighted,0.0,region_02
2024-09-07,2,KP.3,0.0678280983125,0.08635936491000001,0.052261926235000006,biweekly,weighted,,region_02
2024-09-14,2,KP.3,0.07784015313,0.096524149175,0.06177093275,biweekly,weighted,0.0,region_02
2024-09-21,2,KP.3,0.06508051418000001,0.08344322318583333,0.049771517825,biweekly,weighted,,region_02
2024-09-28,2,KP.3,0.05232087523,0.07036229719666666,0.0377721029,biweekly,weighted,0.0,region_02
2024-10-05,2,KP.3,0.052338189135000004,0.07511861249833332,0.03497460174,biweekly,weighted,,region_02
2024-10-12,2,KP.3,0.05235550304,0.0798749278,0.03217710058,biweekly,weighted,0.0,region_02
2024-10-19,2,KP.3,0.053014591489166665,0.08234852397291666,0.03185586709041666,biweekly,weighted,,region_02
2024-10-26,2,KP.3,0.05367367993833334,0.08482212014583333,0.031534633600833334,biweekly,weighted,,region_02
2024-11-02,2,KP.3,0.0543327683875,0.08729571631875,0.03121340011125,biweekly,weighted,,region_02
2024-11-09,2,KP.3,0.05499185683666667,0.08976931249166667,0.030892166621666668,biweekly,weighted,,region_02
2024-11-16,2,KP.3,0.055650945285833336,0.09224290866458333,0.030570933132083332,biweekly,weighted,,region_02
2024-11-23,2,KP.3,0.056310033735,0.09471650483749999,0.0302496996425,biweekly,weighted,,region_02
2024-11-30,2,KP.3,0.05696912218416667,0.09719010101041667,0.029928466152916666,biweekly,weighted,,region_02
2024-12-07,2,KP.3,0.057628210633333336,0.09966369718333333,0.029607232663333333,biweekly,weighted,0.0,region_02
2024-12-14,2,KP.3,0.050443681421250004,0.08739661565,0.02588635077875,biweekly,weighted,,region_02
2024-12-21,2,KP.3,0.043259152209166665,0.07512953411666667,0.022165468894166665,biweekly,weighted,,region_02
2024-12-28,2,KP.3,0.03607462299708333,0.06286245258333334,0.018444587009583333,biweekly,weighted,,region_02
2025-01-04,2,KP.3,0.028890093785,0.050595371050000004,0.014723705125,biweekly,weighted,0.0,region_02
2024-06-22,2,KP.3.1.1,0.02877577208,0.04741238430333333,0.016006362933333334,biweekly,weighted,0.0,region_02
2024-06-29,2,KP.3.1.1,0.04900571238333333,0.07348017456833333,0.030940465629999997,biweekly,weighted,,region_02
2024-07-06,2,KP.3.1.1,0.06923565268666666,0.09954796483333334,0.04587456832666666,biweekly,weighted,0.0,region_02
2024-07-13,2,KP.3.1.1,0.10711921379083333,0.13908233741916667,0.08073540528833334,biweekly,weighted,,region_02
2024-07-20,2,KP.3.1.1,0.145002774895,0.178616710005,0.11559624225000001,biweekly,weighted,0.0,region_02
2024-07-27,2,KP.3.1.1,0.1639021486025,0.194480918345,0.1365288682275,biweekly,weighted,,region_02
2024-08-03,2,KP.3.1.1,0.18280152231,0.210345126685,0.157461494205,biweekly,weighted,0.0,region_02
2024-08-10,2,KP.3.1.1,0.23438638821000002,0.27974146977000003,0.1929458007225,biweekly,weighted,,region_02
2024-08-17,2,KP.3.1.1,0.28597125411,0.349137812855,0.22843010724,biweekly,weighted,0.0,region_02
2024-08-24,2,KP.3.1.1,0.3391805142175,0.39178210497,0.2899684533475,biweekly,weighted,,region_02
2024-08-31,2,KP.3.1.1,0.392389774325,0.43442639708499997,0.35150679945499996,biweekly,weighted,0.0,region_02
2024-09-07,2,KP.3.1.1,0.41239751875499997,0.4667373001575,0.359515108165,biweekly,weighted,,region_02
2024-09-14,2,KP.3.1.1,0.432405263185,0.49904820323,0.367523416875,biweekly,weighted,0.0,region_02
2024-09-21,2,KP.3.1.1,0.46957599620083335,0.5362716664883334,0.40367185324416666,biweekly,weighted,,region_02
2024-09-28,2,KP.3.1.1,0.5067467292166666,0.5734951297466667,0.43982028961333336,biweekly,weighted,0.0,region_02
2024-10-05,2,KP.3.1.1,0.5216116309166667,0.6125482221466667,0.42912357549,biweekly,weighted,,region_02
2024-10-12,2,KP.3.1.1,0.5364765326166667,0.6516013145466667,0.4184268613666667,biweekly,weighted,0.0,region_02
2024-10-19,2,KP.3.1.1,0.5122178842608334,0.6204514702175,0.4024627978608334,biweekly,weighted,,region_02
2024-10-26,2,KP.3.1.1,0.487959235905,0.5893016258883333,0.38649873435500004,biweekly,weighted,,region_02
2024-11-02,2,KP.3.1.1,0.46370058754916665,0.5581517815591667,0.3705346708491667,biweekly,weighted,,region_02
2024-11-09,2,KP.3.1.1,0.4394419391933333,0.52700193723,0.3545706073433334,biweekly,weighted,0.0,region_02
2024-11-16,2,KP.3.1.1,0.3845971475016666,0.504155452055,0.2774364997916667,biweekly,weighted,,region_02
2024-11-23,2,KP.3.1.1,0.32975235581,0.48130896688,0.20030239224,biweekly,weighted,0.0,region_02
2024-11-30,2,KP.3.1.1,0.301978314915,0.4473124593516667,0.18079258998166667,biweekly,weighted,,region_02
2024-12-07,2,KP.3.1.1,0.27420427401999997,0.41331595182333336,0.16128278772333335,biweekly,weighted,0.0,region_02
2024-12-14,2,KP.3.1.1,0.2655215064683333,0.390587449075,0.16307535767666667,biweekly,weighted,,region_02
2024-12-21,2,KP.3.1.1,0.25683873891666664,0.36785894632666666,0.16486792763,biweekly,weighted,0.0,region_02
2024-12-28,2,KP.3.1.1,0.22210790961833332,0.326531477275,0.13855930914333334,biweekly,weighted,,region_02
2025-01-04,2,KP.3.1.1,0.18737708032,0.2852040082233333,0.11225069065666667,biweekly,weighted,0.0,region_02
2025-01-11,2,KP.3.1.1,0.15725856833000001,0.22347151115666664,0.10494852314083333,biweekly,weighted,,region_02
2025-01-18,2,KP.3.1.1,0.12714005634,0.16173901409,0.097646355625,biweekly,weighted,0.0,region_02
2025-01-25,2,KP.3.1.1,0.11955134383999999,0.15400373563,0.0904799848775,biweekly,weighted,,region_02
2025-02-01,2,KP.3.1.1,0.11196263134,0.14626845717,0.08331361413,biweekly,weighted,0.0,region_02
2025-02-08,2,KP.3.1.1,0.1034547016,0.147969216105,0.06926472299,biweekly,weighted,,region_02
2025-02-15,2,KP.3.1.1,0.09494677186,0.14966997504,0.05521583185,biweekly,weighted,0.0,region_02
2024-06-22,2,KS.1,0.016279249455,0.028762734494999997,0.008227909445,biweekly,weighted,0.0,region_02
2024-06-29,2,KS.1,0.0200158883825,0.0355339287775,0.0100293818375,biweekly,weighted,,region_02
2024-07-06,2,KS.1,0.02375252731,0.04230512306,0.01183085423,biweekly,weighted,0.0,region_02
2024-07-13,2,KS.1,0.023102038189375,0.04081773001125,0.011654384260000001,biweekly,weighted,,region_02
2024-07-20,2,KS.1,0.02245154906875,0.0393303369625,0.01147791429,biweekly,weighted,,region_02
2024-07-27,2,KS.1,0.021801059948125,0.037842943913749996,0.01130144432,biweekly,weighted,,region_02
2024-08-03,2,KS.1,0.0211505708275,0.036355550865,0.01112497435,biweekly,weighted,,region_02
2024-08-10,2,KS.1,0.020500081706875,0.03486815781625,0.010948504380000001,biweekly,weighted,,region_02
2024-08-17,2,KS.1,0.01984959258625,0.0333807647675,0.01077203441,biweekly,weighted,,region_02
2024-08-24,2,KS.1,0.019199103465625,0.03189337171875,0.01059556444,biweekly,weighted,,region_02
2024-08-31,2,KS.1,0.018548614345,0.03040597867,0.010419094470000001,biweekly,weighted,0.0,region_02
2024-05-11,2,LB.1,0.1407196174066667,0.22114351391999998,0.08112330982666667,biweekly,weighted,0.0,region_02
2024-05-18,2,LB.1,0.16739065945166667,0.26699324945833336,0.09325809652166667,biweekly,weighted,,region_02
2024-05-25,2,LB.1,0.19406170149666666,0.3128429849966667,0.10539288321666666,biweekly,weighted,0.0,region_02
2024-06-01,2,LB.1,0.21225204318666666,0.31556719045000003,0.131188531715,biweekly,weighted,,region_02
2024-06-08,2,LB.1,0.23044238487666666,0.31829139590333333,0.15698418021333335,biweekly,weighted,0.0,region_02
2024-06-15,2,LB.1,0.25576346119166665,0.32870449622666664,0.19248619427333336,biweekly,weighted,,region_02
2024-06-22,2,LB.1,0.2810845375066667,0.33911759654999996,0.22798820833333333,biweekly,weighted,0.0,region_02
2024-06-29,2,LB.1,0.27152450382666665,0.32584591706666666,0.221808252235,biweekly,weighted,,region_02
2024-07-06,2,LB.1,0.26196447014666663,0.31257423758333336,0.21562829613666668,biweekly,weighted,0.0,region_02
2024-07-13,2,LB.1,0.2506284564733333,0.3203172758216667,0.19005583599083334,biweekly,weighted,,region_02
2024-07-20,2,LB.1,0.2392924428,0.32806031406,0.164483375845,biweekly,weighted,0.0,region_02
2024-07-27,2,LB.1,0.2495620027175,0.32676731795,0.182876117525,biweekly,weighted,,region_02
2024-08-03,2,LB.1,0.259831562635,0.32547432184,0.20126885920499998,biweekly,weighted,0.0,region_02
2024-08-10,2,LB.1,0.2311812564725,0.30204966664,0.1703453324725,biweekly,weighted,,region_02
2024-08-17,2,LB.1,0.20253095031,0.27862501143999996,0.13942180574000002,biweekly,weighted,0.0,region_02
2024-08-24,2,LB.1,0.18634190038,0.2540552504325,0.13014373556,biweekly,weighted,,region_02
2024-08-31,2,LB.1,0.17015285045,0.22948548942500002,0.12086566538,biweekly,weighted,0.0,region_02
2024-09-07,2,LB.1,0.1467806510625,0.18743510544000003,0.1122699528975,biweekly,weighted,,region_02
2024-09-14,2,LB.1,0.123408451675,0.145384721455,0.10367424041500001,biweekly,weighted,0.0,region_02
2024-09-21,2,LB.1,0.10872550308583334,0.14090229198083334,0.08251247741416667,biweekly,weighted,,region_02
2024-09-28,2,LB.1,0.09404255449666667,0.13641986250666668,0.061350714413333333,biweekly,weighted,0.0,region_02
2024-10-05,2,LB.1,0.06496913793,0.09818712187333334,0.04044839398333333,biweekly,weighted,,region_02
2024-10-12,2,LB.1,0.035895721363333334,0.05995438124,0.019546073553333335,biweekly,weighted,0.0,region_02
2024-10-19,2,LB.1,0.04302520180666666,0.07292818029749999,0.022878909794166666,biweekly,weighted,,region_02
2024-10-26,2,LB.1,0.05015468225,0.08590197935499999,0.026211746035,biweekly,weighted,0.0,region_02
2024-09-14,2,LB.1.3.1,0.016890465285,0.02976068389,0.00856924476,biweekly,weighted,0.0,region_02
2024-09-21,2,LB.1.3.1,0.023807392924166667,0.042060891573,0.011908401718333335,biweekly,weighted,,region_02
2024-09-28,2,LB.1.3.1,0.030724320563333334,0.054361099256,0.015247558676666668,biweekly,weighted,,region_02
2024-10-05,2,LB.1.3.1,0.037641248202500005,0.066661306939,0.018586715635,biweekly,weighted,,region_02
2024-10-12,2,LB.1.3.1,0.04455817584166667,0.078961514622,0.021925872593333333,biweekly,weighted,,region_02
2024-10-19,2,LB.1.3.1,0.05147510348083334,0.091261722305,0.02526502955166667,biweekly,weighted,,region_02
2024-10-26,2,LB.1.3.1,0.05839203112000001,0.10356192998800001,0.02860418651,biweekly,weighted,,region_02
2024-11-02,2,LB.1.3.1,0.06530895875916667,0.11586213767100001,0.031943343468333336,biweekly,weighted,,region_02
2024-11-09,2,LB.1.3.1,0.07222588639833334,0.128162345354,0.03528250042666667,biweekly,weighted,,region_02
2024-11-16,2,LB.1.3.1,0.07914281403750001,0.140462553037,0.038621657385,biweekly,weighted,,region_02
2024-11-23,2,LB.1.3.1,0.08605974167666668,0.15276276072,0.04196081434333334,biweekly,weighted,0.0,region_02
2024-11-30,2,LB.1.3.1,0.0803718645538889,0.1425102237211111,0.03931875195444445,biweekly,weighted,,region_02
2024-12-07,2,LB.1.3.1,0.07468398743111111,0.1322576867222222,0.03667668956555556,biweekly,weighted,,region_02
2024-12-14,2,LB.1.3.1,0.06899611030833334,0.12200514972333334,0.03403462717666667,biweekly,weighted,,region_02
2024-12-21,2,LB.1.3.1,0.06330823318555556,0.11175261272444445,0.03139256478777778,biweekly,weighted,,region_02
2024-12-28,2,LB.1.3.1,0.05762035606277778,0.10150007572555556,0.02875050239888889,biweekly,weighted,,region_02
2025-01-04,2,LB.1.3.1,0.05193247894,0.09124753872666667,0.02610844001,biweekly,weighted,0.0,region_02
2025-01-11,2,LB.1.3.1,0.0495186302175,0.08468165000333333,0.025966840329999998,biweekly,weighted,,region_02
2025-01-18,2,LB.1.3.1,0.047104781495,0.07811576128,0.025825240649999998,biweekly,weighted,0.0,region_02
2025-01-25,2,LB.1.3.1,0.051249685077499996,0.085578487565,0.027769441561666663,biweekly,weighted,,region_02
2025-02-01,2,LB.1.3.1,0.05539458866,0.09304121385,0.029713642473333333,biweekly,weighted,,region_02
2025-02-08,2,LB.1.3.1,0.0595394922425,0.100503940135,0.031657843384999995,biweekly,weighted,,region_02
2025-02-15,2,LB.1.3.1,0.063684395825,0.10796666642,0.03360204429666667,biweekly,weighted,,region_02
2025-02-22,2,LB.1.3.1,0.0678292994075,0.115429392705,0.035546245208333334,biweekly,weighted,,region_02
2025-03-01,2,LB.1.3.1,0.07197420299,0.12289211899,0.03749044612,biweekly,weighted,0.0,region_02
2025-03-08,2,LB.1.3.1,0.07823581621,0.122695073485,0.04637296684,biweekly,weighted,,region_02
2025-03-15,2,LB.1.3.1,0.08449742943,0.12249802798,0.05525548756,biweekly,weighted,0.0,region_02
2025-01-18,2,LF.7,0.0425362885,0.07595843822,0.02094572596,biweekly,weighted,0.0,region_02
2024-06-22,2,LP.1,0.04563327754666666,0.07197057207333334,0.026850601036666668,biweekly,weighted,0.0,region_02
2024-06-29,2,LP.1,0.043635172769999994,0.06632908495666667,0.027034748035,biweekly,weighted,,region_02
2024-07-06,2,LP.1,0.04163706799333333,0.060687597839999996,0.027218895033333333,biweekly,weighted,0.0,region_02
2025-01-04,2,LP.8.1,0.07897175352000001,0.1280675530433333,0.04429035882333334,biweekly,weighted,0.0,region_02
2025-01-11,2,LP.8.1,0.12306830287250001,0.17863588034999997,0.08064193651250001,biweekly,weighted,,region_02
2025-01-18,2,LP.8.1,0.167164852225,0.22920420765666666,0.11699351420166668,biweekly,weighted,,region_02
2025-01-25,2,LP.8.1,0.2112614015775,0.2797725349633333,0.15334509189083334,biweekly,weighted,,region_02
2025-02-01,2,LP.8.1,0.25535795093,0.33034086227,0.18969666958,biweekly,weighted,0.0,region_02
2025-02-08,2,LP.8.1,0.27318674326000003,0.34856779873,0.206315122545,biweekly,weighted,,region_02
2025-02-15,2,LP.8.1,0.29101553559,0.36679473519,0.22293357551,biweekly,weighted,0.0,region_02
2025-02-22,2,LP.8.1,0.323445305225,0.432041049,0.226839780805,biweekly,weighted,,region_02
2025-03-01,2,LP.8.1,0.35587507486,0.49728736281,0.2307459861,biweekly,weighted,0.0,region_02
2025-03-08,2,LP.8.1,0.44690749049,0.558033540845,0.343174062665,biweekly,weighted,,region_02
2025-03-15,2,LP.8.1,0.53793990612,0.61877971888,0.45560213923,biweekly,weighted,0.0,region_02
2025-03-22,2,LP.8.1,0.55513471365,0.6309917569200001,0.47739766538,biweekly,weighted,,region_02
2025-03-29,2,LP.8.1,0.57232952118,0.64320379496,0.49919319153,biweekly,weighted,0.0,region_02
2024-09-28,2,MC.1,0.024979539836666665,0.03957118715,0.014696529133333332,biweekly,weighted,0.0,region_02
2024-10-05,2,MC.1,0.025272223443518517,0.040367837445,0.014714079959259259,biweekly,weighted,,region_02
2024-10-12,2,MC.1,0.02556490705037037,0.04116448774,0.014731630785185183,biweekly,weighted,,region_02
2024-10-19,2,MC.1,0.02585759065722222,0.041961138035,0.01474918161111111,biweekly,weighted,,region_02
2024-10-26,2,MC.1,0.026150274264074073,0.04275778833,0.014766732437037036,biweekly,weighted,,region_02
2024-11-02,2,MC.1,0.026442957870925925,0.043554438625,0.014784283262962963,biweekly,weighted,,region_02
2024-11-09,2,MC.1,0.026735641477777777,0.04435108892,0.014801834088888887,biweekly,weighted,,region_02
2024-11-16,2,MC.1,0.02702832508462963,0.045147739214999996,0.014819384914814814,biweekly,weighted,,region_02
2024-11-23,2,MC.1,0.02732100869148148,0.04594438951,0.01483693574074074,biweekly,weighted,,region_02
2024-11-30,2,MC.1,0.027613692298333332,0.046741039805,0.014854486566666667,biweekly,weighted,,region_02
2024-12-07,2,MC.1,0.027906375905185184,0.0475376901,0.014872037392592592,biweekly,weighted,,region_02
2024-12-14,2,MC.1,0.028199059512037036,0.048334340395,0.014889588218518518,biweekly,weighted,,region_02
2024-12-21,2,MC.1,0.028491743118888888,0.04913099069,0.014907139044444444,biweekly,weighted,,region_02
2024-12-28,2,MC.1,0.02878442672574074,0.049927640985,0.01492468987037037,biweekly,weighted,,region_02
2025-01-04,2,MC.1,0.029077110332592592,0.05072429128,0.014942240696296296,biweekly,weighted,,region_02
2025-01-11,2,MC.1,0.029369793939444444,0.051520941575,0.014959791522222222,biweekly,weighted,,region_02
2025-01-18,2,MC.1,0.029662477546296296,0.05231759187,0.014977342348148149,biweekly,weighted,,region_02
2025-01-25,2,MC.1,0.029955161153148148,0.053114242165,0.014994893174074073,biweekly,weighted,,region_02
2025-02-01,2,MC.1,0.03024784476,0.05391089246,0.015012444,biweekly,weighted,0.0,region_02
2025-01-04,2,MC.10.1,0.03774082164,0.0616746669,0.021183021986666665,biweekly,weighted,0.0,region_02
2025-01-11,2,MC.10.1,0.03701089405333333,0.06049411226333334,0.02077111777722222,biweekly,weighted,,region_02
2025-01-18,2,MC.10.1,0.03628096646666667,0.059313557626666666,0.020359213567777777,biweekly,weighted,,region_02
2025-01-25,2,MC.10.1,0.03555103888,0.05813300299,0.01994730935833333,biweekly,weighted,,region_02
2025-02-01,2,MC.10.1,0.03482111129333333,0.05695244835333334,0.019535405148888886,biweekly,weighted,,region_02
2025-02-08,2,MC.10.1,0.03409118370666667,0.055771893716666666,0.019123500939444444,biweekly,weighted,,region_02
2025-02-15,2,MC.10.1,0.03336125612,0.05459133908,0.01871159673,biweekly,weighted,0.0,region_02
2021-05-08,2,Other,0.98381131887,0.99346542358,0.96693617105,weekly,weighted,0.0,region_02
2021-05-15,2,Other,0.96635693312,0.98436295986,0.93745982647,weekly,weighted,0.0,region_02
2021-05-22,2,Other,0.96325951815,0.98852711916,0.91422760487,weekly,weighted,0.0,region_02
2021-05-29,2,Other,0.93395876884,0.98157113791,0.84003376961,weekly,weighted,0.0,region_02
2021-06-05,2,Other,0.87990742922,0.95698183775,0.75009465218,weekly,weighted,0.0,region_02
2021-06-12,2,Other,0.7315672636,0.81628698111,0.63230347633,weekly,weighted,0.0,region_02
2021-06-19,2,Other,0.63534450531,0.7184907794,0.54579746723,weekly,weighted,0.0,region_02
2021-06-26,2,Other,0.43634971976,0.57259386778,0.30679610372,weekly,weighted,0.0,region_02
2021-07-03,2,Other,0.27354642749,0.37621387839,0.18591220677,weekly,weighted,0.0,region_02
2021-07-10,2,Other,0.10543163958999999,0.21284661442,0.05732871033,weekly,weighted,0.0,region_02
2021-07-17,2,Other,0.090535636995,0.17372684926,0.055341405095,weekly,weighted,0.0,region_02
2021-07-24,2,Other,0.029554854145000004,0.04245117959,0.021741652514999998,weekly,weighted,0.0,region_02
2021-07-31,2,Other,0.02870421112,0.04642433673,0.01638273895,weekly,weighted,0.0,region_02
2021-08-07,2,Other,0.0219906494,0.03292000666,0.01393248513,weekly,weighted,0.0,region_02
2021-07-03,2,P.1,0.0457159169,0.08352999389,0.02456151694,weekly,weighted,0.0,region_02
2021-07-10,2,P.1,0.03992142901,0.08346252143,0.01863325201,weekly,weighted,0.0,region_02
2021-07-17,2,P.1,0.02955657616,0.08486171812,0.00990421232,weekly,weighted,0.0,region_02
2022-11-12,2,XBB,0.04152751714,0.07380625606,0.02060476691,weekly,weighted,0.0,region_02
2022-11-19,2,XBB,0.067829072475,0.108331874015,0.039181867615000004,weekly,weighted,,region_02
2022-11-26,2,XBB,0.09413062781,0.14285749197,0.05775896832,weekly,weighted,0.0,region_02
2022-12-03,2,XBB,0.08755671978,0.1165676266,0.06379141659,weekly,weighted,0.0,region_02
2022-12-10,2,XBB,0.08796175569,0.13292868435,0.05436270684,weekly,weighted,0.0,region_02
2022-12-17,2,XBB,0.07189378142,0.10666688532,0.04569227993,weekly,weighted,0.0,region_02
2022-12-24,2,XBB,0.06090280041,0.09255415946,0.0375617668,weekly,weighted,0.0,region_02
2022-12-31,2,XBB,0.04236447811,0.06034766138,0.02851119451,weekly,weighted,0.0,region_02
2023-01-07,2,XBB,0.03113182448,0.04425465316,0.02103631385,weekly,weighted,0.0,region_02
2023-01-14,2,XBB,0.03091586567,0.04107392207,0.02268829197,weekly,weighted,0.0,region_02
2023-01-21,2,XBB,0.02053992264,0.03313804045,0.01178658288,weekly,weighted,0.0,region_02
2023-01-28,2,XBB,0.0185933616,0.02606472187,0.01280164253,weekly,weighted,0.0,region_02
2023-02-04,2,XBB,0.01053228416,0.01724577509,0.00593756372,weekly,weighted,0.0,region_02
2023-02-11,2,XBB,0.01218646299,0.02162166312,0.00613105157,weekly,weighted,0.0,region_02
2023-02-18,2,XBB,0.012390698733243244,0.021862551868648647,0.0062894695021621615,weekly,weighted,,region_02
2023-02-25,2,XBB,0.012594934476486488,0.022103440617297295,0.006447887434324324,weekly,weighted,,region_02
2023-03-04,2,XBB,0.01279917021972973,0.022344329365945943,0.006606305366486486,weekly,weighted,,region_02
2023-03-11,2,XBB,0.013003405962972973,0.022585218114594595,0.006764723298648649,weekly,weighted,,region_02
2023-03-18,2,XBB,0.013207641706216217,0.022826106863243243,0.00692314123081081,weekly,weighted,,region_02
2023-03-25,2,XBB,0.01341187744945946,0.02306699561189189,0.007081559162972973,weekly,weighted,,region_02
2023-04-01,2,XBB,0.013616113192702704,0.02330788436054054,0.007239977095135135,weekly,weighted,,region_02
2023-04-08,2,XBB,0.013820348935945945,0.023548773109189187,0.007398395027297297,weekly,weighted,,region_02
2023-04-15,2,XBB,0.014024584679189189,0.023789661857837836,0.007556812959459459,weekly,weighted,,region_02
2023-04-22,2,XBB,0.014228820422432432,0.024030550606486487,0.007715230891621621,weekly,weighted,,region_02
2023-04-29,2,XBB,0.014433056165675676,0.024271439355135135,0.007873648823783783,weekly,weighted,,region_02
2023-05-06,2,XBB,0.01463729190891892,0.024512328103783784,0.008032066755945946,weekly,weighted,,region_02
2023-05-13,2,XBB,0.014841527652162163,0.02475321685243243,0.008190484688108108,weekly,weighted,,region_02
2023-05-20,2,XBB,0.015045763395405405,0.02499410560108108,0.008348902620270271,weekly,weighted,,region_02
2023-05-27,2,XBB,0.015249999138648648,0.025234994349729728,0.008507320552432432,weekly,weighted,,region_02
2023-06-03,2,XBB,0.015454234881891892,0.02547588309837838,0.008665738484594595,weekly,weighted,,region_02
2023-06-10,2,XBB,0.015658470625135135,0.025716771847027028,0.008824156416756757,weekly,weighted,,region_02
2023-06-17,2,XBB,0.015862706368378377,0.025957660595675676,0.008982574348918918,weekly,weighted,,region_02
2023-06-24,2,XBB,0.016066942111621622,0.026198549344324324,0.00914099228108108,weekly,weighted,,region_02
2023-07-01,2,XBB,0.016271177854864864,0.026439438092972972,0.009299410213243244,weekly,weighted,,region_02
2023-07-08,2,XBB,0.01647541359810811,0.02668032684162162,0.009457828145405406,weekly,weighted,,region_02
2023-07-15,2,XBB,0.01667964934135135,0.026921215590270272,0.009616246077567567,weekly,weighted,,region_02
2023-07-22,2,XBB,0.016883885084594593,0.02716210433891892,0.00977466400972973,weekly,weighted,,region_02
2023-07-29,2,XBB,0.017088120827837838,0.02740299308756757,0.009933081941891892,weekly,weighted,,region_02
2023-08-05,2,XBB,0.01729235657108108,0.027643881836216216,0.010091499874054053,weekly,weighted,,region_02
2023-08-12,2,XBB,0.017496592314324325,0.027884770584864865,0.010249917806216216,weekly,weighted,,region_02
2023-08-19,2,XBB,0.017700828057567567,0.028125659333513513,0.010408335738378379,weekly,weighted,,region_02
2023-08-26,2,XBB,0.01790506380081081,0.028366548082162164,0.010566753670540541,weekly,weighted,,region_02
2023-09-02,2,XBB,0.018109299544054054,0.028607436830810812,0.010725171602702702,weekly,weighted,,region_02
2023-09-09,2,XBB,0.018313535287297296,0.02884832557945946,0.010883589534864865,weekly,weighted,,region_02
2023-09-16,2,XBB,0.01851777103054054,0.02908921432810811,0.011042007467027028,weekly,weighted,,region_02
2023-09-23,2,XBB,0.018722006773783783,0.029330103076756757,0.011200425399189189,weekly,weighted,,region_02
2023-09-30,2,XBB,0.018926242517027025,0.029570991825405405,0.011358843331351351,weekly,weighted,,region_02
2023-10-07,2,XBB,0.01913047826027027,0.029811880574054057,0.011517261263513514,weekly,weighted,,region_02
2023-10-14,2,XBB,0.019334714003513512,0.030052769322702705,0.011675679195675677,weekly,weighted,,region_02
2023-10-21,2,XBB,0.019538949746756757,0.030293658071351353,0.011834097127837838,weekly,weighted,,region_02
2023-10-28,2,XBB,0.01974318549,0.03053454682,0.01199251506,biweekly,weighted,0.0,region_02
2023-11-04,2,XBB,0.018680117325,0.0287355387875,0.011431392821666667,biweekly,weighted,,region_02
2023-11-11,2,XBB,0.01761704916,0.026936530755,0.010870270583333333,biweekly,weighted,,region_02
2023-11-18,2,XBB,0.016553980995,0.0251375227225,0.010309148345,biweekly,weighted,,region_02
2023-11-25,2,XBB,0.015490912829999998,0.02333851469,0.009748026106666667,biweekly,weighted,,region_02
2023-12-02,2,XBB,0.014427844665,0.0215395066575,0.009186903868333332,biweekly,weighted,,region_02
2023-12-09,2,XBB,0.0133647765,0.019740498625,0.008625781629999999,biweekly,weighted,0.0,region_02
2023-10-14,2,XBB.1.16,0.02622740529,0.0374631919,0.01762648858,biweekly,weighted,0.0,region_02
2023-10-21,2,XBB.1.16,0.02113375347,0.031741304325,0.013386467935,biweekly,weighted,,region_02
2023-10-28,2,XBB.1.16,0.01604010165,0.02601941675,0.00914644729,biweekly,weighted,0.0,region_02
2023-10-14,2,XBB.1.16.1,0.01070174295,0.01746411435,0.00606075628,biweekly,weighted,0.0,region_02
2023-10-14,2,XBB.1.16.11,0.01287228242,0.02013137192,0.00771509251,biweekly,weighted,0.0,region_02
2023-10-21,2,XBB.1.16.11,0.013201272114999999,0.02151740715,0.007496546025,biweekly,weighted,,region_02
2023-10-28,2,XBB.1.16.11,0.01353026181,0.02290344238,0.00727799954,biweekly,weighted,0.0,region_02
2023-10-14,2,XBB.1.16.6,0.06042327359,0.07627052814,0.04701048508,biweekly,weighted,0.0,region_02
2023-10-21,2,XBB.1.16.6,0.053474910555000005,0.07778814807500001,0.03576469235,biweekly,weighted,,region_02
2023-10-28,2,XBB.1.16.6,0.04652654752,0.07930576801,0.02451889962,biweekly,weighted,0.0,region_02
2023-11-04,2,XBB.1.16.6,0.03941071987875,0.066992054225,0.02087470505,biweekly,weighted,,region_02
2023-11-11,2,XBB.1.16.6,0.0322948922375,0.05467834044,0.01723051048,biweekly,weighted,,region_02
2023-11-18,2,XBB.1.16.6,0.025179064596250002,0.042364626655,0.01358631591,biweekly,weighted,,region_02
2023-11-25,2,XBB.1.16.6,0.018063236955,0.03005091287,0.00994212134,biweekly,weighted,0.0,region_02
2023-12-02,2,XBB.1.16.6,0.0143448675475,0.023776320275000002,0.0079425007575,biweekly,weighted,,region_02
2023-12-09,2,XBB.1.16.6,0.01062649814,0.017501727680000002,0.005942880175,biweekly,weighted,0.0,region_02
2023-12-16,2,XBB.1.16.6,0.0083128617825,0.013993946602500001,0.0045168603525,biweekly,weighted,,region_02
2023-12-23,2,XBB.1.16.6,0.005999225425,0.010486165525,0.0030908405299999997,biweekly,weighted,0.0,region_02
2022-12-03,2,XBB.1.5,0.12572188675,0.21601741016,0.0634110868,weekly,weighted,0.0,region_02
2022-12-10,2,XBB.1.5,0.18141920865,0.26537975669,0.11498632282,weekly,weighted,0.0,region_02
2022-12-17,2,XBB.1.5,0.29575679451500003,0.41242454946,0.193464990705,weekly,weighted,,region_02
2022-12-24,2,XBB.1.5,0.41009438038,0.55946934223,0.27194365859,weekly,weighted,0.0,region_02
2022-12-31,2,XBB.1.5,0.512834608555,0.6357832551,0.39190755784500003,weekly,weighted,,region_02
2023-01-07,2,XBB.1.5,0.61557483673,0.71209716797,0.5118714571,weekly,weighted,0.0,region_02
2023-01-14,2,XBB.1.5,0.67173010111,0.72411304712,0.61597985029,weekly,weighted,0.0,region_02
2023-01-21,2,XBB.1.5,0.78327572346,0.82482755184,0.73697447777,weekly,weighted,0.0,region_02
2023-01-28,2,XBB.1.5,0.82430571318,0.87638527155,0.76145231724,weekly,weighted,0.0,region_02
2023-02-04,2,XBB.1.5,0.85345727205,0.88194918633,0.82110887766,weekly,weighted,0.0,region_02
2023-02-11,2,XBB.1.5,0.8520604372,0.89076936245,0.80601662397,weekly,weighted,0.0,region_02
2023-02-18,2,XBB.1.5,0.88387870789,0.91793298721,0.84197163582,weekly,weighted,0.0,region_02
2023-02-25,2,XBB.1.5,0.8584256109767647,0.8917376403391177,0.8175580895741177,weekly,weighted,,region_02
2023-03-04,2,XBB.1.5,0.8329725140635295,0.8655422934682353,0.7931445433282354,weekly,weighted,,region_02
2023-03-11,2,XBB.1.5,0.8075194171502941,0.839346946597353,0.7687309970823529,weekly,weighted,,region_02
2023-03-18,2,XBB.1.5,0.7820663202370588,0.8131515997264707,0.7443174508364706,weekly,weighted,,region_02
2023-03-25,2,XBB.1.5,0.7566132233238235,0.7869562528555882,0.7199039045905883,weekly,weighted,,region_02
2023-04-01,2,XBB.1.5,0.7311601264105883,0.7607609059847059,0.6954903583447059,weekly,weighted,,region_02
2023-04-08,2,XBB.1.5,0.705707029497353,0.7345655591138236,0.6710768120988235,weekly,weighted,,region_02
2023-04-15,2,XBB.1.5,0.6802539325841177,0.7083702122429412,0.6466632658529412,weekly,weighted,,region_02
2023-04-22,2,XBB.1.5,0.6548008356708823,0.6821748653720588,0.6222497196070589,weekly,weighted,,region_02
2023-04-29,2,XBB.1.5,0.629347738757647,0.6559795185011765,0.5978361733611766,weekly,weighted,,region_02
2023-05-06,2,XBB.1.5,0.6038946418444118,0.6297841716302942,0.5734226271152941,weekly,weighted,,region_02
2023-05-13,2,XBB.1.5,0.5784415449311765,0.6035888247594118,0.5490090808694118,weekly,weighted,,region_02
2023-05-20,2,XBB.1.5,0.5529884480179412,0.5773934778885295,0.5245955346235295,weekly,weighted,,region_02
2023-05-27,2,XBB.1.5,0.5275353511047058,0.5511981310176471,0.500181988377647,weekly,weighted,,region_02
2023-06-03,2,XBB.1.5,0.5020822541914706,0.5250027841467647,0.4757684421317647,weekly,weighted,,region_02
2023-06-10,2,XBB.1.5,0.4766291572782353,0.4988074372758824,0.4513548958858824,weekly,weighted,,region_02
2023-06-17,2,XBB.1.5,0.451176060365,0.472612090405,0.4269413496400001,weekly,weighted,,region_02
2023-06-24,2,XBB.1.5,0.4257229634517647,0.4464167435341177,0.4025278033941177,weekly,weighted,,region_02
2023-07-01,2,XBB.1.5,0.4002698665385294,0.4202213966632353,0.3781142571482353,weekly,weighted,,region_02
2023-07-08,2,XBB.1.5,0.3748167696252941,0.394026049792353,0.353700710902353,weekly,weighted,,region_02
2023-07-15,2,XBB.1.5,0.3493636727120588,0.36783070292147063,0.3292871646564707,weekly,weighted,,region_02
2023-07-22,2,XBB.1.5,0.32391057579882354,0.34163535605058826,0.3048736184105883,weekly,weighted,,region_02
2023-07-29,2,XBB.1.5,0.2984574788855882,0.31544000917970594,0.2804600721647059,weekly,weighted,,region_02
2023-08-05,2,XBB.1.5,0.27300438197235294,0.28924466230882356,0.2560465259188236,weekly,weighted,,region_02
2023-08-12,2,XBB.1.5,0.24755128505911764,0.2630493154379412,0.23163297967294125,weekly,weighted,,region_02
2023-08-19,2,XBB.1.5,0.22209818814588234,0.23685396856705887,0.2072194334270589,weekly,weighted,,region_02
2023-08-26,2,XBB.1.5,0.19664509123264706,0.2106586216961765,0.18280588718117655,weekly,weighted,,region_02
2023-09-02,2,XBB.1.5,0.17119199431941176,0.18446327482529415,0.1583923409352942,weekly,weighted,,region_02
2023-09-09,2,XBB.1.5,0.14573889740617646,0.1582679279544118,0.13397879468941185,weekly,weighted,,region_02
2023-09-16,2,XBB.1.5,0.12028580049294117,0.13207258108352943,0.1095652484435295,weekly,weighted,,region_02
2023-09-23,2,XBB.1.5,0.09483270357970588,0.10587723421264708,0.08515170219764714,weekly,weighted,,region_02
2023-09-30,2,XBB.1.5,0.06937960666647058,0.07968188734176473,0.060738155951764794,weekly,weighted,,region_02
2023-10-07,2,XBB.1.5,0.04392650975323529,0.05348654047088238,0.036324609705882444,weekly,weighted,,region_02
2023-10-14,2,XBB.1.5,0.01847341284,0.0272911936,0.01191106346,biweekly,weighted,0.0,region_02
2023-01-21,2,XBB.1.5.1,0.00953599624,0.01575309224,0.00531249028,weekly,weighted,0.0,region_02
2023-01-28,2,XBB.1.5.1,0.01216468494,0.01847458445,0.00757757528,weekly,weighted,0.0,region_02
2023-02-04,2,XBB.1.5.1,0.01133063901,0.01881565154,0.0062640165,weekly,weighted,0.0,region_02
2023-10-28,2,XBB.1.5.70,0.01564100571,0.02552731521,0.00884565338,biweekly,weighted,0.0,region_02
2023-10-14,2,XBB.1.9.1,0.01328146737,0.02220512554,0.00726984534,biweekly,weighted,0.0,region_02
2023-10-21,2,XBB.1.9.1,0.013710952365000001,0.02347793989,0.0072601207049999995,biweekly,weighted,,region_02
2023-10-28,2,XBB.1.9.1,0.01414043736,0.02475075424,0.00725039607,biweekly,weighted,0.0,region_02
2023-11-04,2,XBB.1.9.1,0.0137587522625,0.02339101024,0.0073632111325,biweekly,weighted,,region_02
2023-11-11,2,XBB.1.9.1,0.013377067165,0.02203126624,0.007476026195,biweekly,weighted,0.0,region_02
2023-11-18,2,XBB.1.9.1,0.013951961414999998,0.022624412085,0.007965498605,biweekly,weighted,,region_02
2023-11-25,2,XBB.1.9.1,0.014526855665,0.02321755793,0.008454971015,biweekly,weighted,0.0,region_02
2023-12-02,2,XBB.1.9.1,0.01213725726,0.019301458495,0.0071151365975,biweekly,weighted,,region_02
2023-12-09,2,XBB.1.9.1,0.009747658855,0.01538535906,0.0057753021800000005,biweekly,weighted,0.0,region_02
2023-10-14,2,XBB.2.3,0.02943199687,0.03950856254,0.02133673429,biweekly,weighted,0.0,region_02
2023-10-21,2,XBB.2.3,0.03213808965,0.04406167567,0.02271230146,biweekly,weighted,,region_02
2023-10-28,2,XBB.2.3,0.03484418243,0.0486147888,0.02408786863,biweekly,weighted,0.0,region_02
2023-11-04,2,XBB.2.3,0.02738850098,0.0395865724425,0.018167908535,biweekly,weighted,,region_02
2023-11-11,2,XBB.2.3,0.01993281953,0.030558356085000002,0.01224794844,biweekly,weighted,0.0,region_02
2023-11-18,2,XBB.2.3,0.0191253493525,0.0312778935775,0.010827164165,biweekly,weighted,,region_02
2023-11-25,2,XBB.2.3,0.018317879175,0.03199743107,0.00940637989,biweekly,weighted,0.0,region_02
2023-12-02,2,XBB.2.3,0.015176213984999999,0.026540638996249998,0.00778332800875,biweekly,weighted,,region_02
2023-12-09,2,XBB.2.3,0.012034548794999999,0.0210838469225,0.0061602761275,biweekly,weighted,,region_02
2023-12-16,2,XBB.2.3,0.008892883605,0.015627054848750002,0.004537224246250001,biweekly,weighted,,region_02
2023-12-23,2,XBB.2.3,0.005751218415,0.010170262775000001,0.002914172365,biweekly,weighted,0.0,region_02
2024-09-14,2,XEC,0.020110662095000002,0.03084043041,0.012351857965,biweekly,weighted,0.0,region_02
2024-09-21,2,XEC,0.032528024320833335,0.04776951981166666,0.021095277975833333,biweekly,weighted,,region_02
2024-09-28,2,XEC,0.04494538654666667,0.06469860921333333,0.029838697986666666,biweekly,weighted,0.0,region_02
2024-10-05,2,XEC,0.055732155840000006,0.08061442027333332,0.03670239728,biweekly,weighted,,region_02
2024-10-12,2,XEC,0.06651892513333334,0.09653023133333333,0.04356609657333333,biweekly,weighted,0.0,region_02
2024-10-19,2,XEC,0.10882943247833332,0.15749836837166667,0.07083205940666668,biweekly,weighted,,region_02
2024-10-26,2,XEC,0.15113993982333332,0.21846650541,0.09809802224000001,biweekly,weighted,0.0,region_02
2024-11-02,2,XEC,0.17810291796833333,0.24119893958333333,0.12614182507000002,biweekly,weighted,,region_02
2024-11-09,2,XEC,0.20506589611333334,0.26393137375666664,0.1541856279,biweekly,weighted,0.0,region_02
2024-11-16,2,XEC,0.220174392065,0.3139370083816666,0.14434984574833332,biweekly,weighted,,region_02
2024-11-23,2,XEC,0.23528288801666666,0.3639426430066666,0.13451406359666665,biweekly,weighted,0.0,region_02
2024-11-30,2,XEC,0.26584090789333337,0.3645065923533333,0.18421101569999998,biweekly,weighted,,region_02
2024-12-07,2,XEC,0.29639892777000004,0.36507054170000003,0.23390796780333334,biweekly,weighted,0.0,region_02
2024-12-14,2,XEC,0.3014017293866667,0.39531399806333334,0.218767243125,biweekly,weighted,,region_02
2024-12-21,2,XEC,0.30640453100333337,0.4255574544266667,0.20362651844666665,biweekly,weighted,0.0,region_02
2024-12-28,2,XEC,0.3538871556533334,0.44485802451833334,0.2722540472933333,biweekly,weighted,,region_02
2025-01-04,2,XEC,0.40136978030333337,0.46415859461,0.34088157614,biweekly,weighted,0.0,region_02
2025-01-11,2,XEC,0.3924664855016667,0.492311745885,0.29992167155,biweekly,weighted,,region_02
2025-01-18,2,XEC,0.3835631907,0.52046489716,0.25896176696,biweekly,weighted,0.0,region_02
2025-01-25,2,XEC,0.36687128246,0.45931299031,0.28165405989000003,biweekly,weighted,,region_02
2025-02-01,2,XEC,0.35017937422,0.39816108346,0.30434635282,biweekly,weighted,0.0,region_02
2025-02-08,2,XEC,0.33222552389,0.38855534047,0.2798805013325,biweekly,weighted,,region_02
2025-02-15,2,XEC,0.31427167355999996,0.37894959748,0.255414649845,biweekly,weighted,,region_02
2025-02-22,2,XEC,0.29631782323,0.36934385449,0.23094879835749998,biweekly,weighted,,region_02
2025-03-01,2,XEC,0.2783639729,0.3597381115,0.20648294687,biweekly,weighted,0.0,region_02
2025-03-08,2,XEC,0.201217163355,0.28861489892000003,0.133544070645,biweekly,weighted,,region_02
2025-03-15,2,XEC,0.12407035381,0.21749168634,0.06060519442,biweekly,weighted,0.0,region_02
2021-07-03,3,AY.3,0.06692250073,0.12416896224,0.03501364216,weekly,weighted,0.0,region_03
2021-07-10,3,AY.3,0.08194453269,0.11737601459,0.05652356893,weekly,weighted,0.0,region_03
2021-07-17,3,AY.3,0.11553206295,0.20075519383,0.06360797584,weekly,weighted,0.0,region_03
2021-07-24,3,AY.3,0.07755763829,0.1360026747,0.04297907278,weekly,weighted,0.0,region_03
2021-07-31,3,AY.3,0.09647008032,0.10633736104,0.08742883801,weekly,weighted,0.0,region_03
2021-03-06,3,B.1.1.7,0.19676367939,0.28540405631,0.13062092662,weekly,weighted,0.0,region_03
2021-03-13,3,B.1.1.7,0.25023820996,0.27962183952,0.22298651934,weekly,weighted,0.0,region_03
2021-03-20,3,B.1.1.7,0.36307042837,0.44892933965,0.28513580561,weekly,weighted,0.0,region_03
2021-03-27,3,B.1.1.7,0.52181100845,0.58164429665,0.46134525537,weekly,weighted,0.0,region_03
2021-04-03,3,B.1.1.7,0.57623142004,0.63011878729,0.52046781778,weekly,weighted,0.0,region_03
2021-04-10,3,B.1.1.7,0.65502792597,0.71495676041,0.58972960711,weekly,weighted,0.0,region_03
2021-04-17,3,B.1.1.7,0.64394247532,0.6783066988,0.60802865028,weekly,weighted,0.0,region_03
2021-04-24,3,B.1.1.7,0.66498720646,0.72273218632,0.60184133053,weekly,weighted,0.0,region_03
2021-05-01,3,B.1.1.7,0.71995055676,0.80156803131,0.62065029144,weekly,weighted,0.0,region_03
2021-05-08,3,B.1.1.7,0.69665133953,0.74262684584,0.64637386799,weekly,weighted,0.0,region_03
2021-05-15,3,B.1.1.7,0.7218233943,0.75707709789,0.68359172344,weekly,weighted,0.0,region_03
2021-05-22,3,B.1.1.7,0.72794169188,0.76229870319,0.69063407183,weekly,weighted,0.0,region_03
2021-05-29,3,B.1.1.7,0.69947040081,0.72792357206,0.6693931222,weekly,weighted,0.0,region_03
2021-06-05,3,B.1.1.7,0.63642907143,0.70906949043,0.55698341131,weekly,weighted,0.0,region_03
2021-06-12,3,B.1.1.7,0.60066717863,0.69988375902,0.49243736267,weekly,weighted,0.0,region_03
2021-06-19,3,B.1.1.7,0.55506110191,0.64009284973,0.46667823195,weekly,weighted,0.0,region_03
2021-06-26,3,B.1.1.7,0.40342244506,0.56369197369,0.261418432,weekly,weighted,0.0,region_03
2021-07-03,3,B.1.1.7,0.21431362629,0.30654352903,0.1440679729,weekly,weighted,0.0,region_03
2021-07-10,3,B.1.1.7,0.14980256557,0.24118937552,0.08898179978,weekly,weighted,0.0,region_03
2021-07-17,3,B.1.1.7,0.05718712136,0.16541081667,0.01822494902,weekly,weighted,0.0,region_03
2021-07-24,3,B.1.1.7,0.02715205401,0.04028397426,0.01821965724,weekly,weighted,0.0,region_03
2021-03-06,3,B.1.351,0.01166249439,0.04851128161,0.00272363401,weekly,weighted,0.0,region_03
2021-03-13,3,B.1.351,0.01758038625,0.05477476865,0.00549571542,weekly,weighted,0.0,region_03
2021-03-20,3,B.1.351,0.01412915438,0.04255606979,0.0045998306,weekly,weighted,0.0,region_03
2021-03-27,3,B.1.351,0.01758146472,0.04848431796,0.00624612253,weekly,weighted,0.0,region_03
2021-04-03,3,B.1.351,0.01178754959,0.02797134593,0.00492005702,weekly,weighted,0.0,region_03
2021-04-10,3,B.1.351,0.01571980491,0.0388241075,0.00627515279,weekly,weighted,0.0,region_03
2021-04-17,3,B.1.351,0.01059053745,0.01521067508,0.0073632421,weekly,weighted,0.0,region_03
2021-04-24,3,B.1.351,0.00798646268,0.03631460667,0.00171704369,weekly,weighted,0.0,region_03
2021-05-01,3,B.1.351,0.00847288594,0.01627721637,0.00439373311,weekly,weighted,0.0,region_03
2021-05-08,3,B.1.351,0.00814279262,0.03216248751,0.00202405057,weekly,weighted,0.0,region_03
2021-03-06,3,B.1.525,0.00927462988,0.02531014755,0.00336352875,weekly,weighted,0.0,region_03
2021-03-13,3,B.1.525,0.0173959285,0.02314509451,0.01305574924,weekly,weighted,0.0,region_03
2021-03-20,3,B.1.525,0.01737084053,0.03068541363,0.00977527257,weekly,weighted,0.0,region_03
2021-03-27,3,B.1.525,0.01576045156,0.02587330714,0.00956151448,weekly,weighted,0.0,region_03
2021-04-03,3,B.1.525,0.01389675401,0.02603695169,0.00737428339,weekly,weighted,0.0,region_03
2021-04-10,3,B.1.525,0.01441822294,0.02372709103,0.00872885715,weekly,weighted,0.0,region_03
2021-04-17,3,B.1.525,0.00737478258,0.02057806961,0.00262031518,weekly,weighted,0.0,region_03
2021-04-24,3,B.1.525,0.0084134778,0.01265005209,0.00558772637,weekly,weighted,0.0,region_03
2021-05-01,3,B.1.525,0.00723487278,0.01761517674,0.00295310561,weekly,weighted,0.0,region_03
2021-05-08,3,B.1.525,0.00928454008,0.02203406766,0.00388295483,weekly,weighted,0.0,region_03
2021-03-06,3,B.1.526,0.09654705226,0.24760955572,0.03353728727,weekly,weighted,0.0,region_03
2021-03-13,3,B.1.526,0.15981319547,0.26733902097,0.09021013975,weekly,weighted,0.0,region_03
2021-03-20,3,B.1.526,0.17089670897,0.28529593349,0.09619561583,weekly,weighted,0.0,region_03
2021-03-27,3,B.1.526,0.18502302468,0.28955712914,0.11226379126,weekly,weighted,0.0,region_03
2021-04-03,3,B.1.526,0.188212201,0.25524312258,0.13558004797,weekly,weighted,0.0,region_03
2021-04-10,3,B.1.526,0.18408249319,0.27026513219,0.1208313778,weekly,weighted,0.0,region_03
2021-04-17,3,B.1.526,0.19530750811,0.28048148751,0.13127920032,weekly,weighted,0.0,region_03
2021-04-24,3,B.1.526,0.19919838011,0.28221049905,0.13597847521,weekly,weighted,0.0,region_03
2021-05-01,3,B.1.526,0.17918300629,0.28401380777,0.10724971443,weekly,weighted,0.0,region_03
2021-05-08,3,B.1.526,0.20012834668,0.29143190384,0.13209682703,weekly,weighted,0.0,region_03
2021-05-15,3,B.1.526,0.17848819494,0.25691983104,0.12012914568,weekly,weighted,0.0,region_03
2021-05-22,3,B.1.526,0.13503748178,0.2148412019,0.0817892924,weekly,weighted,0.0,region_03
2021-05-29,3,B.1.526,0.16383878887,0.26379576325,0.09677837044,weekly,weighted,0.0,region_03
2021-06-05,3,B.1.526,0.15725693107,0.2243360281,0.10745660961,weekly,weighted,0.0,region_03
2021-06-12,3,B.1.526,0.15436652303,0.21660910547,0.10755380988,weekly,weighted,0.0,region_03
2021-06-19,3,B.1.526,0.10323929042,0.20421731472,0.04910990596,weekly,weighted,0.0,region_03
2021-06-26,3,B.1.526,0.1291526258,0.23474420607,0.06690520793,weekly,weighted,0.0,region_03
2021-07-03,3,B.1.526,0.05446112156,0.08736277372,0.03349576518,weekly,weighted,0.0,region_03
2021-04-17,3,B.1.617.2,0.00568999955,0.01112373546,0.00290275016,weekly,weighted,0.0,region_03
2021-04-24,3,B.1.617.2,0.00902276952,0.01948635094,0.00415401161,weekly,weighted,0.0,region_03
2021-05-01,3,B.1.617.2,0.00817810185,0.0226921197,0.00291960523,weekly,weighted,0.0,region_03
2021-05-08,3,B.1.617.2,0.0074671586,0.01829870604,0.0030273539,weekly,weighted,0.0,region_03
2021-05-15,3,B.1.617.2,0.01222701743,0.03309998289,0.00445595803,weekly,weighted,0.0,region_03
2021-05-22,3,B.1.617.2,0.021101058465000003,0.04016753286,0.01051797392,weekly,weighted,0.0,region_03
2021-05-29,3,B.1.617.2,0.02571451291,0.04447859526,0.01335973386,weekly,weighted,0.0,region_03
2021-06-05,3,B.1.617.2,0.048456810415,0.105879787355,0.02180778235,weekly,weighted,0.0,region_03
2021-06-12,3,B.1.617.2,0.07997430116000001,0.132506906985,0.04538163543,weekly,weighted,0.0,region_03
2021-06-19,3,B.1.617.2,0.14945372194,0.28776702285,0.074828624725,weekly,weighted,0.0,region_03
2021-06-26,3,B.1.617.2,0.22891557217,0.37745326757,0.12691478431,weekly,weighted,0.0,region_03
2021-07-03,3,B.1.617.2,0.553300112485,0.644407093525,0.460132300855,weekly,weighted,0.0,region_03
2021-07-10,3,B.1.617.2,0.6594945192299999,0.74386265874,0.56581887603,weekly,weighted,0.0,region_03
2021-07-17,3,B.1.617.2,0.784773141145,0.8524616658699999,0.70080977678,weekly,weighted,0.0,region_03
2021-07-24,3,B.1.617.2,0.85244870186,0.89887273312,0.78969913721,weekly,weighted,0.0,region_03
2021-07-31,3,B.1.617.2,0.88074672222,0.89332163334,0.86691045761,weekly,weighted,0.0,region_03
2021-05-01,3,B.1.621,0.00626241788,0.01897707582,0.00204880117,weekly,weighted,0.0,region_03
2021-05-08,3,B.1.621,0.007830413055,0.017251142770000002,0.003862161425,weekly,weighted,,region_03
2021-05-15,3,B.1.621,0.00939840823,0.01552520972,0.00567552168,weekly,weighted,0.0,region_03
2021-05-22,3,B.1.621,0.0184995681025,0.0354346784325,0.009616365425,weekly,weighted,,region_03
2021-05-29,3,B.1.621,0.027600727974999996,0.055344147145,0.01355720917,weekly,weighted,,region_03
2021-06-05,3,B.1.621,0.036701887847499996,0.0752536158575,0.017498052915,weekly,weighted,,region_03
2021-06-12,3,B.1.621,0.04580304772,0.09516308457,0.02143889666,weekly,weighted,0.0,region_03
2023-12-23,3,BA.2.86,0.03681213781,0.05690835416,0.02229726128,biweekly,weighted,0.0,region_03
2023-06-24,3,EG.5,0.07933972031,0.13410067558,0.04184982553,biweekly,weighted,0.0,region_03
2023-07-01,3,EG.5,0.090049758555,0.14577639475249998,0.05068134982,biweekly,weighted,,region_03
2023-07-08,3,EG.5,0.1007597968,0.157452113925,0.05951287411,biweekly,weighted,,region_03
2023-07-15,3,EG.5,0.11146983504500001,0.1691278330975,0.06834439839999999,biweekly,weighted,,region_03
2023-07-22,3,EG.5,0.12217987329,0.18080355227,0.07717592269,biweekly,weighted,0.0,region_03
2023-07-29,3,EG.5,0.12303255871,0.17601474374499998,0.081458900125,biweekly,weighted,,region_03
2023-08-05,3,EG.5,0.12388524413,0.17122593522,0.08574187756,biweekly,weighted,0.0,region_03
2023-08-12,3,EG.5,0.14660654962,0.1895878911,0.11051057279500001,biweekly,weighted,,region_03
2023-08-19,3,EG.5,0.16932785511,0.20794984698,0.13527926803,biweekly,weighted,0.0,region_03
2023-08-26,3,EG.5,0.19818995893000002,0.232336625455,0.16728322953000002,biweekly,weighted,,region_03
2023-09-02,3,EG.5,0.22705206275,0.25672340393,0.19928719103,biweekly,weighted,0.0,region_03
2023-09-09,3,EG.5,0.24234098196,0.270787999035,0.21551287174,biweekly,weighted,,region_03
2023-09-16,3,EG.5,0.25762990117,0.28485259414,0.23173855245,biweekly,weighted,0.0,region_03
2023-09-23,3,EG.5,0.22683107853,0.25750502199,0.19834088534,biweekly,weighted,,region_03
2023-09-30,3,EG.5,0.19603225589,0.23015744984,0.16494321823,biweekly,weighted,0.0,region_03
2023-10-07,3,EG.5,0.212005972865,0.253018967805,0.174875207245,biweekly,weighted,,region_03
2023-10-14,3,EG.5,0.22797968984,0.27588048577,0.18480719626,biweekly,weighted,0.0,region_03
2023-10-21,3,EG.5,0.21895871311499998,0.262140125035,0.17988524586,biweekly,weighted,,region_03
2023-10-28,3,EG.5,0.20993773639,0.2483997643,0.17496329546,biweekly,weighted,0.0,region_03
2023-11-04,3,EG.5,0.182785265145,0.22610832750999998,0.144985072315,biweekly,weighted,,region_03
2023-11-11,3,EG.5,0.1556327939,0.20381689072,0.11500684917,biweekly,weighted,0.0,region_03
2023-11-18,3,EG.5,0.146343410015,0.18884494156,0.11025361717,biweekly,weighted,,region_03
2023-11-25,3,EG.5,0.13705402613,0.1738729924,0.10550038517,biweekly,weighted,0.0,region_03
2023-12-02,3,EG.5,0.12459086627,0.15573295951,0.09771248326000001,biweekly,weighted,,region_03
2023-12-09,3,EG.5,0.11212770641,0.13759292662,0.08992458135,biweekly,weighted,0.0,region_03
2023-12-16,3,EG.5,0.097531467675,0.126449432225,0.073594659565,biweekly,weighted,,region_03
2023-12-23,3,EG.5,0.08293522894,0.11530593783,0.05726473778,biweekly,weighted,0.0,region_03
2023-08-05,3,FL.1.5.1,0.07970837504,0.13877660036,0.04017673433,biweekly,weighted,0.0,region_03
2023-08-12,3,FL.1.5.1,0.085286647085,0.130420234055,0.052813455465000006,biweekly,weighted,,region_03
2023-08-19,3,FL.1.5.1,0.09086491913,0.12206386775,0.0654501766,biweekly,weighted,0.0,region_03
2023-08-26,3,FL.1.5.1,0.10739053040999999,0.139026802035,0.08090841770500001,biweekly,weighted,,region_03
2023-09-02,3,FL.1.5.1,0.12391614169,0.15598973632,0.09636665881,biweekly,weighted,0.0,region_03
2023-09-09,3,FL.1.5.1,0.13012890145,0.1676825583,0.09836095199,biweekly,weighted,,region_03
2023-09-16,3,FL.1.5.1,0.13634166121,0.17937538028,0.10035524517,biweekly,weighted,0.0,region_03
2023-09-23,3,FL.1.5.1,0.13781849294499998,0.17174512893,0.10865402594,biweekly,weighted,,region_03
2023-09-30,3,FL.1.5.1,0.13929532468,0.16411487758,0.11695280671,biweekly,weighted,0.0,region_03
2023-10-07,3,FL.1.5.1,0.1406224221,0.16977964341500001,0.114833042025,biweekly,weighted,,region_03
2023-10-14,3,FL.1.5.1,0.14194951952,0.17544440925,0.11271327734,biweekly,weighted,0.0,region_03
2023-10-21,3,FL.1.5.1,0.11960076541,0.15243177861,0.09177167713500001,biweekly,weighted,,region_03
2023-10-28,3,FL.1.5.1,0.0972520113,0.12941914797,0.07083007693,biweekly,weighted,0.0,region_03
2023-11-04,3,FL.1.5.1,0.084141548725,0.11701534316000001,0.058212691915,biweekly,weighted,,region_03
2023-11-11,3,FL.1.5.1,0.07103108615,0.10461153835,0.0455953069,biweekly,weighted,0.0,region_03
2023-11-18,3,FL.1.5.1,0.07038102299,0.100391574205,0.047154476865,biweekly,weighted,,region_03
2023-11-25,3,FL.1.5.1,0.06973095983,0.09617161006,0.04871364683,biweekly,weighted,0.0,region_03
2023-12-02,3,FL.1.5.1,0.054196717214999995,0.073920061815,0.0384354461,biweekly,weighted,,region_03
2023-12-09,3,FL.1.5.1,0.0386624746,0.05166851357,0.02815724537,biweekly,weighted,0.0,region_03
2023-09-16,3,GE.1,0.02141476795,0.03649148345,0.01138365548,biweekly,weighted,0.0,region_03
2023-09-23,3,GE.1,0.0206379946325,0.0351471113975,0.0109823336825,biweekly,weighted,,region_03
2023-09-30,3,GE.1,0.019861221315,0.033802739345,0.010581011885,biweekly,weighted,,region_03
2023-10-07,3,GE.1,0.0190844479975,0.0324583672925,0.0101796900875,biweekly,weighted,,region_03
2023-10-14,3,GE.1,0.01830767468,0.03111399524,0.00977836829,biweekly,weighted,0.0,region_03
2023-10-14,3,GK.1.1,0.01616913453,0.02751749195,0.00862497557,biweekly,weighted,0.0,region_03
2023-09-30,3,GK.2,0.01407019142,0.02475696616,0.00716009876,biweekly,weighted,0.0,region_03
2023-09-30,3,HF.1,0.01819163002,0.02926301956,0.01048695669,biweekly,weighted,0.0,region_03
2023-10-14,3,HK.3,0.02823873423,0.04763521999,0.01519668754,biweekly,weighted,0.0,region_03
2023-10-21,3,HK.3,0.0355953318075,0.0602368507525,0.0189938892125,biweekly,weighted,,region_03
2023-10-28,3,HK.3,0.042951929385000004,0.072838481515,0.022791090885,biweekly,weighted,,region_03
2023-11-04,3,HK.3,0.0503085269625,0.08544011227750001,0.0265882925575,biweekly,weighted,,region_03
2023-11-11,3,HK.3,0.05766512454,0.09804174304,0.03038549423,biweekly,weighted,0.0,region_03
2023-11-18,3,HK.3,0.048596290875,0.0775321573,0.028287474065,biweekly,weighted,,region_03
2023-11-25,3,HK.3,0.03952745721,0.05702257156,0.0261894539,biweekly,weighted,0.0,region_03
2023-12-02,3,HK.3,0.04591161013,0.062008704989999996,0.03309881687,biweekly,weighted,,region_03
2023-12-09,3,HK.3,0.05229576305,0.06699483842,0.04000817984,biweekly,weighted,0.0,region_03
2023-09-02,3,HV.1,0.05867268145,0.0788706392,0.04235558212,biweekly,weighted,0.0,region_03
2023-09-09,3,HV.1,0.07907530293000001,0.10111332312,0.06060679257,biweekly,weighted,,region_03
2023-09-16,3,HV.1,0.09947792441,0.12335600704,0.07885800302,biweekly,weighted,0.0,region_03
2023-09-23,3,HV.1,0.14078018442,0.168200146405,0.116372585295,biweekly,weighted,,region_03
2023-09-30,3,HV.1,0.18208244443,0.21304428577,0.15388716757,biweekly,weighted,0.0,region_03
2023-10-07,3,HV.1,0.18849629908999999,0.21855710446499999,0.160951979455,biweekly,weighted,,region_03
2023-10-14,3,HV.1,0.19491015375,0.22406992316,0.16801679134,biweekly,weighted,0.0,region_03
2023-10-21,3,HV.1,0.234610490505,0.29372408986,0.182382665575,biweekly,weighted,,region_03
2023-10-28,3,HV.1,0.27431082726,0.36337825656,0.19674853981,biweekly,weighted,0.0,region_03
2023-11-04,3,HV.1,0.295344382525,0.36695727706000003,0.231210269035,biweekly,weighted,,region_03
2023-11-11,3,HV.1,0.31637793779,0.37053629756,0.26567199826,biweekly,weighted,0.0,region_03
2023-11-18,3,HV.1,0.332792982455,0.382988244295,0.285330846905,biweekly,weighted,,region_03
2023-11-25,3,HV.1,0.34920802712,0.39544019103,0.30498969555,biweekly,weighted,0.0,region_03
2023-12-02,3,HV.1,0.31365475058500003,0.35887655616,0.270933918655,biweekly,weighted,,region_03
2023-12-09,3,HV.1,0.27810147405,0.32231292129,0.23687814176,biweekly,weighted,0.0,region_03
2023-10-28,3,JD.1.1,0.06452996284,0.10630526394,0.03552885354,biweekly,weighted,0.0,region_03
2023-11-04,3,JD.1.1,0.060653047635,0.095301903785,0.03583729826,biweekly,weighted,,region_03
2023-11-11,3,JD.1.1,0.05677613243,0.08429854363,0.03614574298,biweekly,weighted,0.0,region_03
2023-11-18,3,JD.1.1,0.056180233135,0.082434605805,0.03633231856,biweekly,weighted,,region_03
2023-11-25,3,JD.1.1,0.05558433384,0.08057066798,0.03651889414,biweekly,weighted,0.0,region_03
2023-12-02,3,JD.1.1,0.06196759269,0.09345114975999999,0.03864250891,biweekly,weighted,,region_03
2023-12-09,3,JD.1.1,0.06835085154,0.10633163154,0.04076612368,biweekly,weighted,0.0,region_03
2023-09-30,3,JF.1,0.01323760953,0.02328191139,0.00674264645,biweekly,weighted,0.0,region_03
2023-11-25,3,JG.3,0.05376234651,0.08340269327,0.03229476139,biweekly,weighted,0.0,region_03
2023-12-02,3,JG.3,0.046344138685,0.07369626686,0.026977137665,biweekly,weighted,,region_03
2023-12-09,3,JG.3,0.03892593086,0.06398984045,0.02165951394,biweekly,weighted,0.0,region_03
2023-11-25,3,JN.1,0.06347318739,0.08448646218,0.04635453969,biweekly,weighted,0.0,region_03
2023-12-02,3,JN.1,0.126970786605,0.16248002276,0.09663512185,biweekly,weighted,,region_03
2023-12-09,3,JN.1,0.19046838582,0.24047358334,0.14691570401,biweekly,weighted,0.0,region_03
2021-03-06,3,Other,0.68442040682,0.79582864046,0.54683691263,weekly,weighted,0.0,region_03
2021-03-13,3,Other,0.55334568024,0.62248212099,0.48208242655,weekly,weighted,0.0,region_03
2021-03-20,3,Other,0.43085199594,0.56293618679,0.30792483687,weekly,weighted,0.0,region_03
2021-03-27,3,Other,0.25002065301,0.30851954222,0.19941501319,weekly,weighted,0.0,region_03
2021-04-03,3,Other,0.19360767305,0.23950609565,0.15471568704,weekly,weighted,0.0,region_03
2021-04-10,3,Other,0.1073930338,0.12909112871,0.08896946162,weekly,weighted,0.0,region_03
2021-04-17,3,Other,0.11515308917,0.16019670665,0.0815449059,weekly,weighted,0.0,region_03
2021-04-24,3,Other,0.08059769869,0.09086053818,0.07140301913,weekly,weighted,0.0,region_03
2021-05-01,3,Other,0.04943642393,0.07072675228,0.03431827947,weekly,weighted,0.0,region_03
2021-05-08,3,Other,0.516521634535,0.5371690914,0.50334151927,weekly,weighted,0.0,region_03
2021-05-15,3,Other,0.5154641009850001,0.5244999770050001,0.5060091838249999,weekly,weighted,0.0,region_03
2021-05-22,3,Other,0.51169683598,0.523883054035,0.49858870170999997,weekly,weighted,0.0,region_03
2021-05-29,3,Other,0.5171185527,0.546711061145,0.494212061165,weekly,weighted,0.0,region_03
2021-06-05,3,Other,0.499623369425,0.55218861252,0.46990227094000003,weekly,weighted,0.0,region_03
2021-06-12,3,Other,0.91623020172,0.95301806927,0.86429423094,weekly,weighted,0.0,region_03
2021-06-19,3,Other,0.438234120605,0.533839516345,0.37687523569500003,weekly,weighted,0.0,region_03
2021-06-26,3,Other,0.4105223864325,0.5009379349675,0.3397278855525,weekly,weighted,,region_03
2021-07-03,3,Other,0.38281065226,0.46803635359,0.30258053541,weekly,weighted,0.0,region_03
2021-07-10,3,Other,0.30136558414,0.38037702441,0.23016875982,weekly,weighted,0.0,region_03
2021-03-27,3,P.1,0.00759146549,0.01741421036,0.00329082971,weekly,weighted,0.0,region_03
2021-04-03,3,P.1,0.01395698078,0.02036130987,0.00954740122,weekly,weighted,0.0,region_03
2021-04-10,3,P.1,0.01951081678,0.02732223086,0.01390076522,weekly,weighted,0.0,region_03
2021-04-17,3,P.1,0.01638036594,0.03071804158,0.00867492147,weekly,weighted,0.0,region_03
2021-04-24,3,P.1,0.02235867828,0.04541488364,0.01087429374,weekly,weighted,0.0,region_03
2021-05-01,3,P.1,0.01889789104,0.03971390426,0.00889155082,weekly,weighted,0.0,region_03
2021-05-08,3,P.1,0.02794674225,0.04936423153,0.01566842943,weekly,weighted,0.0,region_03
2021-05-15,3,P.1,0.02666069381,0.04229260981,0.01670576073,weekly,weighted,0.0,region_03
2021-05-22,3,P.1,0.0478374362,0.10596186668,0.02085297182,weekly,weighted,0.0,region_03
2021-05-29,3,P.1,0.02699148096,0.10609126836,0.00644209143,weekly,weighted,0.0,region_03
2021-06-05,3,P.1,0.06264032423,0.07652914524,0.05113253742,weekly,weighted,0.0,region_03
2021-06-12,3,P.1,0.05878237262,0.11160861701,0.03011218272,weekly,weighted,0.0,region_03
2021-06-19,3,P.1,0.0777413547,0.13702936471,0.04283208773,weekly,weighted,0.0,region_03
2021-06-26,3,P.1,0.077059596775,0.214459799235,0.029575319965,weekly,weighted,,region_03
2021-07-03,3,P.1,0.07637783885,0.29189023376,0.0163185522,weekly,weighted,0.0,region_03
2021-07-10,3,P.1,0.05331309512,0.09289292991,0.03003898449,weekly,weighted,0.0,region_03
2021-07-17,3,P.1,0.04514567554,0.07772340626,0.02584030107,weekly,weighted,0.0,region_03
2023-04-15,3,XBB,0.0186329484,0.03324168175,0.00927647017,biweekly,weighted,0.0,region_03
2023-04-22,3,XBB,0.027568336577499998,0.045765541490000006,0.01525692409,biweekly,weighted,,region_03
2023-04-29,3,XBB,0.036503724754999994,0.05828940123,0.021237378010000002,biweekly,weighted,,region_03
2023-05-06,3,XBB,0.0454391129325,0.07081326097,0.02721783193,biweekly,weighted,,region_03
2023-05-13,3,XBB,0.05437450111,0.08333712071,0.03319828585,biweekly,weighted,0.0,region_03
2023-05-20,3,XBB,0.054544013260714286,0.08315906726714287,0.03354940829714286,biweekly,weighted,,region_03
2023-05-27,3,XBB,0.05471352541142857,0.08298101382428572,0.033900530744285715,biweekly,weighted,,region_03
2023-06-03,3,XBB,0.054883037562142856,0.08280296038142858,0.034251653191428574,biweekly,weighted,,region_03
2023-06-10,3,XBB,0.05505254971285714,0.08262490693857143,0.03460277563857143,biweekly,weighted,,region_03
2023-06-17,3,XBB,0.055222061863571426,0.08244685349571429,0.03495389808571429,biweekly,weighted,,region_03
2023-06-24,3,XBB,0.05539157401428571,0.08226880005285714,0.03530502053285714,biweekly,weighted,,region_03
2023-07-01,3,XBB,0.055561086164999995,0.08209074661,0.03565614298,biweekly,weighted,,region_03
2023-07-08,3,XBB,0.05573059831571429,0.08191269316714286,0.03600726542714286,biweekly,weighted,,region_03
2023-07-15,3,XBB,0.05590011046642857,0.08173463972428571,0.03635838787428571,biweekly,weighted,,region_03
2023-07-22,3,XBB,0.05606962261714286,0.08155658628142858,0.03670951032142857,biweekly,weighted,,region_03
2023-07-29,3,XBB,0.05623913476785714,0.08137853283857142,0.037060632768571425,biweekly,weighted,,region_03
2023-08-05,3,XBB,0.05640864691857143,0.08120047939571429,0.037411755215714285,biweekly,weighted,,region_03
2023-08-12,3,XBB,0.05657815906928571,0.08102242595285714,0.03776287766285714,biweekly,weighted,,region_03
2023-08-19,3,XBB,0.05674767122,0.08084437251,0.03811400011,biweekly,weighted,0.0,region_03
2023-08-26,3,XBB,0.05052447319,0.076231669635,0.031656131145,biweekly,weighted,,region_03
2023-09-02,3,XBB,0.04430127516,0.07161896676,0.02519826218,biweekly,weighted,0.0,region_03
2023-09-09,3,XBB,0.03748522326,0.061564655975,0.0208965335,biweekly,weighted,,region_03
2023-09-16,3,XBB,0.03066917136,0.05151034519,0.01659480482,biweekly,weighted,0.0,region_03
2023-09-23,3,XBB,0.03121676202625,0.052861756178750004,0.016698495715,biweekly,weighted,,region_03
2023-09-30,3,XBB,0.0317643526925,0.0542131671675,0.01680218661,biweekly,weighted,,region_03
2023-10-07,3,XBB,0.03231194335875,0.05556457815625,0.016905877505,biweekly,weighted,,region_03
2023-10-14,3,XBB,0.032859534025,0.056915989145,0.0170095684,biweekly,weighted,,region_03
2023-10-21,3,XBB,0.03340712469125,0.05826740013375,0.017113259295,biweekly,weighted,,region_03
2023-10-28,3,XBB,0.0339547153575,0.059618811122500004,0.01721695019,biweekly,weighted,,region_03
2023-11-04,3,XBB,0.03450230602375,0.06097022211125,0.017320641084999998,biweekly,weighted,,region_03
2023-11-11,3,XBB,0.03504989669,0.0623216331,0.01742433198,biweekly,weighted,0.0,region_03
2023-11-18,3,XBB,0.029140671717499997,0.0518084065975,0.014502135572499998,biweekly,weighted,,region_03
2023-11-25,3,XBB,0.023231446745,0.041295180095,0.011579939164999999,biweekly,weighted,,region_03
2023-12-02,3,XBB,0.0173222217725,0.0307819535925,0.0086577427575,biweekly,weighted,,region_03
2023-12-09,3,XBB,0.0114129968,0.02026872709,0.00573554635,biweekly,weighted,0.0,region_03
2023-04-15,3,XBB.1.16,0.03957689926,0.05879786238,0.02524929307,biweekly,weighted,0.0,region_03
2023-04-22,3,XBB.1.16,0.042784702965,0.0643463535225,0.026850548105,biweekly,weighted,,region_03
2023-04-29,3,XBB.1.16,0.04599250667,0.069894844665,0.028451803140000002,biweekly,weighted,,region_03
2023-05-06,3,XBB.1.16,0.049200310375,0.0754433358075,0.030053058175,biweekly,weighted,,region_03
2023-05-13,3,XBB.1.16,0.05240811408,0.08099182695,0.03165431321,biweekly,weighted,0.0,region_03
2023-05-20,3,XBB.1.16,0.078171610835,0.12620995566,0.044020110745,biweekly,weighted,,region_03
2023-05-27,3,XBB.1.16,0.10393510759,0.17142808437,0.05638590828,biweekly,weighted,0.0,region_03
2023-06-03,3,XBB.1.16,0.10462959856000001,0.17551264166500002,0.055320788174999996,biweekly,weighted,,region_03
2023-06-10,3,XBB.1.16,0.10532408953,0.17959719896,0.05425566807,biweekly,weighted,0.0,region_03
2023-06-17,3,XBB.1.16,0.116162635385,0.18498267233,0.06648377515000001,biweekly,weighted,,region_03
2023-06-24,3,XBB.1.16,0.12700118124,0.1903681457,0.07871188223,biweekly,weighted,0.0,region_03
2023-07-01,3,XBB.1.16,0.13843508064499999,0.20823224633499998,0.08512174338,biweekly,weighted,,region_03
2023-07-08,3,XBB.1.16,0.14986898005,0.22609634697,0.09153160453,biweekly,weighted,0.0,region_03
2023-07-15,3,XBB.1.16,0.14584583789,0.22084827721,0.088684514165,biweekly,weighted,,region_03
2023-07-22,3,XBB.1.16,0.14182269573,0.21560020745,0.0858374238,biweekly,weighted,0.0,region_03
2023-07-29,3,XBB.1.16,0.132784511895,0.2067675516,0.077841024845,biweekly,weighted,,region_03
2023-08-05,3,XBB.1.16,0.12374632806,0.19793489575,0.06984462589,biweekly,weighted,0.0,region_03
2023-08-12,3,XBB.1.16,0.12351286039,0.17667366564,0.08277713135,biweekly,weighted,,region_03
2023-08-19,3,XBB.1.16,0.12327939272,0.15541243553,0.09570963681,biweekly,weighted,0.0,region_03
2023-08-26,3,XBB.1.16,0.09777593985,0.12360387668,0.07574743964,biweekly,weighted,,region_03
2023-09-02,3,XBB.1.16,0.07227248698,0.09179531783,0.05578524247,biweekly,weighted,0.0,region_03
2023-09-09,3,XBB.1.16,0.065684752535,0.0871976763,0.0482174661,biweekly,weighted,,region_03
2023-09-16,3,XBB.1.16,0.05909701809,0.08260003477,0.04064968973,biweekly,weighted,0.0,region_03
2023-09-23,3,XBB.1.16,0.04446191806,0.06649125925999999,0.02833104413,biweekly,weighted,,region_03
2023-09-30,3,XBB.1.16,0.02982681803,0.05038248375,0.01601239853,biweekly,weighted,0.0,region_03
2023-10-07,3,XBB.1.16,0.025438344105,0.04360083863,0.013395086399999999,biweekly,weighted,,region_03
2023-10-14,3,XBB.1.16,0.02104987018,0.03681919351,0.01077777427,biweekly,weighted,0.0,region_03
2023-07-22,3,XBB.1.16.1,0.0630094707,0.10828327388,0.03261224553,biweekly,weighted,0.0,region_03
2023-07-29,3,XBB.1.16.1,0.0716015175,0.11118874699,0.04319548048,biweekly,weighted,,region_03
2023-08-05,3,XBB.1.16.1,0.0801935643,0.1140942201,0.05377871543,biweekly,weighted,0.0,region_03
2023-08-12,3,XBB.1.16.1,0.07479344681,0.10723772272500001,0.049697967245,biweekly,weighted,,region_03
2023-08-19,3,XBB.1.16.1,0.06939332932,0.10038122535,0.04561721906,biweekly,weighted,0.0,region_03
2023-08-26,3,XBB.1.16.1,0.054642738775000005,0.07785338536,0.036692105235,biweekly,weighted,,region_03
2023-09-02,3,XBB.1.16.1,0.03989214823,0.05532554537,0.02776699141,biweekly,weighted,0.0,region_03
2023-09-09,3,XBB.1.16.1,0.037004623565,0.053349064665,0.02458733134,biweekly,weighted,,region_03
2023-09-16,3,XBB.1.16.1,0.0341170989,0.05137258396,0.02140767127,biweekly,weighted,0.0,region_03
2023-09-02,3,XBB.1.16.11,0.02469348349,0.03750374168,0.01534709614,biweekly,weighted,0.0,region_03
2023-09-09,3,XBB.1.16.11,0.025695668535,0.037839841095,0.01663235808,biweekly,weighted,,region_03
2023-09-16,3,XBB.1.16.11,0.02669785358,0.03817594051,0.01791762002,biweekly,weighted,0.0,region_03
2023-09-23,3,XBB.1.16.11,0.02403207589,0.035909699275,0.01529280795,biweekly,weighted,,region_03
2023-09-30,3,XBB.1.16.11,0.0213662982,0.03364345804,0.01266799588,biweekly,weighted,0.0,region_03
2023-10-07,3,XBB.1.16.11,0.025864782745000002,0.039186375215,0.016140434425,biweekly,weighted,,region_03
2023-10-14,3,XBB.1.16.11,0.03036326729,0.04472929239,0.01961287297,biweekly,weighted,0.0,region_03
2023-10-21,3,XBB.1.16.11,0.034674047495,0.05227565579,0.02172529418,biweekly,weighted,,region_03
2023-10-28,3,XBB.1.16.11,0.0389848277,0.05982201919,0.02383771539,biweekly,weighted,0.0,region_03
2023-11-04,3,XBB.1.16.11,0.035525225105,0.056605137885000004,0.020698299635,biweekly,weighted,,region_03
2023-11-11,3,XBB.1.16.11,0.03206562251,0.05338825658,0.01755888388,biweekly,weighted,0.0,region_03
2023-11-18,3,XBB.1.16.11,0.026697391180000002,0.044712599832500005,0.014513485020000001,biweekly,weighted,,region_03
2023-11-25,3,XBB.1.16.11,0.02132915985,0.036036943085,0.01146808616,biweekly,weighted,,region_03
2023-12-02,3,XBB.1.16.11,0.01596092852,0.027361286337500002,0.008422687299999999,biweekly,weighted,,region_03
2023-12-09,3,XBB.1.16.11,0.01059269719,0.01868562959,0.00537728844,biweekly,weighted,0.0,region_03
2023-08-05,3,XBB.1.16.6,0.07078605145,0.11519965529,0.03959026188,biweekly,weighted,0.0,region_03
2023-08-12,3,XBB.1.16.6,0.08119619265,0.1212028563,0.05143634229999999,biweekly,weighted,,region_03
2023-08-19,3,XBB.1.16.6,0.09160633385,0.12720605731,0.06328242272,biweekly,weighted,0.0,region_03
2023-08-26,3,XBB.1.16.6,0.08288180828,0.113146368415,0.05856842175,biweekly,weighted,,region_03
2023-09-02,3,XBB.1.16.6,0.07415728271,0.09908667952,0.05385442078,biweekly,weighted,0.0,region_03
2023-09-09,3,XBB.1.16.6,0.081703517585,0.10590645671,0.06156546995000001,biweekly,weighted,,region_03
2023-09-16,3,XBB.1.16.6,0.08924975246,0.1127262339,0.06927651912,biweekly,weighted,0.0,region_03
2023-09-23,3,XBB.1.16.6,0.09270429611,0.117431428285,0.071694992485,biweekly,weighted,,region_03
2023-09-30,3,XBB.1.16.6,0.09615883976,0.12213662267,0.07411346585,biweekly,weighted,0.0,region_03
2023-10-07,3,XBB.1.16.6,0.084853518755,0.108001321555,0.06527902931,biweekly,weighted,,region_03
2023-10-14,3,XBB.1.16.6,0.07354819775,0.09386602044,0.05644459277,biweekly,weighted,0.0,region_03
2023-10-21,3,XBB.1.16.6,0.060889059679999996,0.08355000242499999,0.043148819355,biweekly,weighted,,region_03
2023-10-28,3,XBB.1.16.6,0.04822992161,0.07323398441,0.02985304594,biweekly,weighted,0.0,region_03
2023-11-04,3,XBB.1.16.6,0.049311326815,0.070979777725,0.03281118348,biweekly,weighted,,region_03
2023-11-11,3,XBB.1.16.6,0.05039273202,0.06872557104,0.03576932102,biweekly,weighted,0.0,region_03
2023-11-18,3,XBB.1.16.6,0.04319627024,0.066305760295,0.026855734175,biweekly,weighted,,region_03
2023-11-25,3,XBB.1.16.6,0.03599980846,0.06388594955,0.01794214733,biweekly,weighted,0.0,region_03
2023-04-15,3,XBB.1.5,0.77077180147,0.82540529966,0.70844644308,biweekly,weighted,0.0,region_03
2023-04-22,3,XBB.1.5,0.7289048731300001,0.78750911355,0.6637212932100001,biweekly,weighted,,region_03
2023-04-29,3,XBB.1.5,0.68703794479,0.74961292744,0.61899614334,biweekly,weighted,0.0,region_03
2023-05-06,3,XBB.1.5,0.62647756934,0.6897025704399999,0.5596883893,biweekly,weighted,,region_03
2023-05-13,3,XBB.1.5,0.56591719389,0.62979221344,0.50038063526,biweekly,weighted,0.0,region_03
2023-05-20,3,XBB.1.5,0.49001148343,0.57850804925,0.40382368862499995,biweekly,weighted,,region_03
2023-05-27,3,XBB.1.5,0.41410577297,0.52722388506,0.30726674199,biweekly,weighted,0.0,region_03
2023-06-03,3,XBB.1.5,0.345764443275,0.46492002904499996,0.24032983184,biweekly,weighted,,region_03
2023-06-10,3,XBB.1.5,0.27742311358,0.40261617303,0.17339292169,biweekly,weighted,0.0,region_03
2023-06-17,3,XBB.1.5,0.24956706165999998,0.34925366938,0.16600879282,biweekly,weighted,,region_03
2023-06-24,3,XBB.1.5,0.22171100974,0.29589116573,0.15862466395,biweekly,weighted,0.0,region_03
2023-07-01,3,XBB.1.5,0.211599968375,0.29431992769000004,0.14349488914,biweekly,weighted,,region_03
2023-07-08,3,XBB.1.5,0.20148892701,0.29274868965,0.12836511433,biweekly,weighted,0.0,region_03
2023-07-15,3,XBB.1.5,0.18049518019,0.25655911863,0.11913158372,biweekly,weighted,,region_03
2023-07-22,3,XBB.1.5,0.15950143337,0.22036954761,0.10989805311,biweekly,weighted,0.0,region_03
2023-07-29,3,XBB.1.5,0.125117994845,0.181124910715,0.081667138265,biweekly,weighted,,region_03
2023-08-05,3,XBB.1.5,0.09073455632,0.14188027382,0.05343622342,biweekly,weighted,0.0,region_03
2023-08-12,3,XBB.1.5,0.071705717595,0.10940592363500001,0.043862959369999996,biweekly,weighted,,region_03
2023-08-19,3,XBB.1.5,0.05267687887,0.07693157345,0.03428969532,biweekly,weighted,0.0,region_03
2023-08-26,3,XBB.1.5,0.0449238047,0.06747812964,0.028255035169999998,biweekly,weighted,,region_03
2023-09-02,3,XBB.1.5,0.03717073053,0.05802468583,0.02222037502,biweekly,weighted,0.0,region_03
2023-09-09,3,XBB.1.5,0.037254149095,0.055593669415,0.02368953824,biweekly,weighted,,region_03
2023-09-16,3,XBB.1.5,0.03733756766,0.053162653,0.02515870146,biweekly,weighted,0.0,region_03
2023-09-23,3,XBB.1.5,0.025279180615,0.038118246009999995,0.01598411868,biweekly,weighted,,region_03
2023-09-30,3,XBB.1.5,0.01322079357,0.02307383902,0.0068095359,biweekly,weighted,0.0,region_03
2023-04-29,3,XBB.1.5.1,0.02575054392,0.04612964764,0.01270629466,biweekly,weighted,0.0,region_03
2023-04-15,3,XBB.1.9.1,0.05144700781,0.08743707836,0.02718238346,biweekly,weighted,0.0,region_03
2023-04-22,3,XBB.1.9.1,0.0642742710225,0.10374445096000001,0.036588356362500005,biweekly,weighted,,region_03
2023-04-29,3,XBB.1.9.1,0.07710153423499999,0.12005182356,0.045994329265,biweekly,weighted,,region_03
2023-05-06,3,XBB.1.9.1,0.0899287974475,0.13635919616,0.0554003021675,biweekly,weighted,,region_03
2023-05-13,3,XBB.1.9.1,0.10275606066,0.15266656876,0.06480627507,biweekly,weighted,0.0,region_03
2023-05-20,3,XBB.1.9.1,0.09649772197,0.147388339045,0.058712253345,biweekly,weighted,,region_03
2023-05-27,3,XBB.1.9.1,0.09023938328,0.14211010933,0.05261823162,biweekly,weighted,0.0,region_03
2023-06-03,3,XBB.1.9.1,0.0860844347625,0.1361073311425,0.049964216999166665,biweekly,weighted,,region_03
2023-06-10,3,XBB.1.9.1,0.081929486245,0.130104552955,0.04731020237833333,biweekly,weighted,,region_03
2023-06-17,3,XBB.1.9.1,0.0777745377275,0.1241017747675,0.04465618775749999,biweekly,weighted,,region_03
2023-06-24,3,XBB.1.9.1,0.07361958921,0.11809899658,0.04200217313666666,biweekly,weighted,,region_03
2023-07-01,3,XBB.1.9.1,0.0694646406925,0.1120962183925,0.03934815851583333,biweekly,weighted,,region_03
2023-07-08,3,XBB.1.9.1,0.065309692175,0.106093440205,0.036694143894999996,biweekly,weighted,,region_03
2023-07-15,3,XBB.1.9.1,0.061154743657499996,0.1000906620175,0.034040129274166664,biweekly,weighted,,region_03
2023-07-22,3,XBB.1.9.1,0.05699979514,0.09408788383,0.031386114653333325,biweekly,weighted,,region_03
2023-07-29,3,XBB.1.9.1,0.0528448466225,0.08808510564250001,0.028732100032499996,biweekly,weighted,,region_03
2023-08-05,3,XBB.1.9.1,0.048689898105,0.082082327455,0.02607808541166666,biweekly,weighted,,region_03
2023-08-12,3,XBB.1.9.1,0.0445349495875,0.0760795492675,0.023424070790833328,biweekly,weighted,,region_03
2023-08-19,3,XBB.1.9.1,0.04038000107,0.07007677108,0.02077005617,biweekly,weighted,0.0,region_03
2023-08-26,3,XBB.1.9.1,0.035120480695,0.05754336901,0.019747986454999998,biweekly,weighted,,region_03
2023-09-02,3,XBB.1.9.1,0.02986096032,0.04500996694,0.01872591674,biweekly,weighted,0.0,region_03
2023-09-09,3,XBB.1.9.1,0.023705750705,0.036353391595,0.01455455599,biweekly,weighted,,region_03
2023-09-16,3,XBB.1.9.1,0.01755054109,0.02769681625,0.01038319524,biweekly,weighted,0.0,region_03
2023-09-23,3,XBB.1.9.1,0.024718136529999997,0.03934993688,0.014422747770000001,biweekly,weighted,,region_03
2023-09-30,3,XBB.1.9.1,0.03188573197,0.05100305751,0.0184623003,biweekly,weighted,0.0,region_03
2023-10-07,3,XBB.1.9.1,0.023098979149999997,0.03808940109,0.012873957865,biweekly,weighted,,region_03
2023-10-14,3,XBB.1.9.1,0.01431222633,0.02517574467,0.00728561543,biweekly,weighted,0.0,region_03
2023-05-13,3,XBB.1.9.2,0.03870767727,0.06900816411,0.01913796924,biweekly,weighted,0.0,region_03
2023-04-29,3,XBB.2.3,0.03097969852,0.05290430412,0.01636683941,biweekly,weighted,0.0,region_03
2023-05-06,3,XBB.2.3,0.045501504555,0.0748581299575,0.0252028116975,biweekly,weighted,,region_03
2023-05-13,3,XBB.2.3,0.060023310590000004,0.09681195579500002,0.034038783985,biweekly,weighted,,region_03
2023-05-20,3,XBB.2.3,0.074545116625,0.11876578163250001,0.0428747562725,biweekly,weighted,,region_03
2023-05-27,3,XBB.2.3,0.08906692266,0.14071960747,0.05171072856,biweekly,weighted,0.0,region_03
2023-06-03,3,XBB.2.3,0.11023314297,0.183661051095,0.058706479150000004,biweekly,weighted,,region_03
2023-06-10,3,XBB.2.3,0.13139936328,0.22660249472,0.06570222974,biweekly,weighted,0.0,region_03
2023-06-17,3,XBB.2.3,0.120839588345,0.19878128170999998,0.06556166336,biweekly,weighted,,region_03
2023-06-24,3,XBB.2.3,0.11027981341,0.1709600687,0.06542109698,biweekly,weighted,0.0,region_03
2023-07-01,3,XBB.2.3,0.10181034915166666,0.15804455677499998,0.060356738045,biweekly,weighted,,region_03
2023-07-08,3,XBB.2.3,0.09334088489333334,0.14512904485,0.05529237911,biweekly,weighted,,region_03
2023-07-15,3,XBB.2.3,0.084871420635,0.132213532925,0.050228020175,biweekly,weighted,,region_03
2023-07-22,3,XBB.2.3,0.07640195637666666,0.119298021,0.04516366124,biweekly,weighted,,region_03
2023-07-29,3,XBB.2.3,0.06793249211833334,0.10638250907499999,0.040099302305,biweekly,weighted,,region_03
2023-08-05,3,XBB.2.3,0.05946302786,0.09346699715,0.03503494337,biweekly,weighted,0.0,region_03
2023-08-12,3,XBB.2.3,0.076358845455,0.10786948353,0.0521131102,biweekly,weighted,,region_03
2023-08-19,3,XBB.2.3,0.09325466305,0.12227196991,0.06919127703,biweekly,weighted,0.0,region_03
2023-08-26,3,XBB.2.3,0.09271078184,0.124042116105,0.067126952115,biweekly,weighted,,region_03
2023-09-02,3,XBB.2.3,0.09216690063,0.1258122623,0.0650626272,biweekly,weighted,0.0,region_03
2023-09-09,3,XBB.2.3,0.07243087515,0.10282166302500001,0.048875393350000004,biweekly,weighted,,region_03
2023-09-16,3,XBB.2.3,0.05269484967,0.07983106375,0.0326881595,biweekly,weighted,0.0,region_03
2023-09-23,3,XBB.2.3,0.0548685994,0.08856087178,0.03130574245,biweekly,weighted,,region_03
2023-09-30,3,XBB.2.3,0.05704234913,0.09729067981,0.0299233254,biweekly,weighted,0.0,region_03
2023-10-07,3,XBB.2.3,0.04177597258,0.07128595188,0.021972167304999998,biweekly,weighted,,region_03
2023-10-14,3,XBB.2.3,0.02650959603,0.04528122395,0.01402100921,biweekly,weighted,0.0,region_03
2023-10-21,3,XBB.2.3,0.023567543365,0.040325418115,0.01244460186,biweekly,weighted,,region_03
2023-10-28,3,XBB.2.3,0.0206254907,0.03536961228,0.01086819451,biweekly,weighted,0.0,region_03
2023-11-04,3,XBB.2.3,0.019952017815,0.033682946115,0.01075548818,biweekly,weighted,,region_03
2023-11-11,3,XBB.2.3,0.01927854493,0.03199627995,0.01064278185,biweekly,weighted,0.0,region_03
2021-07-17,4,AY.2,0.00305936323,0.00501733553,0.00186404132,weekly,weighted,0.0,region_04
2021-07-24,4,AY.2,0.00245174998,0.00392212532,0.00153175951,weekly,weighted,0.0,region_04
2021-07-31,4,AY.2,0.00323885586,0.00879228115,0.00118890603,weekly,weighted,0.0,region_04
2021-06-12,4,AY.3,0.01796744205,0.10254125297,0.00292123202,weekly,weighted,0.0,region_04
2021-06-19,4,AY.3,0.02574601956,0.1294285655,0.0046753576,weekly,weighted,0.0,region_04
2021-06-26,4,AY.3,0.02712466754,0.10888077319,0.00632185955,weekly,weighted,0.0,region_04
2021-07-03,4,AY.3,0.054615587,0.17532715201,0.0154555412,weekly,weighted,0.0,region_04
2021-07-10,4,AY.3,0.0744772777,0.21528743207,0.02305864915,weekly,weighted,0.0,region_04
2021-07-17,4,AY.3,0.08485785872,0.24047781527,0.02643844672,weekly,weighted,0.0,region_04
2021-07-24,4,AY.3,0.10015226901,0.23386524618,0.03899842873,weekly,weighted,0.0,region_04
2021-07-31,4,AY.3,0.10603037477,0.22134374082,0.0471537672,weekly,weighted,0.0,region_04
2021-12-11,4,B.1.1.529,0.10667670518,0.17775042355,0.05692594871,weekly,weighted,0.0,region_04
2021-12-18,4,B.1.1.529,0.51269257069,0.65025371313,0.3737090826,weekly,weighted,0.0,region_04
2021-12-25,4,B.1.1.529,0.81469219923,0.88316690922,0.72811949253,weekly,weighted,0.0,region_04
2022-01-01,4,B.1.1.529,0.92285043001,0.9460632205,0.89373129606,weekly,weighted,0.0,region_04
2022-01-08,4,B.1.1.529,0.96266829967,0.97873163223,0.93963944912,weekly,weighted,0.0,region_04
2022-01-15,4,B.1.1.529,0.98188865185,0.98922914267,0.97153168917,weekly,weighted,0.0,region_04
2022-01-22,4,B.1.1.529,0.99010795355,0.99559634924,0.9809512496,weekly,weighted,0.0,region_04
2022-01-29,4,B.1.1.529,0.99212402105,0.99597769976,0.98615515232,weekly,weighted,0.0,region_04
2022-02-05,4,B.1.1.529,0.99172228575,0.99492681026,0.98726350069,weekly,weighted,0.0,region_04
2022-02-12,4,B.1.1.529,0.98758113384,0.99021565914,0.98446291685,weekly,weighted,0.0,region_04
2022-02-19,4,B.1.1.529,0.9767921567,0.98278605938,0.96942776442,weekly,weighted,0.0,region_04
2022-02-26,4,B.1.1.529,0.95054620504,0.96524000168,0.93200957775,weekly,weighted,0.0,region_04
2022-03-05,4,B.1.1.529,0.90466028452,0.92934548855,0.87489032745,weekly,weighted,0.0,region_04
2022-03-12,4,B.1.1.529,0.75613701344,0.80981880426,0.69581836462,weekly,weighted,0.0,region_04
2022-03-19,4,B.1.1.529,0.59553253651,0.6580055356,0.53068298101,weekly,weighted,0.0,region_04
2022-03-26,4,B.1.1.529,0.35144841671,0.40083912015,0.30430874228,weekly,weighted,0.0,region_04
2022-04-02,4,B.1.1.529,0.19101288915,0.238143906,0.1496412009,weekly,weighted,0.0,region_04
2022-04-09,4,B.1.1.529,0.09121365845,0.11242130399,0.0728501007,weekly,weighted,0.0,region_04
2022-04-16,4,B.1.1.529,0.04052978009,0.05017822236,0.03227547184,weekly,weighted,0.0,region_04
2022-04-23,4,B.1.1.529,0.01898977347,0.02480040118,0.01423321106,weekly,weighted,0.0,region_04
2022-04-30,4,B.1.1.529,0.01083033532,0.01627094112,0.00684278039,weekly,weighted,0.0,region_04
2022-05-07,4,B.1.1.529,0.00593869295,0.00961739756,0.00340237399,weekly,weighted,0.0,region_04
2021-03-06,4,B.1.1.7,0.300029248,0.46354150772,0.17534294724,weekly,weighted,0.0,region_04
2021-03-13,4,B.1.1.7,0.41743165255,0.58415025473,0.26766818762,weekly,weighted,0.0,region_04
2021-03-20,4,B.1.1.7,0.48583474755,0.60002297163,0.37310639024,weekly,weighted,0.0,region_04
2021-03-27,4,B.1.1.7,0.58339619637,0.67964762449,0.48033738136,weekly,weighted,0.0,region_04
2021-04-03,4,B.1.1.7,0.62960892916,0.69188058376,0.56270635128,weekly,weighted,0.0,region_04
2021-04-10,4,B.1.1.7,0.67647618055,0.72052949667,0.6290537715,weekly,weighted,0.0,region_04
2021-04-17,4,B.1.1.7,0.68110728264,0.74028193951,0.6154538393,weekly,weighted,0.0,region_04
2021-04-24,4,B.1.1.7,0.7094386816,0.76427066326,0.64773112535,weekly,weighted,0.0,region_04
2021-05-01,4,B.1.1.7,0.72116661072,0.77284091711,0.6628652215,weekly,weighted,0.0,region_04
2021-05-08,4,B.1.1.7,0.70068854094,0.75876188278,0.63535374403,weekly,weighted,0.0,region_04
2021-05-15,4,B.1.1.7,0.72164565325,0.78130912781,0.65293526649,weekly,weighted,0.0,region_04
2021-05-22,4,B.1.1.7,0.6992738843,0.80270659924,0.57062166929,weekly,weighted,0.0,region_04
2021-05-29,4,B.1.1.7,0.64001131058,0.73082023859,0.53793650866,weekly,weighted,0.0,region_04
2021-06-05,4,B.1.1.7,0.59968316555,0.72676938772,0.45760133862,weekly,weighted,0.0,region_04
2021-06-12,4,B.1.1.7,0.51972216368,0.61758047342,0.42032679915,weekly,weighted,0.0,region_04
2021-06-19,4,B.1.1.7,0.45522937179,0.50620007515,0.4051797092,weekly,weighted,0.0,region_04
2021-06-26,4,B.1.1.7,0.33113613725,0.39756500721,0.27081716061,weekly,weighted,0.0,region_04
2021-07-03,4,B.1.1.7,0.21311950684,0.24000701308,0.1884970665,weekly,weighted,0.0,region_04
2021-07-10,4,B.1.1.7,0.10185465217,0.12859539688,0.08016296476,weekly,weighted,0.0,region_04
2021-07-17,4,B.1.1.7,0.05858910084,0.07342984527,0.04659694433,weekly,weighted,0.0,region_04
2021-07-24,4,B.1.1.7,0.02421335317,0.03081922606,0.01899565011,weekly,weighted,0.0,region_04
2021-07-31,4,B.1.1.7,0.01407482568,0.01865889505,0.01060478855,weekly,weighted,0.0,region_04
2021-03-06,4,B.1.351,0.00752800796,0.02936398052,0.00189819105,weekly,weighted,0.0,region_04
2021-03-13,4,B.1.351,0.01123286597,0.03795399144,0.00326071703,weekly,weighted,0.0,region_04
2021-03-20,4,B.1.351,0.01498956606,0.05602660403,0.00388660748,weekly,weighted,0.0,region_04
2021-03-27,4,B.1.351,0.01144852303,0.04956760257,0.00256512337,weekly,weighted,0.0,region_04
2021-04-03,4,B.1.351,0.01739541255,0.0844309479,0.0033870989,weekly,weighted,0.0,region_04
2021-04-10,4,B.1.351,0.01372125559,0.06137290597,0.00295135262,weekly,weighted,0.0,region_04
2021-04-17,4,B.1.351,0.01106122602,0.0386531055,0.0031018036,weekly,weighted,0.0,region_04
2021-04-24,4,B.1.351,0.00672482187,0.01817845739,0.00246958551,weekly,weighted,0.0,region_04
2021-05-01,4,B.1.351,0.00811112579,0.02298731729,0.00283410237,weekly,weighted,0.0,region_04
2021-05-08,4,B.1.351,0.01063232031,0.04831593111,0.00226963637,weekly,weighted,0.0,region_04
2021-05-15,4,B.1.351,0.00790504646,0.02628638968,0.00234629447,weekly,weighted,0.0,region_04
2021-03-06,4,B.1.525,0.00376672763,0.01051032636,0.00134405587,weekly,weighted,0.0,region_04
2021-03-13,4,B.1.525,0.00375002541,0.00893898471,0.001616195195,weekly,weighted,,region_04
2021-03-20,4,B.1.525,0.00373332319,0.00736764306,0.00188833452,weekly,weighted,0.0,region_04
2021-03-27,4,B.1.525,0.00408168836,0.00612499006,0.00271816947,weekly,weighted,0.0,region_04
2021-04-03,4,B.1.525,0.0039063436,0.00843727775,0.00180415623,weekly,weighted,0.0,region_04
2021-04-10,4,B.1.525,0.00434311805,0.01163911726,0.00161316292,weekly,weighted,0.0,region_04
2021-03-06,4,B.1.526,0.06010032818,0.11168475449,0.0314966999,weekly,weighted,0.0,region_04
2021-03-13,4,B.1.526,0.07331286371,0.12741456926,0.04110131413,weekly,weighted,0.0,region_04
2021-03-20,4,B.1.526,0.09573377669,0.13815024495,0.06535296142,weekly,weighted,0.0,region_04
2021-03-27,4,B.1.526,0.11936767399,0.1837195307,0.07547240704,weekly,weighted,0.0,region_04
2021-04-03,4,B.1.526,0.11783598363,0.16524513066,0.08268137276,weekly,weighted,0.0,region_04
2021-04-10,4,B.1.526,0.12259380519,0.17884086072,0.08226472884,weekly,weighted,0.0,region_04
2021-04-17,4,B.1.526,0.12955750525,0.20286922157,0.08007735759,weekly,weighted,0.0,region_04
2021-04-24,4,B.1.526,0.11700355262,0.19040940702,0.06946855783,weekly,weighted,0.0,region_04
2021-05-01,4,B.1.526,0.12150441855,0.19732031226,0.07219886035,weekly,weighted,0.0,region_04
2021-05-08,4,B.1.526,0.1134487614,0.1711448282,0.07347881049,weekly,weighted,0.0,region_04
2021-05-15,4,B.1.526,0.11021784693,0.16141632199,0.07382894307,weekly,weighted,0.0,region_04
2021-05-22,4,B.1.526,0.09807994962,0.17241859436,0.05371235684,weekly,weighted,0.0,region_04
2021-05-29,4,B.1.526,0.107422553,0.16290836036,0.0692710802,weekly,weighted,0.0,region_04
2021-06-05,4,B.1.526,0.10073573887,0.15643310547,0.06337925792,weekly,weighted,0.0,region_04
2021-06-12,4,B.1.526,0.07795432955,0.11324579269,0.05300357193,weekly,weighted,0.0,region_04
2021-06-19,4,B.1.526,0.05955932289,0.10055296123,0.03463452309,weekly,weighted,0.0,region_04
2021-06-26,4,B.1.526,0.04179164022,0.09300231934,0.01821329072,weekly,weighted,0.0,region_04
2021-07-03,4,B.1.526,0.02479290403,0.0704889372,0.00845101476,weekly,weighted,0.0,region_04
2021-07-10,4,B.1.526,0.00937147252,0.02262048237,0.00385193783,weekly,weighted,0.0,region_04
2021-07-17,4,B.1.526,0.00595375616,0.0142780561,0.00247047236,weekly,weighted,0.0,region_04
2021-07-24,4,B.1.526,0.00150442659,0.00325718941,0.00069420575,weekly,weighted,0.0,region_04
2021-04-17,4,B.1.617.2,0.00280320551,0.00834545586,0.00093810371,weekly,weighted,0.0,region_04
2021-04-24,4,B.1.617.2,0.00656265672,0.01180917863,0.00363845075,weekly,weighted,0.0,region_04
2021-05-01,4,B.1.617.2,0.00538010336,0.00913971756,0.00316206762,weekly,weighted,0.0,region_04
2021-05-08,4,B.1.617.2,0.01876185462,0.03361931257,0.0101426593,weekly,weighted,0.0,region_04
2021-05-15,4,B.1.617.2,0.01559363026,0.03685889021,0.00651410874,weekly,weighted,0.0,region_04
2021-05-22,4,B.1.617.2,0.022653817200000002,0.041004782545,0.012089268305000001,weekly,weighted,0.0,region_04
2021-05-29,4,B.1.617.2,0.028448931875,0.04834161326,0.01604152378,weekly,weighted,0.0,region_04
2021-06-05,4,B.1.617.2,0.054220156745,0.08647982776499999,0.03278216347,weekly,weighted,0.0,region_04
2021-06-12,4,B.1.617.2,0.160905435685,0.219420693815,0.1146848686,weekly,weighted,0.0,region_04
2021-06-19,4,B.1.617.2,0.238738313315,0.30194379389500003,0.18513452262000002,weekly,weighted,0.0,region_04
2021-06-26,4,B.1.617.2,0.41026753187,0.45304282009499997,0.36867102981,weekly,weighted,0.0,region_04
2021-07-03,4,B.1.617.2,0.6048489809049999,0.65447601676,0.5533374548000001,weekly,weighted,0.0,region_04
2021-07-10,4,B.1.617.2,0.7452161908149999,0.79676491022,0.6867784559700001,weekly,weighted,0.0,region_04
2021-07-17,4,B.1.617.2,0.81919580698,0.8706563413149999,0.7549160718950001,weekly,weighted,0.0,region_04
2021-07-24,4,B.1.617.2,0.8864042460949999,0.926190674305,0.829460978505,weekly,weighted,0.0,region_04
2021-07-31,4,B.1.617.2,0.906076729295,0.9465253949200001,0.8424535095700001,weekly,weighted,0.0,region_04
2021-08-07,4,B.1.617.2,0.95920556784,0.97488838434,0.93773168325,weekly,weighted,0.0,region_04
2021-08-14,4,B.1.617.2,0.98364508152,0.99003487825,0.97475242615,weekly,weighted,0.0,region_04
2021-08-21,4,B.1.617.2,0.98088133335,0.99131774902,0.96376055479,weekly,weighted,0.0,region_04
2021-08-28,4,B.1.617.2,0.97490501404,0.98852807283,0.95272403955,weekly,weighted,0.0,region_04
2021-09-04,4,B.1.617.2,0.98391926289,0.99271941185,0.96943002939,weekly,weighted,0.0,region_04
2021-09-11,4,B.1.617.2,0.98537570238,0.99312978983,0.97284781933,weekly,weighted,0.0,region_04
2021-09-18,4,B.1.617.2,0.97944062948,0.989597857,0.96374005079,weekly,weighted,0.0,region_04
2021-09-25,4,B.1.617.2,0.9809833169,0.98928308487,0.96890318394,weekly,weighted,0.0,region_04
2021-10-02,4,B.1.617.2,0.98085141182,0.99015390873,0.96658891439,weekly,weighted,0.0,region_04
2021-10-09,4,B.1.617.2,0.97580212355,0.98799425364,0.95679330826,weekly,weighted,0.0,region_04
2021-10-16,4,B.1.617.2,0.98399186134,0.99343925714,0.96760392189,weekly,weighted,0.0,region_04
2021-10-23,4,B.1.617.2,0.9746607542,0.98896467686,0.95077770948,weekly,weighted,0.0,region_04
2021-10-30,4,B.1.617.2,0.98357921839,0.99283468723,0.96804338694,weekly,weighted,0.0,region_04
2021-11-06,4,B.1.617.2,0.97082895041,0.98549818993,0.94805073738,weekly,weighted,0.0,region_04
2021-11-13,4,B.1.617.2,0.9760607481,0.9882260561,0.95700001717,weekly,weighted,0.0,region_04
2021-11-20,4,B.1.617.2,0.97278881073,0.9873251915,0.94938695431,weekly,weighted,0.0,region_04
2021-11-27,4,B.1.617.2,0.98707658052,0.99512720108,0.97247302532,weekly,weighted,0.0,region_04
2021-12-04,4,B.1.617.2,0.98022663593,0.99243932962,0.95835107565,weekly,weighted,0.0,region_04
2021-12-11,4,B.1.617.2,0.89194822311,0.94189298153,0.82092416286,weekly,weighted,0.0,region_04
2021-12-18,4,B.1.617.2,0.48073083162,0.61986809969,0.34374803305,weekly,weighted,0.0,region_04
2021-12-25,4,B.1.617.2,0.17452195287,0.26026412845,0.10772389174,weekly,weighted,0.0,region_04
2022-01-01,4,B.1.617.2,0.0591321215,0.09119158238,0.0357658118,weekly,weighted,0.0,region_04
2022-01-08,4,B.1.617.2,0.02527532913,0.04436405376,0.01285615377,weekly,weighted,0.0,region_04
2022-01-15,4,B.1.617.2,0.0129354056,0.01990548894,0.00791963656,weekly,weighted,0.0,region_04
2022-01-22,4,B.1.617.2,0.007698346395,0.01215925091,0.00457175734,weekly,weighted,,region_04
2022-01-29,4,B.1.617.2,0.00246128719,0.00441301288,0.00122387812,weekly,weighted,0.0,region_04
2021-04-17,4,B.1.621,0.00383236655,0.01528831664,0.00095236819,weekly,weighted,0.0,region_04
2021-04-24,4,B.1.621,0.00305330241,0.00912315864,0.00101771927,weekly,weighted,0.0,region_04
2021-05-01,4,B.1.621,0.01110961381,0.02968063392,0.00410917727,weekly,weighted,0.0,region_04
2021-05-08,4,B.1.621,0.00969811436,0.02717936225,0.00342093408,weekly,weighted,0.0,region_04
2021-05-15,4,B.1.621,0.00865251943,0.0224618502,0.00330433552,weekly,weighted,0.0,region_04
2021-05-22,4,B.1.621,0.012700147,0.03275223076,0.00486294227,weekly,weighted,0.0,region_04
2021-05-29,4,B.1.621,0.0340462327,0.08273211867,0.0135864662,weekly,weighted,0.0,region_04
2021-06-05,4,B.1.621,0.02342203818,0.0793267116,0.00663180696,weekly,weighted,0.0,region_04
2021-06-12,4,B.1.621,0.04836856201,0.12713889778,0.01742690802,weekly,weighted,0.0,region_04
2021-06-19,4,B.1.621,0.05921624973,0.09170363098,0.03775954992,weekly,weighted,0.0,region_04
2021-06-26,4,B.1.621,0.05450359359,0.10743038356,0.02686690912,weekly,weighted,0.0,region_04
2021-07-03,4,B.1.621,0.03233401477,0.06511162966,0.01577838138,weekly,weighted,0.0,region_04
2021-07-10,4,B.1.621,0.02984303981,0.05775446817,0.01520293206,weekly,weighted,0.0,region_04
2021-07-17,4,B.1.621,0.01924500614,0.02846567705,0.01297123916,weekly,weighted,0.0,region_04
2021-07-24,4,B.1.621,0.01100235991,0.02125934139,0.00566541264,weekly,weighted,0.0,region_04
2021-07-31,4,B.1.621,0.00914045889,0.03150767088,0.00260889856,weekly,weighted,0.0,region_04
2021-06-05,4,B.1.621.1,0.01244190615,0.03745160624,0.00406286679,weekly,weighted,0.0,region_04
2021-06-12,4,B.1.621.1,0.01257315837,0.031260082495,0.005230635405,weekly,weighted,,region_04
2021-06-19,4,B.1.621.1,0.01270441059,0.02506855875,0.00639840402,weekly,weighted,0.0,region_04
2021-06-26,4,B.1.621.1,0.01057641953,0.02774530835,0.00398811651,weekly,weighted,0.0,region_04
2021-07-03,4,B.1.621.1,0.007497878975,0.01823796285,0.00311017036,weekly,weighted,,region_04
2021-07-10,4,B.1.621.1,0.00441933842,0.00873061735,0.00223222421,weekly,weighted,0.0,region_04
2021-07-17,4,B.1.621.1,0.00485732825,0.01069478784,0.00219900534,weekly,weighted,0.0,region_04
2021-07-24,4,B.1.621.1,0.00288111251,0.00541944196,0.00152984355,weekly,weighted,0.0,region_04
2021-05-01,4,B.1.628,0.00319926627,0.00855839998,0.00119190232,weekly,weighted,0.0,region_04
2021-05-08,4,B.1.628,0.003400620305,0.0086841411,0.0013300157699999999,weekly,weighted,,region_04
2021-05-15,4,B.1.628,0.00360197434,0.00880988222,0.00146812922,weekly,weighted,0.0,region_04
2021-05-22,4,B.1.628,0.0047224691119999995,0.010138379040000001,0.002268252054,weekly,weighted,,region_04
2021-05-29,4,B.1.628,0.005842963884,0.01146687586,0.003068374888,weekly,weighted,,region_04
2021-06-05,4,B.1.628,0.006963458656,0.01279537268,0.003868497722,weekly,weighted,,region_04
2021-06-12,4,B.1.628,0.008083953428,0.0141238695,0.004668620556,weekly,weighted,,region_04
2021-06-19,4,B.1.628,0.0092044482,0.01545236632,0.00546874339,weekly,weighted,0.0,region_04
2021-06-26,4,B.1.628,0.00705238944,0.019368954,0.00254748482,weekly,weighted,0.0,region_04
2021-07-03,4,B.1.628,0.00703941425,0.01307992078,0.00377782737,weekly,weighted,0.0,region_04
2021-07-10,4,B.1.628,0.00464739511,0.00717684347,0.00300674001,weekly,weighted,0.0,region_04
2022-02-05,4,BA.2,0.00558250071,0.00837896764,0.00353436405,weekly,weighted,0.0,region_04
2022-02-12,4,BA.2,0.0105415713,0.01324687153,0.00826433953,weekly,weighted,0.0,region_04
2022-02-19,4,BA.2,0.02248082682,0.02952839434,0.0167329032,weekly,weighted,0.0,region_04
2022-02-26,4,BA.2,0.04738227278,0.06677900255,0.03229890764,weekly,weighted,0.0,region_04
2022-03-05,4,BA.2,0.0948452428,0.12476459146,0.07008193433,weekly,weighted,0.0,region_04
2022-03-12,4,BA.2,0.23828801513,0.29901337624,0.1845086664,weekly,weighted,0.0,region_04
2022-03-19,4,BA.2,0.39394575357,0.45996075869,0.33067405224,weekly,weighted,0.0,region_04
2022-03-26,4,BA.2,0.61845988035,0.66984766722,0.56502854824,weekly,weighted,0.0,region_04
2022-04-02,4,BA.2,0.73112559319,0.77814143896,0.67992007732,weekly,weighted,0.0,region_04
2022-04-09,4,BA.2,0.7614518404,0.79945093393,0.72009897232,weekly,weighted,0.0,region_04
2022-04-16,4,BA.2,0.74713551998,0.81169807911,0.6734084487,weekly,weighted,0.0,region_04
2022-04-23,4,BA.2,0.70653271675,0.74936801195,0.66080331802,weekly,weighted,0.0,region_04
2022-04-30,4,BA.2,0.60270369053,0.65543597937,0.54814207554,weekly,weighted,0.0,region_04
2022-05-07,4,BA.2,0.53776663542,0.59612584114,0.47863063216,weekly,weighted,0.0,region_04
2022-05-14,4,BA.2,0.43835031986,0.47157761455,0.40553018451,weekly,weighted,0.0,region_04
2022-05-21,4,BA.2,0.33558556437,0.3572934866,0.31438502669,weekly,weighted,0.0,region_04
2022-05-28,4,BA.2,0.27628731728,0.29713433981,0.25614243746,weekly,weighted,0.0,region_04
2022-06-04,4,BA.2,0.20715610683,0.23926104605,0.17756740749,weekly,weighted,0.0,region_04
2022-06-11,4,BA.2,0.16326855123,0.18901436031,0.13974179327,weekly,weighted,0.0,region_04
2022-06-18,4,BA.2,0.10052809864,0.11802273989,0.08483567089,weekly,weighted,0.0,region_04
2022-06-25,4,BA.2,0.06570831686,0.0749566257,0.05728141963,weekly,weighted,0.0,region_04
2022-07-02,4,BA.2,0.04230795428,0.05056808144,0.03505313024,weekly,weighted,0.0,region_04
2022-07-09,4,BA.2,0.02072984912,0.02654280514,0.01589758135,weekly,weighted,0.0,region_04
2022-07-16,4,BA.2,0.02047853172,0.02760170586,0.01478477847,weekly,weighted,0.0,region_04
2022-07-23,4,BA.2,0.01102411188,0.01629767753,0.00710954517,weekly,weighted,0.0,region_04
2022-07-30,4,BA.2,0.00801007566,0.01239246642,0.00489518116,weekly,weighted,,region_04
2022-08-06,4,BA.2,0.00499603944,0.00848725531,0.00268081715,weekly,weighted,0.0,region_04
2022-08-13,4,BA.2,0.00446197158,0.00782033615,0.00229112641,weekly,weighted,0.0,region_04
2022-03-26,4,BA.2.12.1,0.0300916899,0.04396876693,0.01964229718,weekly,weighted,0.0,region_04
2022-04-02,4,BA.2.12.1,0.07266116887,0.09316669405,0.05546055734,weekly,weighted,0.0,region_04
2022-04-09,4,BA.2.12.1,0.14520677924,0.17723956704,0.11699821055,weekly,weighted,0.0,region_04
2022-04-16,4,BA.2.12.1,0.20795799792,0.27520313859,0.15074692667,weekly,weighted,0.0,region_04
2022-04-23,4,BA.2.12.1,0.26984107494,0.31420782208,0.22864086926,weekly,weighted,0.0,region_04
2022-04-30,4,BA.2.12.1,0.37316954136,0.42626577616,0.32224678993,weekly,weighted,0.0,region_04
2022-05-07,4,BA.2.12.1,0.43567582965,0.49304449558,0.37955534458,weekly,weighted,0.0,region_04
2022-05-14,4,BA.2.12.1,0.53193581104,0.56124788523,0.50245833397,weekly,weighted,0.0,region_04
2022-05-21,4,BA.2.12.1,0.60333651304,0.62569469213,0.58065086603,weekly,weighted,0.0,region_04
2022-05-28,4,BA.2.12.1,0.63594818115,0.6556468606,0.61590254307,weekly,weighted,0.0,region_04
2022-06-04,4,BA.2.12.1,0.61611402035,0.63596946001,0.59596467018,weekly,weighted,0.0,region_04
2022-06-11,4,BA.2.12.1,0.57821404934,0.61585599184,0.53988319635,weekly,weighted,0.0,region_04
2022-06-18,4,BA.2.12.1,0.48723164201,0.51347988844,0.46103587747,weekly,weighted,0.0,region_04
2022-06-25,4,BA.2.12.1,0.36971661448,0.39998707175,0.3401915431,weekly,weighted,0.0,region_04
2022-07-02,4,BA.2.12.1,0.24882724881,0.28174448013,0.21794191003,weekly,weighted,0.0,region_04
2022-07-09,4,BA.2.12.1,0.16929867864,0.1817881614,0.15733487904,weekly,weighted,0.0,region_04
2022-07-16,4,BA.2.12.1,0.10570974648,0.12108597904,0.09167359024,weekly,weighted,0.0,region_04
2022-07-23,4,BA.2.12.1,0.05687167495,0.0676503554,0.04735212401,weekly,weighted,0.0,region_04
2022-07-30,4,BA.2.12.1,0.03855438158,0.04996294528,0.02912429348,weekly,weighted,0.0,region_04
2022-08-06,4,BA.2.12.1,0.02147144452,0.0277601555,0.01628135331,weekly,weighted,0.0,region_04
2022-08-13,4,BA.2.12.1,0.01618082263,0.02385507897,0.01046388131,weekly,weighted,0.0,region_04
2022-05-14,4,BA.4,0.00916444324,0.01303938963,0.00620193267,weekly,weighted,0.0,region_04
2022-05-21,4,BA.4,0.01440270245,0.01948750578,0.0103556402,weekly,weighted,0.0,region_04
2022-05-28,4,BA.4,0.02993303351,0.03909437731,0.02241769806,weekly,weighted,0.0,region_04
2022-06-04,4,BA.4,0.05773183703,0.06984251738,0.04716470093,weekly,weighted,0.0,region_04
2022-06-11,4,BA.4,0.07501076162,0.09332627058,0.0593036972,weekly,weighted,0.0,region_04
2022-06-18,4,BA.4,0.11061239243,0.12815448642,0.09471224993,weekly,weighted,0.0,region_04
2022-06-25,4,BA.4,0.1220683679,0.1412435323,0.10464537889,weekly,weighted,0.0,region_04
2022-07-02,4,BA.4,0.13114632666,0.15108813345,0.11295167357,weekly,weighted,0.0,region_04
2022-07-09,4,BA.4,0.13087818027,0.14717902243,0.11576863378,weekly,weighted,0.0,region_04
2022-07-16,4,BA.4,0.13297072053,0.14498278499,0.12160804868,weekly,weighted,0.0,region_04
2022-07-23,4,BA.4,0.10174051672,0.1173388809,0.08757492155,weekly,weighted,0.0,region_04
2022-07-30,4,BA.4,0.08369726688,0.09538553655,0.07301832736,weekly,weighted,0.0,region_04
2022-08-06,4,BA.4,0.07559716702,0.09025400132,0.06265110523,weekly,weighted,0.0,region_04
2022-08-13,4,BA.4,0.06275469065,0.07415153086,0.05263223499,weekly,weighted,0.0,region_04
2022-06-04,4,BA.4.6,0.00365158566,0.00639648642,0.00187700253,weekly,weighted,0.0,region_04
2022-06-11,4,BA.4.6,0.00460414775,0.00704516703,0.00284395553,weekly,weighted,0.0,region_04
2022-06-18,4,BA.4.6,0.01103797182,0.01621919312,0.00717353169,weekly,weighted,0.0,region_04
2022-06-25,4,BA.4.6,0.01375157665,0.01868059672,0.00984106679,weekly,weighted,0.0,region_04
2022-07-02,4,BA.4.6,0.02369050123,0.03477104753,0.0153903449,weekly,weighted,0.0,region_04
2022-07-09,4,BA.4.6,0.03067669086,0.03765219077,0.02468002215,weekly,weighted,0.0,region_04
2022-07-16,4,BA.4.6,0.04309049249,0.05185804144,0.03542796522,weekly,weighted,0.0,region_04
2022-07-23,4,BA.4.6,0.05392900109,0.06550539285,0.04386359453,weekly,weighted,0.0,region_04
2022-07-30,4,BA.4.6,0.05828851461,0.06921397895,0.04862511158,weekly,weighted,0.0,region_04
2022-08-06,4,BA.4.6,0.06604862958,0.07730148733,0.05598085374,weekly,weighted,0.0,region_04
2022-08-13,4,BA.4.6,0.08220493793,0.10907797515,0.06016651168,weekly,weighted,0.0,region_04
2022-05-14,4,BA.5,0.01602634974,0.0268116314,0.0087575363,weekly,weighted,0.0,region_04
2022-05-21,4,BA.5,0.03971309215,0.05819135904,0.02579194494,weekly,weighted,0.0,region_04
2022-05-28,4,BA.5,0.05165188015,0.06345941126,0.04147449508,weekly,weighted,0.0,region_04
2022-06-04,4,BA.5,0.10551726818,0.13715410233,0.07904488593,weekly,weighted,0.0,region_04
2022-06-11,4,BA.5,0.17718701065,0.22393076122,0.13663837314,weekly,weighted,0.0,region_04
2022-06-18,4,BA.5,0.2899569869,0.31847849488,0.26262128353,weekly,weighted,0.0,region_04
2022-06-25,4,BA.5,0.42796114087,0.46667024493,0.38989749551,weekly,weighted,0.0,region_04
2022-07-02,4,BA.5,0.55310076475,0.57762223482,0.52838462591,weekly,weighted,0.0,region_04
2022-07-09,4,BA.5,0.64776647091,0.66545891762,0.62976521254,weekly,weighted,0.0,region_04
2022-07-16,4,BA.5,0.69744932652,0.71389454603,0.68061631918,weekly,weighted,0.0,region_04
2022-07-23,4,BA.5,0.77513831854,0.7947601676,0.75456500053,weekly,weighted,0.0,region_04
2022-07-30,4,BA.5,0.80917215347,0.82360982895,0.79408216476,weekly,weighted,0.0,region_04
2022-08-06,4,BA.5,0.83163201809,0.84689372778,0.81549942493,weekly,weighted,0.0,region_04
2022-08-13,4,BA.5,0.83422827721,0.85830748081,0.80786949396,weekly,weighted,0.0,region_04
2021-03-06,4,Other,0.61911469698,0.77515405416,0.43387410045,weekly,weighted,0.0,region_04
2021-03-13,4,Other,0.4828915298,0.66951984167,0.30091688037,weekly,weighted,0.0,region_04
2021-03-20,4,Other,0.37788942456,0.50778323412,0.26343947649,weekly,weighted,0.0,region_04
2021-03-27,4,Other,0.25322541595,0.34742560983,0.17761474848,weekly,weighted,0.0,region_04
2021-04-03,4,Other,0.18515636027,0.21594791114,0.15787126124,weekly,weighted,0.0,region_04
2021-04-10,4,Other,0.13245555758,0.15703572333,0.1112152189,weekly,weighted,0.0,region_04
2021-04-17,4,Other,0.11278747767,0.14708356559,0.08568497002,weekly,weighted,0.0,region_04
2021-04-24,4,Other,0.08951651305,0.10352795571,0.07723799348,weekly,weighted,0.0,region_04
2021-05-01,4,Other,0.0554651767,0.073225528,0.04181811213,weekly,weighted,0.0,region_04
2021-05-08,4,Other,0.51748682931,0.530997060235,0.50469103828,weekly,weighted,0.0,region_04
2021-05-15,4,Other,0.51548380591,0.532963637265,0.499363937415,weekly,weighted,0.0,region_04
2021-05-22,4,Other,0.5071728453,0.527828674765,0.491562016305,weekly,weighted,0.0,region_04
2021-05-29,4,Other,0.513056142255,0.538428198545,0.492759102955,weekly,weighted,0.0,region_04
2021-06-05,4,Other,0.488465467465,0.5081321559799999,0.46788429283,weekly,weighted,0.0,region_04
2021-06-12,4,Other,0.433045901355,0.47429299727,0.39665128942500005,weekly,weighted,0.0,region_04
2021-06-19,4,Other,0.386572228745,0.42376410216,0.35299022589,weekly,weighted,0.0,region_04
2021-06-26,4,Other,0.30556960776500003,0.33402137644499996,0.27862182259999996,weekly,weighted,0.0,region_04
2021-07-03,4,Other,0.190695996395,0.22453543916,0.16112798918,weekly,weighted,0.0,region_04
2021-07-10,4,Other,0.1198246954,0.145633399485,0.097547292245,weekly,weighted,0.0,region_04
2021-07-17,4,Other,0.077669466845,0.1026815176,0.057661776895,weekly,weighted,0.0,region_04
2021-07-24,4,Other,0.03599632438,0.045363745654999996,0.028193125035,weekly,weighted,0.0,region_04
2021-07-31,4,Other,0.023484621195,0.03334876243,0.01600067073,weekly,weighted,0.0,region_04
2021-08-07,4,Other,0.04079440609,0.06226830557,0.02511163987,weekly,weighted,0.0,region_04
2021-08-14,4,Other,0.01635490917,0.0252475813,0.00996514782,weekly,weighted,0.0,region_04
2021-08-21,4,Other,0.017174167188,0.027458641675999998,0.010022149046,weekly,weighted,,region_04
2021-08-28,4,Other,0.017993425206000002,0.029669702052,0.010079150272000001,weekly,weighted,,region_04
2021-09-04,4,Other,0.018812683224,0.031880762428000003,0.010136151498,weekly,weighted,,region_04
2021-09-11,4,Other,0.019631941242,0.034091822804,0.010193152724000001,weekly,weighted,,region_04
2021-09-18,4,Other,0.02045119926,0.03630288318,0.01025015395,weekly,weighted,0.0,region_04
2021-09-25,4,Other,0.01901668869,0.03109684214,0.01071690116,weekly,weighted,0.0,region_04
2021-10-02,4,Other,0.01914861798,0.03341106698,0.0098461071,weekly,weighted,0.0,region_04
2021-10-09,4,Other,0.02419787273,0.04320670292,0.01200577058,weekly,weighted,0.0,region_04
2021-10-16,4,Other,0.02544116229,0.0453923419125,0.01262978092,weekly,weighted,,region_04
2021-10-23,4,Other,0.02668445185,0.047577980905,0.01325379126,weekly,weighted,,region_04
2021-10-30,4,Other,0.02792774141,0.0497636198975,0.0138778016,weekly,weighted,,region_04
2021-11-06,4,Other,0.02917103097,0.05194925889,0.01450181194,weekly,weighted,0.0,region_04
2021-11-13,4,Other,0.025405289063333336,0.04518689370166667,0.012657985055,weekly,weighted,,region_04
2021-11-20,4,Other,0.021639547156666668,0.038424528513333334,0.01081415817,weekly,weighted,,region_04
2021-11-27,4,Other,0.01787380525,0.031662163325,0.008970331284999999,weekly,weighted,,region_04
2021-12-04,4,Other,0.014108063343333335,0.024899798136666665,0.0071265044,weekly,weighted,,region_04
2021-12-11,4,Other,0.010342321436666668,0.01813743294833333,0.005282677515,weekly,weighted,,region_04
2021-12-18,4,Other,0.00657657953,0.01137506776,0.00343885063,weekly,weighted,0.0,region_04
2021-12-25,4,Other,0.012297020525,0.02163871285,0.006255455199999999,weekly,weighted,,region_04
2022-01-01,4,Other,0.01801746152,0.03190235794,0.00907205977,weekly,weighted,0.0,region_04
2022-01-08,4,Other,0.017186111616470587,0.030426589611764705,0.008655613265294118,weekly,weighted,,region_04
2022-01-15,4,Other,0.016354761712941177,0.028950821283529413,0.008239166760588236,weekly,weighted,,region_04
2022-01-22,4,Other,0.015523411809411764,0.027475052955294118,0.007822720255882354,weekly,weighted,,region_04
2022-01-29,4,Other,0.014692061905882353,0.025999284627058826,0.0074062737511764705,weekly,weighted,,region_04
2022-02-05,4,Other,0.013860712002352941,0.02452351629882353,0.006989827246470588,weekly,weighted,,region_04
2022-02-12,4,Other,0.013029362098823528,0.023047747970588235,0.006573380741764705,weekly,weighted,,region_04
2022-02-19,4,Other,0.012198012195294117,0.021571979642352943,0.006156934237058823,weekly,weighted,,region_04
2022-02-26,4,Other,0.011366662291764706,0.020096211314117648,0.005740487732352941,weekly,weighted,,region_04
2022-03-05,4,Other,0.010535312388235294,0.018620442985882352,0.005324041227647059,weekly,weighted,,region_04
2022-03-12,4,Other,0.009703962484705883,0.01714467465764706,0.004907594722941177,weekly,weighted,,region_04
2022-03-19,4,Other,0.00887261258117647,0.015668906329411765,0.004491148218235294,weekly,weighted,,region_04
2022-03-26,4,Other,0.008041262677647059,0.014193138001176471,0.004074701713529412,weekly,weighted,,region_04
2022-04-02,4,Other,0.007209912774117647,0.012717369672941178,0.0036582552088235297,weekly,weighted,,region_04
2022-04-09,4,Other,0.006378562870588235,0.011241601344705882,0.003241808704117647,weekly,weighted,,region_04
2022-04-16,4,Other,0.005547212967058823,0.009765833016470589,0.0028253621994117645,weekly,weighted,,region_04
2022-04-23,4,Other,0.004715863063529412,0.008290064688235295,0.0024089156947058824,weekly,weighted,,region_04
2022-04-30,4,Other,0.00388451316,0.00681429636,0.00199246919,weekly,weighted,0.0,region_04
2022-05-07,4,Other,0.00554118399,0.00869305525,0.00331244105,weekly,weighted,0.0,region_04
2022-05-14,4,Other,0.0049133414900000005,0.007619104349999999,0.002983110255,weekly,weighted,,region_04
2022-05-21,4,Other,0.00428549899,0.00654515345,0.00265377946,weekly,weighted,0.0,region_04
2022-05-28,4,Other,0.00367676432,0.00578611996,0.00219251064,weekly,weighted,,region_04
2022-06-04,4,Other,0.00306802965,0.00502708647,0.00173124182,weekly,weighted,0.0,region_04
2021-03-06,4,P.1,0.00638179481,0.02533083223,0.00158476748,weekly,weighted,0.0,region_04
2021-03-13,4,P.1,0.01015974768,0.03849742189,0.00262429821,weekly,weighted,0.0,region_04
2021-03-20,4,P.1,0.01846229471,0.04916130006,0.00679640332,weekly,weighted,0.0,region_04
2021-03-27,4,P.1,0.02569800429,0.06687391549,0.00961390324,weekly,weighted,0.0,region_04
2021-04-03,4,P.1,0.04169492796,0.07473216206,0.02290115133,weekly,weighted,0.0,region_04
2021-04-10,4,P.1,0.04589349031,0.11340950429,0.01776629686,weekly,weighted,0.0,region_04
2021-04-17,4,P.1,0.05520552397,0.1141057685,0.02582275867,weekly,weighted,0.0,region_04
2021-04-24,4,P.1,0.06054694578,0.13015891612,0.02700903825,weekly,weighted,0.0,region_04
2021-05-01,4,P.1,0.07123512775,0.13775840402,0.03551273793,weekly,weighted,0.0,region_04
2021-05-08,4,P.1,0.08716984093,0.14569863677,0.05075584725,weekly,weighted,0.0,region_04
2021-05-15,4,P.1,0.08251319081,0.15771779418,0.04140558466,weekly,weighted,0.0,region_04
2021-05-22,4,P.1,0.10774701834,0.1959194243,0.0564693287,weekly,weighted,0.0,region_04
2021-05-29,4,P.1,0.11888553947,0.19164989889,0.07131070644,weekly,weighted,0.0,region_04
2021-06-05,4,P.1,0.15318390727,0.25260341167,0.08827243745,weekly,weighted,0.0,region_04
2021-06-12,4,P.1,0.11860459298,0.1997653693,0.0676310882,weekly,weighted,0.0,region_04
2021-06-19,4,P.1,0.11562876403,0.24712991714,0.04950045794,weekly,weighted,0.0,region_04
2021-06-26,4,P.1,0.09121756256,0.14521917701,0.05598197132,weekly,weighted,0.0,region_04
2021-07-03,4,P.1,0.06614239514,0.10418046266,0.0413515754,weekly,weighted,0.0,region_04
2021-07-10,4,P.1,0.04140098393,0.06627231091,0.02560763061,weekly,weighted,0.0,region_04
2021-07-17,4,P.1,0.02614744566,0.05244794488,0.01285662502,weekly,weighted,0.0,region_04
2021-07-24,4,P.1,0.01024883799,0.01883151382,0.00555566559,weekly,weighted,0.0,region_04
2021-07-31,4,P.1,0.00566454465,0.00962268375,0.00332905073,weekly,weighted,0.0,region_04
2021-07-24,5,AY.2,0.0094104996,0.01563616283,0.00564940833,weekly,weighted,0.0,region_05
2021-06-12,5,AY.3,0.02316176891,0.08010566235,0.00641472545,weekly,weighted,0.0,region_05
2021-06-19,5,AY.3,0.03328845277,0.14453463256,0.00696925819,weekly,weighted,0.0,region_05
2021-06-26,5,AY.3,0.06791388243,0.35479161143,0.00956222508,weekly,weighted,0.0,region_05
2021-07-03,5,AY.3,0.11081395298,0.18274268508,0.06494694203,weekly,weighted,0.0,region_05
2021-07-10,5,AY.3,0.13455815613,0.27524730563,0.05984275043,weekly,weighted,0.0,region_05
2021-07-17,5,AY.3,0.14360301197,0.22345586121,0.08901485056,weekly,weighted,0.0,region_05
2021-07-24,5,AY.3,0.15135124326,0.2125736475,0.10540106148,weekly,weighted,0.0,region_05
2021-07-31,5,AY.3,0.14853617549,0.1766384989,0.12423020601,weekly,weighted,0.0,region_05
2021-12-11,5,B.1.1.529,0.05498030037,0.09826682508,0.02689433284,weekly,weighted,0.0,region_05
2021-12-18,5,B.1.1.529,0.27655899525,0.38623210788,0.18357361853,weekly,weighted,0.0,region_05
2021-12-25,5,B.1.1.529,0.60419863462,0.67268759012,0.53255200386,weekly,weighted,0.0,region_05
2022-01-01,5,B.1.1.529,0.83727675676,0.86417001486,0.80743587017,weekly,weighted,0.0,region_05
2022-01-08,5,B.1.1.529,0.90695458651,0.92923092842,0.88047778606,weekly,weighted,0.0,region_05
2022-01-15,5,B.1.1.529,0.96433740854,0.97109478712,0.95652252436,weekly,weighted,0.0,region_05
2022-01-22,5,B.1.1.529,0.98276519775,0.98767662048,0.97657710314,weekly,weighted,0.0,region_05
2022-01-29,5,B.1.1.529,0.98577845097,0.98971837759,0.98084545135,weekly,weighted,0.0,region_05
2022-02-05,5,B.1.1.529,0.98882603645,0.99269729853,0.98365408182,weekly,weighted,0.0,region_05
2022-02-12,5,B.1.1.529,0.97723776102,0.98229116201,0.97121858597,weekly,weighted,0.0,region_05
2021-03-06,5,B.1.1.7,0.19896672666,0.36422324181,0.09722466767,weekly,weighted,0.0,region_05
2021-03-13,5,B.1.1.7,0.31470549107,0.47818917036,0.18707577884,weekly,weighted,0.0,region_05
2021-03-20,5,B.1.1.7,0.42240512371,0.60451871157,0.25919726491,weekly,weighted,0.0,region_05
2021-03-27,5,B.1.1.7,0.5466927886,0.70657634735,0.37655887008,weekly,weighted,0.0,region_05
2021-04-03,5,B.1.1.7,0.64598155022,0.76344770193,0.50779151917,weekly,weighted,0.0,region_05
2021-04-10,5,B.1.1.7,0.70161813498,0.79786086082,0.58347433805,weekly,weighted,0.0,region_05
2021-04-17,5,B.1.1.7,0.72813606262,0.82771897316,0.59888601303,weekly,weighted,0.0,region_05
2021-04-24,5,B.1.1.7,0.73657041788,0.83568650484,0.60586422682,weekly,weighted,0.0,region_05
2021-05-01,5,B.1.1.7,0.7459589839,0.83501279354,0.63012903929,weekly,weighted,0.0,region_05
2021-05-08,5,B.1.1.7,0.7546517849,0.8392303586,0.64442980289,weekly,weighted,0.0,region_05
2021-05-15,5,B.1.1.7,0.73956358433,0.82144194841,0.63674294949,weekly,weighted,0.0,region_05
2021-05-22,5,B.1.1.7,0.73450231552,0.82874310017,0.61264133453,weekly,weighted,0.0,region_05
2021-05-29,5,B.1.1.7,0.74104517698,0.81695771217,0.64724373817,weekly,weighted,0.0,region_05
2021-06-05,5,B.1.1.7,0.65140318871,0.74865889549,0.53965485096,weekly,weighted,0.0,region_05
2021-06-12,5,B.1.1.7,0.60182243586,0.6828827858,0.51476502419,weekly,weighted,0.0,region_05
2021-06-19,5,B.1.1.7,0.52765476704,0.70076173544,0.34763222933,weekly,weighted,0.0,region_05
2021-06-26,5,B.1.1.7,0.38008999825,0.59046322107,0.20681807399,weekly,weighted,0.0,region_05
2021-07-03,5,B.1.1.7,0.20820587873,0.29928922653,0.13933032751,weekly,weighted,0.0,region_05
2021-07-10,5,B.1.1.7,0.07311751693,0.15404748917,0.03304392844,weekly,weighted,0.0,region_05
2021-07-17,5,B.1.1.7,0.0376652889,0.06292431056,0.02230437845,weekly,weighted,0.0,region_05
2021-07-24,5,B.1.1.7,0.01394785568,0.06078576669,0.00308203348,weekly,weighted,0.0,region_05
2021-03-20,5,B.1.351,0.00789109617,0.03291203454,0.00185549865,weekly,weighted,0.0,region_05
2021-03-27,5,B.1.351,0.00900584925,0.01922355033,0.00419582659,weekly,weighted,0.0,region_05
2021-04-03,5,B.1.351,0.01040553395,0.02374367416,0.00452543469,weekly,weighted,0.0,region_05
2021-04-10,5,B.1.351,0.00929797348,0.01314776391,0.00656793546,weekly,weighted,0.0,region_05
2021-04-17,5,B.1.351,0.00692581851,0.0175932534,0.00270860735,weekly,weighted,0.0,region_05
2021-04-24,5,B.1.351,0.00673539704,0.01318216883,0.00343047432,weekly,weighted,0.0,region_05
2021-05-01,5,B.1.351,0.00733496388,0.01825428382,0.00292786676,weekly,weighted,0.0,region_05
2021-05-08,5,B.1.351,0.00578104751,0.01110062655,0.0030029458,weekly,weighted,0.0,region_05
2021-05-15,5,B.1.351,0.00578094414,0.01345433947,0.00247293594,weekly,weighted,0.0,region_05
2021-05-22,5,B.1.351,0.00799470954,0.02406545915,0.00262700906,weekly,weighted,0.0,region_05
2021-04-10,5,B.1.525,0.00225099619,0.01119069196,0.00044953884,weekly,weighted,0.0,region_05
2021-04-17,5,B.1.525,0.00213365804,0.01030863542,0.00043915142,weekly,weighted,,region_05
2021-04-24,5,B.1.525,0.00201631989,0.00942657888,0.000428764,weekly,weighted,0.0,region_05
2021-03-06,5,B.1.526,0.02998007275,0.05840230361,0.01516707987,weekly,weighted,0.0,region_05
2021-03-13,5,B.1.526,0.05291411653,0.138987571,0.01897054724,weekly,weighted,0.0,region_05
2021-03-20,5,B.1.526,0.05934964493,0.11170969903,0.03068381175,weekly,weighted,0.0,region_05
2021-03-27,5,B.1.526,0.06664376706,0.1228345111,0.03512812406,weekly,weighted,0.0,region_05
2021-04-03,5,B.1.526,0.07844562083,0.14448986948,0.04113765433,weekly,weighted,0.0,region_05
2021-04-10,5,B.1.526,0.07883826643,0.14316928387,0.04199664295,weekly,weighted,0.0,region_05
2021-04-17,5,B.1.526,0.07859750837,0.13220320642,0.0455860123,weekly,weighted,0.0,region_05
2021-04-24,5,B.1.526,0.08132183552,0.12507238984,0.05196632817,weekly,weighted,0.0,region_05
2021-05-01,5,B.1.526,0.08486956358,0.14496454597,0.04828023165,weekly,weighted,0.0,region_05
2021-05-08,5,B.1.526,0.0745524615,0.12317939103,0.04415506124,weekly,weighted,0.0,region_05
2021-05-15,5,B.1.526,0.08275483549,0.12086173147,0.0558988452,weekly,weighted,0.0,region_05
2021-05-22,5,B.1.526,0.06509202719,0.1339674443,0.03038451821,weekly,weighted,0.0,region_05
2021-05-29,5,B.1.526,0.08334266394,0.15587365627,0.04284854606,weekly,weighted,0.0,region_05
2021-06-05,5,B.1.526,0.06294322014,0.14400580525,0.02611936815,weekly,weighted,0.0,region_05
2021-06-12,5,B.1.526,0.04083889723,0.09440400451,0.01709312201,weekly,weighted,0.0,region_05
2021-06-19,5,B.1.526,0.03285041451,0.08361781389,0.0124857761,weekly,weighted,0.0,region_05
2021-04-10,5,B.1.617.1,0.00173100852,0.01328802388,0.00022322162,weekly,weighted,0.0,region_05
2021-04-17,5,B.1.617.1,0.00208451715,0.00453264266,0.00095737708,weekly,weighted,0.0,region_05
2021-04-17,5,B.1.617.2,0.00157395995,0.01250154246,0.00019626513,weekly,weighted,0.0,region_05
2021-04-24,5,B.1.617.2,0.00544417882,0.01010545436,0.00292662205,weekly,weighted,0.0,region_05
2021-05-01,5,B.1.617.2,0.01062614564,0.02788442932,0.00400538044,weekly,weighted,0.0,region_05
2021-05-08,5,B.1.617.2,0.009490753519999999,0.01794771338,0.004901725335,weekly,weighted,0.0,region_05
2021-05-15,5,B.1.617.2,0.015894535930000002,0.03403265774,0.007323544935,weekly,weighted,0.0,region_05
2021-05-22,5,B.1.617.2,0.02911437023,0.053433796389999996,0.015061963349999999,weekly,weighted,0.0,region_05
2021-05-29,5,B.1.617.2,0.04903967492,0.12012218684,0.020270789509999998,weekly,weighted,0.0,region_05
2021-06-05,5,B.1.617.2,0.0928116031,0.236499235035,0.03484613635,weekly,weighted,0.0,region_05
2021-06-12,5,B.1.617.2,0.17641425133,0.24282658099999999,0.12478776276,weekly,weighted,0.0,region_05
2021-06-19,5,B.1.617.2,0.28338429331500004,0.40898399055,0.184054262935,weekly,weighted,0.0,region_05
2021-06-26,5,B.1.617.2,0.443507373335,0.618419855835,0.29344572871999997,weekly,weighted,0.0,region_05
2021-07-03,5,B.1.617.2,0.596005558965,0.647446393965,0.5422086715700001,weekly,weighted,0.0,region_05
2021-07-10,5,B.1.617.2,0.782458812,0.856078207495,0.68845260143,weekly,weighted,0.0,region_05
2021-07-17,5,B.1.617.2,0.8173691332349999,0.860942721365,0.76545673609,weekly,weighted,0.0,region_05
2021-07-24,5,B.1.617.2,0.86832264066,0.909377902745,0.8153082728400001,weekly,weighted,0.0,region_05
2021-07-31,5,B.1.617.2,0.8974853158,0.914775967595,0.8774738907849999,weekly,weighted,0.0,region_05
2021-08-07,5,B.1.617.2,0.97730636597,0.98523026705,0.96673607826,weekly,weighted,0.0,region_05
2021-08-14,5,B.1.617.2,0.99116653204,0.99529135227,0.98493510485,weekly,weighted,0.0,region_05
2021-08-21,5,B.1.617.2,0.98954570293,0.99619585276,0.97724145651,weekly,weighted,0.0,region_05
2021-08-28,5,B.1.617.2,0.9795601368,0.99063849449,0.9614841938,weekly,weighted,0.0,region_05
2021-09-04,5,B.1.617.2,0.99099683762,0.9958126545,0.98314547539,weekly,weighted,0.0,region_05
2021-09-11,5,B.1.617.2,0.98772096634,0.99317336082,0.97969615459,weekly,weighted,0.0,region_05
2021-09-18,5,B.1.617.2,0.98674929142,0.99278664589,0.97775882483,weekly,weighted,0.0,region_05
2021-09-25,5,B.1.617.2,0.98598021269,0.99281817675,0.97544384003,weekly,weighted,0.0,region_05
2021-10-02,5,B.1.617.2,0.98555636406,0.99122518301,0.9776468277,weekly,weighted,0.0,region_05
2021-10-09,5,B.1.617.2,0.98311752081,0.98977982998,0.97381144762,weekly,weighted,0.0,region_05
2021-10-16,5,B.1.617.2,0.98570472002,0.99305087328,0.97405278683,weekly,weighted,0.0,region_05
2021-10-23,5,B.1.617.2,0.98382097483,0.99151933193,0.97212541103,weekly,weighted,0.0,region_05
2021-10-30,5,B.1.617.2,0.98717308044,0.99416297674,0.9756706953,weekly,weighted,0.0,region_05
2021-11-06,5,B.1.617.2,0.97891461849,0.98963826895,0.96207600832,weekly,weighted,0.0,region_05
2021-11-13,5,B.1.617.2,0.97944921255,0.99028116465,0.96207720041,weekly,weighted,0.0,region_05
2021-11-20,5,B.1.617.2,0.9772002697,0.98843163252,0.95988899469,weekly,weighted,0.0,region_05
2021-11-27,5,B.1.617.2,0.98749595881,0.99565005302,0.97209984064,weekly,weighted,0.0,region_05
2021-12-04,5,B.1.617.2,0.99273711443,0.99687278271,0.98570078611,weekly,weighted,0.0,region_05
2021-12-11,5,B.1.617.2,0.93992507458,0.96954464912,0.89525282383,weekly,weighted,0.0,region_05
2021-12-18,5,B.1.617.2,0.71533453465,0.8098821044,0.60455715656,weekly,weighted,0.0,region_05
2021-12-25,5,B.1.617.2,0.38069006801,0.45379236341,0.3113732338,weekly,weighted,0.0,region_05
2022-01-01,5,B.1.617.2,0.14345552027,0.1689607352,0.12047528476,weekly,weighted,0.0,region_05
2022-01-08,5,B.1.617.2,0.0846562162,0.11061896384,0.06311612576,weekly,weighted,0.0,region_05
2022-01-15,5,B.1.617.2,0.03213957697,0.04008380696,0.02538977936,weekly,weighted,0.0,region_05
2022-01-22,5,B.1.617.2,0.01448022015,0.02077545784,0.00969219487,weekly,weighted,0.0,region_05
2022-01-29,5,B.1.617.2,0.00785707124,0.01155513618,0.00510304654,weekly,weighted,0.0,region_05
2021-06-05,5,B.1.621,0.0095122885,0.12616208196,0.00063840538,weekly,weighted,0.0,region_05
2021-06-12,5,B.1.621,0.010735031487142858,0.11187525253428572,0.0023264449014285715,weekly,weighted,,region_05
2021-06-19,5,B.1.621,0.011957774474285714,0.09758842310857144,0.004014484422857143,weekly,weighted,,region_05
2021-06-26,5,B.1.621,0.013180517461428572,0.08330159368285715,0.005702523944285714,weekly,weighted,,region_05
2021-07-03,5,B.1.621,0.014403260448571428,0.06901476425714287,0.007390563465714286,weekly,weighted,,region_05
2021-07-10,5,B.1.621,0.015626003435714287,0.05472793483142858,0.009078602987142857,weekly,weighted,,region_05
2021-07-17,5,B.1.621,0.016848746422857143,0.04044110540571429,0.010766642508571428,weekly,weighted,,region_05
2021-07-24,5,B.1.621,0.01807148941,0.02615427598,0.01245468203,weekly,weighted,0.0,region_05
2021-07-31,5,B.1.621,0.00450490043,0.0230524689,0.00086710008,weekly,weighted,0.0,region_05
2021-04-17,5,B.1.628,0.00177570712,0.02365706488,0.00013057837,weekly,weighted,0.0,region_05
2021-04-24,5,B.1.628,0.0032318125,0.025743493809999997,0.00045246235999999996,weekly,weighted,,region_05
2021-05-01,5,B.1.628,0.00468791788,0.02782992274,0.00077434635,weekly,weighted,0.0,region_05
2021-05-08,5,B.1.628,0.00280833989,0.01752115414,0.00044453854,weekly,weighted,0.0,region_05
2021-05-15,5,B.1.628,0.00762969488,0.03057478741,0.00187070156,weekly,weighted,0.0,region_05
2021-05-22,5,B.1.628,0.00370449224,0.01816092618,0.00074689381,weekly,weighted,0.0,region_05
2022-02-05,5,BA.2,0.00774591696,0.0111043267,0.00519427378,weekly,weighted,0.0,region_05
2022-02-12,5,BA.2,0.01983229071,0.02595641464,0.01482648961,weekly,weighted,0.0,region_05
2023-11-25,5,BA.2.86,0.014656955374999999,0.02253599651,0.008980491194999999,biweekly,weighted,0.0,region_05
2023-12-02,5,BA.2.86,0.0182380341,0.029545021242499997,0.01043004356,biweekly,weighted,,region_05
2023-12-09,5,BA.2.86,0.021819112825,0.036554045975,0.011879595925,biweekly,weighted,0.0,region_05
2023-12-16,5,BA.2.86,0.024259277311666667,0.040912237638333335,0.013071549433333333,biweekly,weighted,,region_05
2023-12-23,5,BA.2.86,0.026699441798333334,0.045270429301666665,0.014263502941666666,biweekly,weighted,,region_05
2023-12-30,5,BA.2.86,0.029139606285,0.049628620964999995,0.015455456449999998,biweekly,weighted,,region_05
2024-01-06,5,BA.2.86,0.03157977077166667,0.05398681262833333,0.01664740995833333,biweekly,weighted,,region_05
2024-01-13,5,BA.2.86,0.034019935258333335,0.05834500429166667,0.017839363466666664,biweekly,weighted,,region_05
2024-01-20,5,BA.2.86,0.036460099745,0.062703195955,0.019031316974999997,biweekly,weighted,0.0,region_05
2023-04-15,5,BQ.1.1,0.015958309175,0.023487569765,0.01034235768,biweekly,weighted,0.0,region_05
2023-07-08,5,EG.5,0.081982932985,0.122887410225,0.051295857875,biweekly,weighted,0.0,region_05
2023-07-15,5,EG.5,0.1118013001975,0.15613300353499998,0.0766777247175,biweekly,weighted,,region_05
2023-07-22,5,EG.5,0.14161966740999998,0.189378596845,0.10205959156,biweekly,weighted,0.0,region_05
2023-07-29,5,EG.5,0.154561731965,0.19364077225499998,0.12105805613000001,biweekly,weighted,,region_05
2023-08-05,5,EG.5,0.16750379652000003,0.197902947665,0.14005652070000002,biweekly,weighted,0.0,region_05
2023-08-12,5,EG.5,0.1718639954925,0.20940240845,0.1386674940575,biweekly,weighted,,region_05
2023-08-19,5,EG.5,0.17622419446499998,0.220901869235,0.137278467415,biweekly,weighted,0.0,region_05
2023-08-26,5,EG.5,0.2024956047525,0.24928400293,0.16101955995,biweekly,weighted,,region_05
2023-09-02,5,EG.5,0.22876701504,0.277666136625,0.184760652485,biweekly,weighted,0.0,region_05
2023-09-09,5,EG.5,0.232343982905,0.26933055371250003,0.1984547190375,biweekly,weighted,,region_05
2023-09-16,5,EG.5,0.23592095077,0.2609949708,0.21214878559,biweekly,weighted,0.0,region_05
2023-09-23,5,EG.5,0.24532708525750002,0.2804547175775,0.212649300695,biweekly,weighted,,region_05
2023-09-30,5,EG.5,0.254733219745,0.299914464355,0.21314981579999998,biweekly,weighted,0.0,region_05
2023-10-07,5,EG.5,0.2362674921775,0.27523419261000004,0.20032495632999997,biweekly,weighted,,region_05
2023-10-14,5,EG.5,0.21780176461,0.250553920865,0.18750009686,biweekly,weighted,0.0,region_05
2023-10-21,5,EG.5,0.20024688542,0.235160157085,0.16849691048499998,biweekly,weighted,,region_05
2023-10-28,5,EG.5,0.18269200622999998,0.219766393305,0.14949372411,biweekly,weighted,0.0,region_05
2023-11-04,5,EG.5,0.18151151388999998,0.210148040205,0.15543066338,biweekly,weighted,,region_05
2023-11-11,5,EG.5,0.18033102155,0.20052968710500002,0.16136760265,biweekly,weighted,0.0,region_05
2023-11-18,5,EG.5,0.16744926572000002,0.1936120092875,0.143703425305,biweekly,weighted,,region_05
2023-11-25,5,EG.5,0.15456750989,0.18669433146999997,0.12603924796,biweekly,weighted,0.0,region_05
2023-12-02,5,EG.5,0.137725863605,0.1649550385775,0.11347843520499999,biweekly,weighted,,region_05
2023-12-09,5,EG.5,0.12088421732,0.143215745685,0.10091762245,biweekly,weighted,0.0,region_05
2023-12-16,5,EG.5,0.0987588874975,0.1211772989475,0.0793911134825,biweekly,weighted,,region_05
2023-12-23,5,EG.5,0.076633557675,0.09913885220999999,0.057864604515,biweekly,weighted,0.0,region_05
2023-12-30,5,EG.5,0.06180093903,0.08231421187499999,0.0451577408225,biweekly,weighted,,region_05
2024-01-06,5,EG.5,0.046968320385,0.06548957154,0.03245087713,biweekly,weighted,0.0,region_05
2024-01-13,5,EG.5,0.043474168514999995,0.06428423617000001,0.027996931225,biweekly,weighted,,region_05
2024-01-20,5,EG.5,0.039980016645,0.0630789008,0.02354298532,biweekly,weighted,0.0,region_05
2023-12-09,5,EG.5.1.8,0.007568754025,0.012219291645000002,0.0043527525849999995,biweekly,weighted,0.0,region_05
2023-09-16,5,EG.6.1,0.014636872334999999,0.024139088580000002,0.008161958305000001,biweekly,weighted,0.0,region_05
2023-08-05,5,FL.1.5.1,0.04183455557,0.06460144743499999,0.0253505474,biweekly,weighted,0.0,region_05
2023-08-12,5,FL.1.5.1,0.046013599264999996,0.071125458925,0.0278190048425,biweekly,weighted,,region_05
2023-08-19,5,FL.1.5.1,0.05019264296,0.077649470415,0.030287462285,biweekly,weighted,0.0,region_05
2023-08-26,5,FL.1.5.1,0.06469399296,0.087160902095,0.0471392436875,biweekly,weighted,,region_05
2023-09-02,5,FL.1.5.1,0.07919534296,0.09667233377500001,0.06399102509,biweekly,weighted,0.0,region_05
2023-09-09,5,FL.1.5.1,0.0852043535575,0.11776079982500001,0.059881040827499996,biweekly,weighted,,region_05
2023-09-16,5,FL.1.5.1,0.091213364155,0.13884926587500002,0.055771056565,biweekly,weighted,0.0,region_05
2023-09-23,5,FL.1.5.1,0.0946955624975,0.131331680345,0.0660375002775,biweekly,weighted,,region_05
2023-09-30,5,FL.1.5.1,0.09817776083999999,0.123814094815,0.07630394399,biweekly,weighted,0.0,region_05
2023-10-07,5,FL.1.5.1,0.08365702628999999,0.10635401494999999,0.0644561527275,biweekly,weighted,,region_05
2023-10-14,5,FL.1.5.1,0.06913629174,0.088893935085,0.052608361465,biweekly,weighted,0.0,region_05
2023-10-21,5,FL.1.5.1,0.07287576980749999,0.09475370683,0.0547104692075,biweekly,weighted,,region_05
2023-10-28,5,FL.1.5.1,0.076615247875,0.100613478575,0.05681257695,biweekly,weighted,0.0,region_05
2023-11-04,5,FL.1.5.1,0.07120946981000001,0.096784111115,0.0507174711675,biweekly,weighted,,region_05
2023-11-11,5,FL.1.5.1,0.065803691745,0.092954743655,0.044622365385,biweekly,weighted,0.0,region_05
2023-11-18,5,FL.1.5.1,0.0637913672275,0.0899223927425,0.0433847615475,biweekly,weighted,,region_05
2023-11-25,5,FL.1.5.1,0.061779042709999996,0.08689004182999999,0.042147157709999994,biweekly,weighted,0.0,region_05
2023-12-02,5,FL.1.5.1,0.0505907256175,0.07056339737249999,0.0349149429225,biweekly,weighted,,region_05
2023-12-09,5,FL.1.5.1,0.039402408525,0.054236752915,0.027682728135,biweekly,weighted,0.0,region_05
2023-12-16,5,FL.1.5.1,0.026759766275,0.0387027766575,0.017804461765,biweekly,weighted,,region_05
2023-12-23,5,FL.1.5.1,0.014117124025,0.0231688004,0.007926195395,biweekly,weighted,0.0,region_05
2023-09-16,5,GE.1,0.01823539007,0.02713087108,0.011652147865,biweekly,weighted,0.0,region_05
2023-09-23,5,GE.1,0.018130731764999998,0.0282870423975,0.010914698245,biweekly,weighted,,region_05
2023-09-30,5,GE.1,0.01802607346,0.029443213715,0.010177248625,biweekly,weighted,0.0,region_05
2023-10-07,5,GE.1,0.0151066933725,0.02472608816,0.00850995572,biweekly,weighted,,region_05
2023-10-14,5,GE.1,0.012187313285,0.020008962605,0.006842662815,biweekly,weighted,0.0,region_05
2023-09-30,5,GK.1.1,0.020984441975,0.031320566310000006,0.013348158915,biweekly,weighted,0.0,region_05
2023-10-07,5,GK.1.1,0.02402327815,0.03750932496000001,0.014417148892499999,biweekly,weighted,,region_05
2023-10-14,5,GK.1.1,0.027062114325,0.04369808361,0.015486138869999999,biweekly,weighted,0.0,region_05
2023-10-21,5,GK.1.1,0.02546822721875,0.04005667427625,0.015154421559999999,biweekly,weighted,,region_05
2023-10-28,5,GK.1.1,0.023874340112500003,0.0364152649425,0.014822704249999999,biweekly,weighted,,region_05
2023-11-04,5,GK.1.1,0.022280453006250003,0.03277385560875,0.01449098694,biweekly,weighted,,region_05
2023-11-11,5,GK.1.1,0.020686565900000002,0.029132446275,0.01415926963,biweekly,weighted,0.0,region_05
2023-11-18,5,GK.1.1,0.0170877792425,0.026373506525,0.01053791435,biweekly,weighted,,region_05
2023-11-25,5,GK.1.1,0.013488992585,0.023614566774999998,0.00691655907,biweekly,weighted,0.0,region_05
2023-12-02,5,GK.1.1,0.0117274229425,0.0203310130175,0.0061021843,biweekly,weighted,,region_05
2023-12-09,5,GK.1.1,0.0099658533,0.01704745926,0.00528780953,biweekly,weighted,0.0,region_05
2023-09-02,5,GK.2,0.011496687775,0.01967380848,0.006093760490000001,biweekly,weighted,0.0,region_05
2023-09-09,5,GK.2,0.011717972424166667,0.019860477964999998,0.006298878426666667,biweekly,weighted,,region_05
2023-09-16,5,GK.2,0.011939257073333334,0.02004714745,0.006503996363333334,biweekly,weighted,,region_05
2023-09-23,5,GK.2,0.0121605417225,0.020233816935,0.0067091143,biweekly,weighted,,region_05
2023-09-30,5,GK.2,0.012381826371666666,0.020420486419999998,0.0069142322366666665,biweekly,weighted,,region_05
2023-10-07,5,GK.2,0.012603111020833333,0.020607155905,0.007119350173333333,biweekly,weighted,,region_05
2023-10-14,5,GK.2,0.01282439567,0.02079382539,0.007324468109999999,biweekly,weighted,0.0,region_05
2023-09-02,5,HF.1,0.032562438400000004,0.051741201429999994,0.019022599795,biweekly,weighted,0.0,region_05
2023-09-09,5,HF.1,0.034584086390000005,0.0579506345075,0.018801454922500002,biweekly,weighted,,region_05
2023-09-16,5,HF.1,0.036605734380000005,0.06416006758500001,0.01858031005,biweekly,weighted,0.0,region_05
2023-09-23,5,HF.1,0.0429593538875,0.076042762025,0.021425276065,biweekly,weighted,,region_05
2023-09-30,5,HF.1,0.049312973395,0.087925456465,0.024270242079999997,biweekly,weighted,0.0,region_05
2023-10-07,5,HF.1,0.044332041405,0.07800169847749999,0.0223060599525,biweekly,weighted,,region_05
2023-10-14,5,HF.1,0.039351109415,0.06807794049,0.020341877825,biweekly,weighted,0.0,region_05
2023-10-21,5,HF.1,0.03569390686833333,0.061684721766666666,0.018491730869166667,biweekly,weighted,,region_05
2023-10-28,5,HF.1,0.032036704321666665,0.055291503043333336,0.016641583913333334,biweekly,weighted,,region_05
2023-11-04,5,HF.1,0.028379501775000003,0.04889828432,0.014791436957500001,biweekly,weighted,,region_05
2023-11-11,5,HF.1,0.024722299228333335,0.04250506559666667,0.012941290001666668,biweekly,weighted,,region_05
2023-11-18,5,HF.1,0.021065096681666666,0.03611184687333333,0.011091143045833333,biweekly,weighted,,region_05
2023-11-25,5,HF.1,0.017407894135,0.02971862815,0.00924099609,biweekly,weighted,0.0,region_05
2023-10-14,5,HK.3,0.02503051795,0.0403955467,0.01434152108,biweekly,weighted,0.0,region_05
2023-10-21,5,HK.3,0.0275000515375,0.042884774505,0.0165250902075,biweekly,weighted,,region_05
2023-10-28,5,HK.3,0.029969585125000003,0.04537400231,0.018708659335,biweekly,weighted,0.0,region_05
2023-11-04,5,HK.3,0.039899247232500004,0.058057153599999994,0.026177620515,biweekly,weighted,,region_05
2023-11-11,5,HK.3,0.04982890934,0.07074030489,0.033646581695,biweekly,weighted,0.0,region_05
2023-11-18,5,HK.3,0.04482326098,0.0650138072675,0.0294997845775,biweekly,weighted,,region_05
2023-11-25,5,HK.3,0.03981761262,0.05928730964500001,0.02535298746,biweekly,weighted,0.0,region_05
2023-12-02,5,HK.3,0.03657163214,0.051431338302500004,0.025136804207500002,biweekly,weighted,,region_05
2023-12-09,5,HK.3,0.03332565166,0.04357536696,0.024920620955,biweekly,weighted,0.0,region_05
2023-12-16,5,HK.3,0.03003378678,0.0395083082825,0.02230578009,biweekly,weighted,,region_05
2023-12-23,5,HK.3,0.0267419219,0.035441249605,0.019690939225000002,biweekly,weighted,0.0,region_05
2023-12-30,5,HK.3,0.02570895385,0.03529857192,0.0181658864025,biweekly,weighted,,region_05
2024-01-06,5,HK.3,0.0246759858,0.035155894235,0.01664083358,biweekly,weighted,0.0,region_05
2024-01-13,5,HK.3,0.017224785405,0.026091994717499997,0.010846636954999999,biweekly,weighted,,region_05
2024-01-20,5,HK.3,0.00977358501,0.0170280952,0.00505244033,biweekly,weighted,0.0,region_05
2023-08-19,5,HV.1,0.042515214535,0.07314255461,0.022133641875,biweekly,weighted,0.0,region_05
2023-08-26,5,HV.1,0.047635049559999997,0.0715571865425,0.0304302941075,biweekly,weighted,,region_05
2023-09-02,5,HV.1,0.052754884584999995,0.069971818475,0.03872694634,biweekly,weighted,0.0,region_05
2023-09-09,5,HV.1,0.0714445346975,0.09456701204000001,0.0524738607925,biweekly,weighted,,region_05
2023-09-16,5,HV.1,0.09013418481,0.119162205605,0.066220775245,biweekly,weighted,0.0,region_05
2023-09-23,5,HV.1,0.095994966105,0.1260917987675,0.0710542649025,biweekly,weighted,,region_05
2023-09-30,5,HV.1,0.1018557474,0.13302139193,0.07588775455999999,biweekly,weighted,0.0,region_05
2023-10-07,5,HV.1,0.13609429076000001,0.1685194149625,0.10802480951,biweekly,weighted,,region_05
2023-10-14,5,HV.1,0.17033283412,0.204017437995,0.14016186446,biweekly,weighted,0.0,region_05
2023-10-21,5,HV.1,0.19486362487,0.232741508635,0.1606916300975,biweekly,weighted,,region_05
2023-10-28,5,HV.1,0.21939441562,0.261465579275,0.181221395735,biweekly,weighted,0.0,region_05
2023-11-04,5,HV.1,0.227797862145,0.2700591310875,0.1892739944175,biweekly,weighted,,region_05
2023-11-11,5,HV.1,0.23620130867,0.2786526829,0.1973265931,biweekly,weighted,0.0,region_05
2023-11-18,5,HV.1,0.2680673562,0.3141719847925,0.22538426891000002,biweekly,weighted,,region_05
2023-11-25,5,HV.1,0.29993340373,0.34969128668500005,0.25344194472000003,biweekly,weighted,0.0,region_05
2023-12-02,5,HV.1,0.27575570345,0.318407043815,0.23589552194000002,biweekly,weighted,,region_05
2023-12-09,5,HV.1,0.25157800317,0.287122800945,0.21834909916,biweekly,weighted,0.0,region_05
2023-12-16,5,HV.1,0.2397724986075,0.27795637398749995,0.2044925875975,biweekly,weighted,,region_05
2023-12-23,5,HV.1,0.227966994045,0.26878994703,0.190636076035,biweekly,weighted,0.0,region_05
2023-12-30,5,HV.1,0.17133213393250002,0.20284405723249999,0.142799574885,biweekly,weighted,,region_05
2024-01-06,5,HV.1,0.11469727382,0.136898167435,0.094963073735,biweekly,weighted,0.0,region_05
2024-01-13,5,HV.1,0.0869399542,0.107169557365,0.0695489104875,biweekly,weighted,,region_05
2024-01-20,5,HV.1,0.059182634580000004,0.077440947295,0.04413474724,biweekly,weighted,0.0,region_05
2023-09-30,5,JD.1.1,0.014277908485,0.023422982545,0.008020694835,biweekly,weighted,0.0,region_05
2023-10-07,5,JD.1.1,0.01725067594,0.0274853101025,0.010082262802499999,biweekly,weighted,,region_05
2023-10-14,5,JD.1.1,0.020223443395,0.03154763766,0.012143830769999999,biweekly,weighted,0.0,region_05
2023-10-21,5,JD.1.1,0.026880974415,0.0428078277075,0.015673856717499997,biweekly,weighted,,region_05
2023-10-28,5,JD.1.1,0.033538505435000004,0.054068017755,0.019203882664999998,biweekly,weighted,0.0,region_05
2023-11-04,5,JD.1.1,0.036333442665,0.0569944540075,0.0215966329,biweekly,weighted,,region_05
2023-11-11,5,JD.1.1,0.039128379894999996,0.05992089026,0.023989383135,biweekly,weighted,0.0,region_05
2023-11-18,5,JD.1.1,0.0410252567375,0.058710955085,0.0275755887875,biweekly,weighted,,region_05
2023-11-25,5,JD.1.1,0.04292213358,0.05750101991,0.03116179444,biweekly,weighted,0.0,region_05
2023-12-02,5,JD.1.1,0.044322546569999996,0.0613847514625,0.030919593760000003,biweekly,weighted,,region_05
2023-12-09,5,JD.1.1,0.04572295956,0.06526848301499999,0.03067739308,biweekly,weighted,0.0,region_05
2023-12-16,5,JD.1.1,0.045285543425,0.06301454641,0.0313931982975,biweekly,weighted,,region_05
2023-12-23,5,JD.1.1,0.04484812729,0.060760609805,0.032109003515,biweekly,weighted,0.0,region_05
2023-12-30,5,JD.1.1,0.0462476713575,0.06472576037,0.031834481285,biweekly,weighted,,region_05
2024-01-06,5,JD.1.1,0.047647215425,0.068690910935,0.031559959055,biweekly,weighted,0.0,region_05
2024-01-13,5,JD.1.1,0.03121558693,0.0468995105475,0.01973626856,biweekly,weighted,,region_05
2024-01-20,5,JD.1.1,0.014783958435000001,0.02510811016,0.007912578064999998,biweekly,weighted,0.0,region_05
2023-10-28,5,JF.1,0.028490704484999997,0.048641333355,0.0150697222,biweekly,weighted,0.0,region_05
2023-11-04,5,JF.1,0.026720202062499997,0.0440787635725,0.014867447317500001,biweekly,weighted,,region_05
2023-11-11,5,JF.1,0.02494969964,0.03951619379,0.014665172435,biweekly,weighted,0.0,region_05
2023-11-18,5,JF.1,0.0209847837675,0.0335332266975,0.01219803514,biweekly,weighted,,region_05
2023-11-25,5,JF.1,0.017019867895,0.027550259605000002,0.009730897845,biweekly,weighted,0.0,region_05
2023-12-02,5,JF.1,0.0198608082725,0.032578334212500004,0.01114232419,biweekly,weighted,,region_05
2023-12-09,5,JF.1,0.02270174865,0.03760640882,0.012553750535,biweekly,weighted,0.0,region_05
2023-12-16,5,JF.1,0.017248605145,0.0277679734875,0.009946735925,biweekly,weighted,,region_05
2023-12-23,5,JF.1,0.011795461640000001,0.017929538155,0.0073397213150000005,biweekly,weighted,0.0,region_05
2023-11-11,5,JG.3,0.03144530393,0.041464257985,0.02328315936,biweekly,weighted,0.0,region_05
2023-11-18,5,JG.3,0.0292043699875,0.0407499847925,0.020266633945,biweekly,weighted,,region_05
2023-11-25,5,JG.3,0.026963436045,0.040035711599999996,0.017250108530000002,biweekly,weighted,0.0,region_05
2023-12-02,5,JG.3,0.029411776457499997,0.0407994166,0.020570257212500002,biweekly,weighted,,region_05
2023-12-09,5,JG.3,0.031860116869999996,0.0415631216,0.023890405895,biweekly,weighted,0.0,region_05
2023-12-16,5,JG.3,0.033698655664999994,0.045947130767500004,0.0240008826375,biweekly,weighted,,region_05
2023-12-23,5,JG.3,0.03553719446,0.050331139935000005,0.02411135938,biweekly,weighted,0.0,region_05
2023-12-30,5,JG.3,0.032209488095,0.0471968650825,0.0209711082275,biweekly,weighted,,region_05
2024-01-06,5,JG.3,0.02888178173,0.04406259023,0.017830857075,biweekly,weighted,0.0,region_05
2024-01-13,5,JG.3,0.0264512035025,0.039268673397499995,0.0169414067625,biweekly,weighted,,region_05
2024-01-20,5,JG.3,0.024020625275,0.034474756565,0.01605195645,biweekly,weighted,0.0,region_05
2023-12-09,5,JN.1,0.16209658980500002,0.19664172828499998,0.131451971825,biweekly,weighted,0.0,region_05
2023-12-16,5,JN.1,0.23045280575750002,0.26931395382,0.19479362294000002,biweekly,weighted,,region_05
2023-12-23,5,JN.1,0.29880902171,0.341986179355,0.25813527405500003,biweekly,weighted,0.0,region_05
2023-12-30,5,JN.1,0.401817306875,0.460344552995,0.34446379542500005,biweekly,weighted,,region_05
2024-01-06,5,JN.1,0.50482559204,0.578702926635,0.430792316795,biweekly,weighted,0.0,region_05
2024-01-13,5,JN.1,0.579355075955,0.6470706164825,0.5095325335850001,biweekly,weighted,,region_05
2024-01-20,5,JN.1,0.65388455987,0.71543830633,0.588272750375,biweekly,weighted,0.0,region_05
2024-01-27,5,JN.1,0.6992384046325,0.7667838782075,0.6237296909075,biweekly,weighted,,region_05
2024-02-03,5,JN.1,0.744592249395,0.818129450085,0.6591866314399999,biweekly,weighted,0.0,region_05
2024-02-10,5,JN.1,0.7317537069325,0.7995521724225,0.6546061635,biweekly,weighted,,region_05
2024-02-17,5,JN.1,0.71891516447,0.7809748947599999,0.65002569556,biweekly,weighted,0.0,region_05
2024-02-24,5,JN.1,0.7097095251075001,0.7661560922849999,0.647878840565,biweekly,weighted,,region_05
2024-03-02,5,JN.1,0.700503885745,0.75133728981,0.64573198557,biweekly,weighted,0.0,region_05
2024-03-09,5,JN.1,0.6644125282775,0.715972572565,0.609718590975,biweekly,weighted,,region_05
2024-03-16,5,JN.1,0.62832117081,0.68060785532,0.57370519638,biweekly,weighted,0.0,region_05
2024-03-23,5,JN.1,0.590002402665,0.65559078753,0.5222633853549999,biweekly,weighted,,region_05
2024-03-30,5,JN.1,0.55168363452,0.6305737197400001,0.47082157433,biweekly,weighted,0.0,region_05
2024-04-06,5,JN.1,0.45328439772,0.5351951569300001,0.37350667268,biweekly,weighted,,region_05
2024-04-13,5,JN.1,0.35488516092,0.43981659412,0.27619177103,biweekly,weighted,0.0,region_05
2024-04-20,5,JN.1,0.32513222098,0.41775421798,0.241970196365,biweekly,weighted,,region_05
2024-04-27,5,JN.1,0.29537928104,0.39569184184,0.2077486217,biweekly,weighted,0.0,region_05
2024-05-04,5,JN.1,0.25310195237,0.35816319287,0.16636446863499998,biweekly,weighted,,region_05
2024-05-11,5,JN.1,0.2108246237,0.3206345439,0.12498031557,biweekly,weighted,0.0,region_05
2024-05-18,5,JN.1,0.148060321805,0.22187765688,0.09053501673,biweekly,weighted,,region_05
2024-05-25,5,JN.1,0.08529601991,0.12312076986,0.05608971789,biweekly,weighted,0.0,region_05
2024-06-01,5,JN.1,0.087306257335,0.126235343515,0.057265399019999996,biweekly,weighted,,region_05
2024-06-08,5,JN.1,0.08931649476,0.12934991717,0.05844108015,biweekly,weighted,0.0,region_05
2024-06-15,5,JN.1,0.077585566785,0.114537373185,0.04960563406,biweekly,weighted,,region_05
2024-06-22,5,JN.1,0.06585463881,0.0997248292,0.04077018797,biweekly,weighted,0.0,region_05
2024-03-02,5,JN.1.18,0.017893576065,0.029154276475,0.010137294415,biweekly,weighted,0.0,region_05
2024-03-02,5,JN.1.32,0.0201918222,0.0355505161,0.010243278,biweekly,weighted,0.0,region_05
2024-03-09,5,JN.1.32,0.02477795072,0.0409067049625,0.013804980554999999,biweekly,weighted,,region_05
2024-03-16,5,JN.1.32,0.02936407924,0.046262893825,0.01736668311,biweekly,weighted,0.0,region_05
2024-02-03,5,JN.1.7,0.015095810875,0.024738221424999998,0.008490856735,biweekly,weighted,0.0,region_05
2024-02-10,5,JN.1.7,0.02362664952,0.0359060759625,0.014712936710000001,biweekly,weighted,,region_05
2024-02-17,5,JN.1.7,0.032157488165,0.0470739305,0.020935016685000002,biweekly,weighted,0.0,region_05
2024-02-24,5,JN.1.7,0.04287258908,0.05957812815999999,0.029803301674999998,biweekly,weighted,,region_05
2024-03-02,5,JN.1.7,0.05358768999500001,0.07208232581999999,0.03867158666499999,biweekly,weighted,0.0,region_05
2024-03-09,5,JN.1.7,0.06745745614250001,0.0901298765125,0.049011225812499996,biweekly,weighted,,region_05
2024-03-16,5,JN.1.7,0.08132722229,0.10817742720500001,0.05935086496,biweekly,weighted,0.0,region_05
2024-03-23,5,JN.1.7,0.098614612595,0.1335070114575,0.07026782725,biweekly,weighted,,region_05
2024-03-30,5,JN.1.7,0.1159020029,0.15883659571,0.08118478954,biweekly,weighted,0.0,region_05
2024-04-06,5,JN.1.7,0.12795117310999998,0.182081859555,0.08519859612,biweekly,weighted,,region_05
2024-04-13,5,JN.1.7,0.14000034332,0.2053271234,0.0892124027,biweekly,weighted,0.0,region_05
2024-04-20,5,JN.1.7,0.18099817633499998,0.26399299502,0.11492475122,biweekly,weighted,,region_05
2024-04-27,5,JN.1.7,0.22199600935,0.32265886664,0.14063709974,biweekly,weighted,0.0,region_05
2024-05-04,5,JN.1.7,0.19060162082249998,0.280816748735,0.11906004883249999,biweekly,weighted,,region_05
2024-05-11,5,JN.1.7,0.159207232295,0.23897463082999998,0.097482997925,biweekly,weighted,,region_05
2024-05-18,5,JN.1.7,0.12781284376750002,0.197132512925,0.0759059470175,biweekly,weighted,,region_05
2024-05-25,5,JN.1.7,0.09641845524,0.15529039502,0.05432889611,biweekly,weighted,0.0,region_05
2024-06-01,5,JN.1.7,0.08186881244,0.12945206836,0.04754165187499999,biweekly,weighted,,region_05
2024-06-08,5,JN.1.7,0.06731916964,0.1036137417,0.04075440764,biweekly,weighted,0.0,region_05
2024-02-03,5,JN.1.8.1,0.044924501330000005,0.079580701885,0.022370763125,biweekly,weighted,0.0,region_05
2024-02-10,5,JN.1.8.1,0.051020230165,0.08232605643499999,0.02928981185,biweekly,weighted,,region_05
2024-02-17,5,JN.1.8.1,0.057115959,0.085071410985,0.036208860575,biweekly,weighted,0.0,region_05
2024-02-24,5,JN.1.8.1,0.0744226267525,0.1083368603125,0.048476364462500005,biweekly,weighted,,region_05
2024-03-02,5,JN.1.8.1,0.091729294505,0.13160230964,0.06074386835,biweekly,weighted,0.0,region_05
2024-03-09,5,JN.1.8.1,0.1025822069475,0.13767224177499998,0.07416130043500001,biweekly,weighted,,region_05
2024-03-16,5,JN.1.8.1,0.11343511939,0.14374217391,0.08757873252000001,biweekly,weighted,0.0,region_05
2024-03-23,5,JN.1.8.1,0.09791900776500001,0.12738243304,0.0733832390975,biweekly,weighted,,region_05
2024-03-30,5,JN.1.8.1,0.08240289614,0.11102269216999999,0.059187745675,biweekly,weighted,0.0,region_05
2024-04-06,5,JN.1.8.1,0.09704359062000001,0.1284694653,0.0711440918975,biweekly,weighted,,region_05
2024-04-13,5,JN.1.8.1,0.1116842851,0.14591623843,0.08310043812,biweekly,weighted,0.0,region_05
2024-04-20,5,JN.1.8.1,0.0826780647,0.12069091946,0.054782666264999995,biweekly,weighted,,region_05
2024-04-27,5,JN.1.8.1,0.0536718443,0.09546560049,0.02646489441,biweekly,weighted,0.0,region_05
2024-05-04,5,JN.1.8.1,0.05922138691000001,0.09718825668,0.033060140905,biweekly,weighted,,region_05
2024-05-11,5,JN.1.8.1,0.06477092952,0.09891091287,0.0396553874,biweekly,weighted,0.0,region_05
2024-05-25,5,KP.1.1,0.06825231761,0.11529813707,0.03617409989,biweekly,weighted,0.0,region_05
2024-06-01,5,KP.1.1,0.06811055541,0.10984129086,0.038719747215,biweekly,weighted,,region_05
2024-06-08,5,KP.1.1,0.06796879321,0.10438444465,0.04126539454,biweekly,weighted,0.0,region_05
2024-06-15,5,KP.1.1,0.06871627271,0.11057000607,0.03917098418,biweekly,weighted,,region_05
2024-06-22,5,KP.1.1,0.06946375221,0.11675556749,0.03707657382,biweekly,weighted,0.0,region_05
2024-06-29,5,KP.1.1,0.061192950232499994,0.103292504325,0.03251787508,biweekly,weighted,,region_05
2024-07-06,5,KP.1.1,0.052922148254999996,0.08982944116,0.02795917634,biweekly,weighted,,region_05
2024-07-13,5,KP.1.1,0.0446513462775,0.076366377995,0.023400477599999997,biweekly,weighted,,region_05
2024-07-20,5,KP.1.1,0.0363805443,0.06290331483,0.01884177886,biweekly,weighted,0.0,region_05
2024-07-06,5,KP.1.1.3,0.03056317754,0.05134532973,0.01653203182,biweekly,weighted,0.0,region_05
2024-07-13,5,KP.1.1.3,0.03193044942,0.0519541502,0.018077684565000002,biweekly,weighted,,region_05
2024-07-20,5,KP.1.1.3,0.0332977213,0.05256297067,0.01962333731,biweekly,weighted,0.0,region_05
2024-04-13,5,KP.2,0.08895982802,0.13758423924,0.05323246494,biweekly,weighted,0.0,region_05
2024-04-20,5,KP.2,0.095278996975,0.13751067221,0.06284990348,biweekly,weighted,,region_05
2024-04-27,5,KP.2,0.10159816593,0.13743710518,0.07246734202,biweekly,weighted,0.0,region_05
2024-05-04,5,KP.2,0.12110854313,0.161349006,0.08787373081,biweekly,weighted,,region_05
2024-05-11,5,KP.2,0.14061892033,0.18526090682,0.1032801196,biweekly,weighted,0.0,region_05
2024-05-18,5,KP.2,0.147455200555,0.200951673095,0.10369471832999999,biweekly,weighted,,region_05
2024-05-25,5,KP.2,0.15429148078,0.21664243937,0.10410931706,biweekly,weighted,0.0,region_05
2024-06-01,5,KP.2,0.13029578328,0.19483163207999998,0.08144632168,biweekly,weighted,,region_05
2024-06-08,5,KP.2,0.10630008578,0.17302082479,0.0587833263,biweekly,weighted,0.0,region_05
2024-06-15,5,KP.2,0.11832511425,0.17858888209,0.07317391597,biweekly,weighted,,region_05
2024-06-22,5,KP.2,0.13035014272,0.18415693939,0.08756450564,biweekly,weighted,0.0,region_05
2024-06-29,5,KP.2,0.098627999425,0.13935135305000002,0.06645344384,biweekly,weighted,,region_05
2024-07-06,5,KP.2,0.06690585613,0.09454576671,0.04534238204,biweekly,weighted,0.0,region_05
2024-07-13,5,KP.2,0.06727262585999999,0.0993344523,0.04313944839,biweekly,weighted,,region_05
2024-07-20,5,KP.2,0.06763939559,0.10412313789,0.04093651474,biweekly,weighted,0.0,region_05
2024-05-25,5,KP.2.3,0.06725431234,0.10244801641,0.0412937291,biweekly,weighted,0.0,region_05
2024-06-01,5,KP.2.3,0.080567041415,0.12195196375499999,0.049693190495000004,biweekly,weighted,,region_05
2024-06-08,5,KP.2.3,0.09387977049,0.1414559111,0.05809265189,biweekly,weighted,,region_05
2024-06-15,5,KP.2.3,0.107192499565,0.160959858445,0.066492113285,biweekly,weighted,,region_05
2024-06-22,5,KP.2.3,0.12050522864,0.18046380579,0.07489157468,biweekly,weighted,0.0,region_05
2024-06-29,5,KP.2.3,0.12865782529,0.19654370844,0.07758536190000001,biweekly,weighted,,region_05
2024-07-06,5,KP.2.3,0.13681042194,0.21262361109,0.08027914912,biweekly,weighted,0.0,region_05
2024-07-13,5,KP.2.3,0.14921043813,0.204755090175,0.105341788385,biweekly,weighted,,region_05
2024-07-20,5,KP.2.3,0.16161045432,0.19688656926,0.13040442765,biweekly,weighted,0.0,region_05
2024-05-25,5,KP.3,0.16451571882,0.23229284585,0.10997699946,biweekly,weighted,0.0,region_05
2024-06-01,5,KP.3,0.20174983144,0.31108685583,0.11717702821,biweekly,weighted,,region_05
2024-06-08,5,KP.3,0.23898394406,0.38988086581,0.12437705696,biweekly,weighted,0.0,region_05
2024-06-15,5,KP.3,0.229457601905,0.349745884535,0.13523808122,biweekly,weighted,,region_05
2024-06-22,5,KP.3,0.21993125975,0.30961090326,0.14609910548,biweekly,weighted,0.0,region_05
2024-06-29,5,KP.3,0.23722205311,0.30384302138999997,0.180204585195,biweekly,weighted,,region_05
2024-07-06,5,KP.3,0.25451284647,0.29807513952,0.21431006491,biweekly,weighted,0.0,region_05
2024-07-13,5,KP.3,0.26702429354,0.323318392035,0.215869665145,biweekly,weighted,,region_05
2024-07-20,5,KP.3,0.27953574061,0.34856164455,0.21742926538,biweekly,weighted,0.0,region_05
2024-06-22,5,KP.3.1.1,0.04328485206,0.07254125923,0.02340259776,biweekly,weighted,0.0,region_05
2024-06-29,5,KP.3.1.1,0.064639797435,0.09442815929500001,0.042424838990000005,biweekly,weighted,,region_05
2024-07-06,5,KP.3.1.1,0.08599474281,0.11631505936,0.06144708022,biweekly,weighted,0.0,region_05
2024-07-13,5,KP.3.1.1,0.10149819776499999,0.13205276802,0.076051840555,biweekly,weighted,,region_05
2024-07-20,5,KP.3.1.1,0.11700165272,0.14779047668,0.09065660089,biweekly,weighted,0.0,region_05
2024-07-27,5,KP.3.1.1,0.146352384241875,0.17983839009,0.116845010311875,biweekly,weighted,,region_05
2024-08-03,5,KP.3.1.1,0.17570311576375,0.21188630349999998,0.14303341973375,biweekly,weighted,,region_05
2024-08-10,5,KP.3.1.1,0.20505384728562498,0.24393421691,0.169221829155625,biweekly,weighted,,region_05
2024-08-17,5,KP.3.1.1,0.23440457880749999,0.27598213031999996,0.1954102385775,biweekly,weighted,,region_05
2024-08-24,5,KP.3.1.1,0.263755310329375,0.30803004373,0.22159864799937498,biweekly,weighted,,region_05
2024-08-31,5,KP.3.1.1,0.29310604185125,0.34007795714,0.24778705742124998,biweekly,weighted,,region_05
2024-09-07,5,KP.3.1.1,0.32245677337312495,0.37212587054999996,0.273975466843125,biweekly,weighted,,region_05
2024-09-14,5,KP.3.1.1,0.35180750489499996,0.40417378396,0.30016387626499996,biweekly,weighted,,region_05
2024-09-21,5,KP.3.1.1,0.38115823641687496,0.43622169737,0.32635228568687497,biweekly,weighted,,region_05
2024-09-28,5,KP.3.1.1,0.41050896793874997,0.46826961077999996,0.35254069510874997,biweekly,weighted,,region_05
2024-10-05,5,KP.3.1.1,0.439859699460625,0.50031752419,0.37872910453062497,biweekly,weighted,,region_05
2024-10-12,5,KP.3.1.1,0.4692104309824999,0.5323654376,0.4049175139525,biweekly,weighted,,region_05
2024-10-19,5,KP.3.1.1,0.49856116250437493,0.56441335101,0.431105923374375,biweekly,weighted,,region_05
2024-10-26,5,KP.3.1.1,0.5279118940262499,0.5964612644199999,0.45729433279625,biweekly,weighted,,region_05
2024-11-02,5,KP.3.1.1,0.5572626255481249,0.6285091778299999,0.483482742218125,biweekly,weighted,,region_05
2024-11-09,5,KP.3.1.1,0.58661335707,0.66055709124,0.50967115164,biweekly,weighted,0.0,region_05
2024-11-16,5,KP.3.1.1,0.51510769129,0.591526374225,0.43863565475,biweekly,weighted,,region_05
2024-11-23,5,KP.3.1.1,0.44360202550999994,0.5224956572099999,0.36760015786,biweekly,weighted,,region_05
2024-11-30,5,KP.3.1.1,0.37209635973,0.45346494019499994,0.29656466097,biweekly,weighted,,region_05
2024-12-07,5,KP.3.1.1,0.30059069395,0.38443422318,0.22552916408,biweekly,weighted,0.0,region_05
2024-06-22,5,LB.1,0.15002144873,0.19504143298,0.11193849891,biweekly,weighted,0.0,region_05
2024-06-29,5,LB.1,0.134003352375,0.173516474665,0.10060407221,biweekly,weighted,,region_05
2024-07-06,5,LB.1,0.11798525602,0.15199151635,0.08926964551,biweekly,weighted,0.0,region_05
2024-07-13,5,LB.1,0.11864636466,0.153354026375,0.089401561765,biweekly,weighted,,region_05
2024-07-20,5,LB.1,0.1193074733,0.1547165364,0.08953347802,biweekly,weighted,0.0,region_05
2024-11-23,5,MC.1,0.06129802763,0.10219550133,0.03320210427,biweekly,weighted,0.0,region_05
2021-03-06,5,Other,0.7554910779,0.87331748009,0.58069264889,weekly,weighted,0.0,region_05
2021-03-13,5,Other,0.61283141375,0.76230490208,0.4385869801,weekly,weighted,0.0,region_05
2021-03-20,5,Other,0.4932602942,0.67245441675,0.31578123569,weekly,weighted,0.0,region_05
2021-03-27,5,Other,0.34568825364,0.53566682339,0.19481793046,weekly,weighted,0.0,region_05
2021-04-03,5,Other,0.2130241245,0.32729423046,0.13088734448,weekly,weighted,0.0,region_05
2021-04-10,5,Other,0.15442678332,0.25766906142,0.08766614646,weekly,weighted,0.0,region_05
2021-04-17,5,Other,0.11842775345,0.21411578357,0.06212226674,weekly,weighted,0.0,region_05
2021-04-24,5,Other,0.07536102086,0.11860807985,0.04704116657,weekly,weighted,0.0,region_05
2021-05-01,5,Other,0.06239472702,0.11268701404,0.03369555622,weekly,weighted,0.0,region_05
2021-05-08,5,Other,0.51984983496,0.53781135008,0.50700717419,weekly,weighted,0.0,region_05
2021-05-15,5,Other,0.510690368715,0.52161412872,0.49997418281,weekly,weighted,0.0,region_05
2021-05-22,5,Other,0.502846814695,0.5251772515500001,0.484504100865,weekly,weighted,0.0,region_05
2021-05-29,5,Other,0.485683140345,0.510862732305,0.461354759055,weekly,weighted,0.0,region_05
2021-06-05,5,Other,0.46430619713,0.52478072047,0.41818207153000003,weekly,weighted,0.0,region_05
2021-06-12,5,Other,0.80936849117,0.85611522198,0.75512671471,weekly,weighted,0.0,region_05
2021-06-19,5,Other,0.68736714125,0.78022831678,0.5819888711,weekly,weighted,0.0,region_05
2021-06-26,5,Other,0.49586164951,0.59512758255,0.39683496952,weekly,weighted,0.0,region_05
2021-07-03,5,Other,0.18020770885,0.277154035865,0.13855039421499998,weekly,weighted,0.0,region_05
2021-07-10,5,Other,0.14096136391,0.17313858867,0.11276555806,weekly,weighted,0.0,region_05
2021-07-17,5,Other,0.067571007645,0.11428787931500001,0.04263956612,weekly,weighted,0.0,region_05
2021-07-24,5,Other,0.05061973631,0.07061902434,0.03493500873,weekly,weighted,0.0,region_05
2021-07-31,5,Other,0.02610442229,0.03472116217,0.01913837343,weekly,weighted,0.0,region_05
2021-08-07,5,Other,0.02269363776,0.03326393664,0.01476971712,weekly,weighted,0.0,region_05
2021-08-14,5,Other,0.0088334959,0.01506486814,0.0047086603,weekly,weighted,0.0,region_05
2021-08-21,5,Other,0.0096948768475,0.0163746064025,0.0052381586275,weekly,weighted,,region_05
2021-08-28,5,Other,0.010556257795,0.017684344665,0.005767656955,weekly,weighted,,region_05
2021-09-04,5,Other,0.0114176387425,0.018994082927500003,0.0062971552825,weekly,weighted,,region_05
2021-09-11,5,Other,0.01227901969,0.02030382119,0.00682665361,weekly,weighted,0.0,region_05
2021-09-18,5,Other,0.01325073093,0.02224115096,0.00721334573,weekly,weighted,0.0,region_05
2021-09-25,5,Other,0.01401977334,0.02455613762,0.00718180975,weekly,weighted,0.0,region_05
2021-10-02,5,Other,0.01444364712,0.02235316485,0.00877482258,weekly,weighted,0.0,region_05
2021-10-09,5,Other,0.01688250899,0.02618855983,0.01022015605,weekly,weighted,0.0,region_05
2021-10-16,5,Other,0.016530768015,0.02703157533,0.009350410194999999,weekly,weighted,,region_05
2021-10-23,5,Other,0.01617902704,0.02787459083,0.00848066434,weekly,weighted,0.0,region_05
2021-10-30,5,Other,0.01783419587,0.030933687930000002,0.009252584769999999,weekly,weighted,,region_05
2021-11-06,5,Other,0.019489364699999998,0.03399278503,0.010024505199999999,weekly,weighted,,region_05
2021-11-13,5,Other,0.02114453353,0.037051882130000005,0.01079642563,weekly,weighted,,region_05
2021-11-20,5,Other,0.02279970236,0.04011097923,0.01156834606,weekly,weighted,0.0,region_05
2021-11-27,5,Other,0.0191263952275,0.0332563889675,0.00989024795,weekly,weighted,,region_05
2021-12-04,5,Other,0.015453088095000001,0.026401798705,0.00821214984,weekly,weighted,,region_05
2021-12-11,5,Other,0.0117797809625,0.019547208442500002,0.00653405173,weekly,weighted,,region_05
2021-12-18,5,Other,0.00810647383,0.01269261818,0.00485595362,weekly,weighted,0.0,region_05
2021-12-25,5,Other,0.0149541758,0.02548012324,0.00796645042,weekly,weighted,0.0,region_05
2022-01-01,5,Other,0.014931972643776596,0.02544252192324468,0.00795456762819149,weekly,weighted,,region_05
2022-01-08,5,Other,0.014909769487553192,0.02540492060648936,0.007942684836382979,weekly,weighted,,region_05
2022-01-15,5,Other,0.014887566331329788,0.02536731928973404,0.007930802044574468,weekly,weighted,,region_05
2022-01-22,5,Other,0.014865363175106384,0.025329717972978723,0.007918919252765957,weekly,weighted,,region_05
2022-01-29,5,Other,0.01484316001888298,0.025292116656223405,0.007907036460957447,weekly,weighted,,region_05
2022-02-05,5,Other,0.014820956862659575,0.025254515339468084,0.007895153669148936,weekly,weighted,,region_05
2022-02-12,5,Other,0.014798753706436171,0.025216914022712766,0.007883270877340426,weekly,weighted,,region_05
2022-02-19,5,Other,0.014776550550212765,0.025179312705957448,0.007871388085531915,weekly,weighted,,region_05
2022-02-26,5,Other,0.014754347393989361,0.025141711389202126,0.007859505293723404,weekly,weighted,,region_05
2022-03-05,5,Other,0.014732144237765957,0.025104110072446808,0.007847622501914894,weekly,weighted,,region_05
2022-03-12,5,Other,0.014709941081542553,0.02506650875569149,0.007835739710106383,weekly,weighted,,region_05
2022-03-19,5,Other,0.014687737925319149,0.025028907438936168,0.007823856918297872,weekly,weighted,,region_05
2022-03-26,5,Other,0.014665534769095745,0.02499130612218085,0.007811974126489362,weekly,weighted,,region_05
2022-04-02,5,Other,0.01464333161287234,0.024953704805425532,0.007800091334680851,weekly,weighted,,region_05
2022-04-09,5,Other,0.014621128456648936,0.024916103488670214,0.00778820854287234,weekly,weighted,,region_05
2022-04-16,5,Other,0.014598925300425532,0.024878502171914892,0.00777632575106383,weekly,weighted,,region_05
2022-04-23,5,Other,0.014576722144202128,0.024840900855159574,0.007764442959255319,weekly,weighted,,region_05
2022-04-30,5,Other,0.014554518987978724,0.024803299538404256,0.0077525601674468085,weekly,weighted,,region_05
2022-05-07,5,Other,0.01453231583175532,0.024765698221648935,0.007740677375638298,weekly,weighted,,region_05
2022-05-14,5,Other,0.014510112675531915,0.024728096904893616,0.007728794583829787,weekly,weighted,,region_05
2022-05-21,5,Other,0.014487909519308511,0.0246904955881383,0.007716911792021277,weekly,weighted,,region_05
2022-05-28,5,Other,0.014465706363085107,0.024652894271382977,0.007705029000212766,weekly,weighted,,region_05
2022-06-04,5,Other,0.014443503206861703,0.02461529295462766,0.007693146208404255,weekly,weighted,,region_05
2022-06-11,5,Other,0.014421300050638297,0.02457769163787234,0.007681263416595745,weekly,weighted,,region_05
2022-06-18,5,Other,0.014399096894414893,0.024540090321117022,0.007669380624787234,weekly,weighted,,region_05
2022-06-25,5,Other,0.014376893738191489,0.0245024890043617,0.007657497832978723,weekly,weighted,,region_05
2022-07-02,5,Other,0.014354690581968085,0.024464887687606383,0.007645615041170213,weekly,weighted,,region_05
2022-07-09,5,Other,0.01433248742574468,0.024427286370851065,0.007633732249361702,weekly,weighted,,region_05
2022-07-16,5,Other,0.014310284269521276,0.024389685054095743,0.0076218494575531915,weekly,weighted,,region_05
2022-07-23,5,Other,0.014288081113297872,0.024352083737340425,0.007609966665744681,weekly,weighted,,region_05
2022-07-30,5,Other,0.014265877957074468,0.024314482420585107,0.00759808387393617,weekly,weighted,,region_05
2022-08-06,5,Other,0.014243674800851064,0.024276881103829785,0.00758620108212766,weekly,weighted,,region_05
2022-08-13,5,Other,0.01422147164462766,0.024239279787074467,0.007574318290319149,weekly,weighted,,region_05
2022-08-20,5,Other,0.014199268488404256,0.02420167847031915,0.007562435498510638,weekly,weighted,,region_05
2022-08-27,5,Other,0.014177065332180851,0.02416407715356383,0.007550552706702128,weekly,weighted,,region_05
2022-09-03,5,Other,0.014154862175957447,0.02412647583680851,0.007538669914893617,weekly,weighted,,region_05
2022-09-10,5,Other,0.014132659019734043,0.02408887452005319,0.007526787123085106,weekly,weighted,,region_05
2022-09-17,5,Other,0.014110455863510639,0.024051273203297873,0.007514904331276596,weekly,weighted,,region_05
2022-09-24,5,Other,0.014088252707287233,0.02401367188654255,0.007503021539468085,weekly,weighted,,region_05
2022-10-01,5,Other,0.014066049551063829,0.023976070569787233,0.0074911387476595745,weekly,weighted,,region_05
2022-10-08,5,Other,0.014043846394840425,0.023938469253031915,0.007479255955851064,weekly,weighted,,region_05
2022-10-15,5,Other,0.01402164323861702,0.023900867936276594,0.007467373164042553,weekly,weighted,,region_05
2022-10-22,5,Other,0.013999440082393616,0.023863266619521276,0.007455490372234043,weekly,weighted,,region_05
2022-10-29,5,Other,0.013977236926170212,0.023825665302765957,0.007443607580425532,weekly,weighted,,region_05
2022-11-05,5,Other,0.013955033769946808,0.02378806398601064,0.007431724788617021,weekly,weighted,,region_05
2022-11-12,5,Other,0.013932830613723404,0.023750462669255318,0.007419841996808511,weekly,weighted,,region_05
2022-11-19,5,Other,0.0139106274575,0.0237128613525,0.007407959205,weekly,weighted,,region_05
2022-11-26,5,Other,0.013888424301276596,0.02367526003574468,0.007396076413191489,weekly,weighted,,region_05
2022-12-03,5,Other,0.013866221145053191,0.02363765871898936,0.007384193621382979,weekly,weighted,,region_05
2022-12-10,5,Other,0.013844017988829787,0.023600057402234042,0.007372310829574468,weekly,weighted,,region_05
2022-12-17,5,Other,0.013821814832606383,0.023562456085478724,0.0073604280377659575,weekly,weighted,,region_05
2022-12-24,5,Other,0.013799611676382979,0.023524854768723402,0.007348545245957447,weekly,weighted,,region_05
2022-12-31,5,Other,0.013777408520159575,0.023487253451968084,0.007336662454148936,weekly,weighted,,region_05
2023-01-07,5,Other,0.01375520536393617,0.023449652135212766,0.007324779662340426,weekly,weighted,,region_05
2023-01-14,5,Other,0.013733002207712765,0.023412050818457448,0.007312896870531915,weekly,weighted,,region_05
2023-01-21,5,Other,0.01371079905148936,0.023374449501702126,0.007301014078723404,weekly,weighted,,region_05
2023-01-28,5,Other,0.013688595895265956,0.023336848184946808,0.007289131286914894,weekly,weighted,,region_05
2023-02-04,5,Other,0.013666392739042552,0.02329924686819149,0.007277248495106383,weekly,weighted,,region_05
2023-02-11,5,Other,0.013644189582819148,0.02326164555143617,0.007265365703297872,weekly,weighted,,region_05
2023-02-18,5,Other,0.013621986426595744,0.02322404423468085,0.007253482911489362,weekly,weighted,,region_05
2023-02-25,5,Other,0.01359978327037234,0.023186442917925532,0.007241600119680851,weekly,weighted,,region_05
2023-03-04,5,Other,0.013577580114148936,0.02314884160117021,0.0072297173278723405,weekly,weighted,,region_05
2023-03-11,5,Other,0.013555376957925531,0.023111240284414893,0.00721783453606383,weekly,weighted,,region_05
2023-03-18,5,Other,0.013533173801702127,0.023073638967659574,0.007205951744255319,weekly,weighted,,region_05
2023-03-25,5,Other,0.013510970645478723,0.023036037650904256,0.0071940689524468086,weekly,weighted,,region_05
2023-04-01,5,Other,0.013488767489255319,0.022998436334148935,0.007182186160638298,weekly,weighted,,region_05
2023-04-08,5,Other,0.013466564333031915,0.022960835017393617,0.007170303368829787,weekly,weighted,,region_05
2023-04-15,5,Other,0.01344436117680851,0.0229232337006383,0.007158420577021277,weekly,weighted,,region_05
2023-04-22,5,Other,0.013422158020585107,0.022885632383882977,0.007146537785212766,weekly,weighted,,region_05
2023-04-29,5,Other,0.0133999548643617,0.02284803106712766,0.007134654993404255,weekly,weighted,,region_05
2023-05-06,5,Other,0.013377751708138296,0.02281042975037234,0.007122772201595745,weekly,weighted,,region_05
2023-05-13,5,Other,0.013355548551914892,0.02277282843361702,0.007110889409787234,weekly,weighted,,region_05
2023-05-20,5,Other,0.013333345395691488,0.0227352271168617,0.0070990066179787235,weekly,weighted,,region_05
2023-05-27,5,Other,0.013311142239468084,0.022697625800106383,0.007087123826170213,weekly,weighted,,region_05
2023-06-03,5,Other,0.01328893908324468,0.022660024483351065,0.007075241034361702,weekly,weighted,,region_05
2023-06-10,5,Other,0.013266735927021276,0.022622423166595743,0.0070633582425531916,weekly,weighted,,region_05
2023-06-17,5,Other,0.013244532770797872,0.022584821849840425,0.007051475450744681,weekly,weighted,,region_05
2023-06-24,5,Other,0.013222329614574467,0.022547220533085107,0.00703959265893617,weekly,weighted,,region_05
2023-07-01,5,Other,0.013200126458351063,0.022509619216329785,0.00702770986712766,weekly,weighted,,region_05
2023-07-08,5,Other,0.013177923302127659,0.022472017899574467,0.007015827075319149,weekly,weighted,,region_05
2023-07-15,5,Other,0.013155720145904255,0.02243441658281915,0.007003944283510638,weekly,weighted,,region_05
2023-07-22,5,Other,0.01313351698968085,0.022396815266063828,0.006992061491702128,weekly,weighted,,region_05
2023-07-29,5,Other,0.013111313833457447,0.02235921394930851,0.006980178699893617,weekly,weighted,,region_05
2023-08-05,5,Other,0.013089110677234042,0.02232161263255319,0.0069682959080851065,weekly,weighted,,region_05
2023-08-12,5,Other,0.013066907521010638,0.022284011315797873,0.006956413116276596,weekly,weighted,,region_05
2023-08-19,5,Other,0.013044704364787232,0.022246409999042552,0.006944530324468085,weekly,weighted,,region_05
2023-08-26,5,Other,0.013022501208563828,0.022208808682287234,0.0069326475326595745,weekly,weighted,,region_05
2023-09-02,5,Other,0.013000298052340424,0.022171207365531916,0.006920764740851064,weekly,weighted,,region_05
2023-09-09,5,Other,0.01297809489611702,0.022133606048776594,0.006908881949042553,weekly,weighted,,region_05
2023-09-16,5,Other,0.012955891739893616,0.022096004732021276,0.006896999157234043,weekly,weighted,,region_05
2023-09-23,5,Other,0.012933688583670212,0.022058403415265958,0.006885116365425532,weekly,weighted,,region_05
2023-09-30,5,Other,0.012911485427446807,0.02202080209851064,0.006873233573617021,weekly,weighted,,region_05
2023-10-07,5,Other,0.012889282271223403,0.021983200781755318,0.006861350781808511,weekly,weighted,,region_05
2023-10-14,5,Other,0.012867079114999999,0.021945599465,0.00684946799,biweekly,weighted,0.0,region_05
2023-10-21,5,Other,0.013380374989999999,0.02274227049,0.00715652283,biweekly,weighted,,region_05
2023-10-28,5,Other,0.013893670864999999,0.023538941515,0.007463577670000001,biweekly,weighted,0.0,region_05
2023-11-04,5,Other,0.014701658624999999,0.025430266280000002,0.007669380635,biweekly,weighted,,region_05
2023-11-11,5,Other,0.015509646384999999,0.027321591045,0.007875183599999998,biweekly,weighted,0.0,region_05
2023-11-18,5,Other,0.015422695859166665,0.027196558815833334,0.007819536609999999,biweekly,weighted,,region_05
2023-11-25,5,Other,0.015335745333333333,0.027071526586666665,0.007763889619999999,biweekly,weighted,,region_05
2023-12-02,5,Other,0.0152487948075,0.0269464943575,0.007708242629999999,biweekly,weighted,,region_05
2023-12-09,5,Other,0.015161844281666666,0.026821462128333334,0.00765259564,biweekly,weighted,,region_05
2023-12-16,5,Other,0.015074893755833332,0.026696429899166665,0.00759694865,biweekly,weighted,,region_05
2023-12-23,5,Other,0.01498794323,0.02657139767,0.00754130166,biweekly,weighted,0.0,region_05
2021-03-06,5,P.1,0.01059996709,0.13950949907,0.00070745713,weekly,weighted,0.0,region_05
2021-03-13,5,P.1,0.01281904895,0.07980022579,0.00194067322,weekly,weighted,0.0,region_05
2021-03-20,5,P.1,0.01689537615,0.10852386057,0.00242029526,weekly,weighted,0.0,region_05
2021-03-27,5,P.1,0.02894582786,0.1117547825,0.00701286364,weekly,weighted,0.0,region_05
2021-04-03,5,P.1,0.04854122177,0.21774722636,0.00926390197,weekly,weighted,0.0,region_05
2021-04-10,5,P.1,0.04976095259,0.20056061447,0.01081259828,weekly,weighted,0.0,region_05
2021-04-17,5,P.1,0.05974024162,0.21264140308,0.01472717617,weekly,weighted,0.0,region_05
2021-04-24,5,P.1,0.08922230452,0.2959484458,0.02232065238,weekly,weighted,0.0,region_05
2021-05-01,5,P.1,0.08099743724,0.24880948663,0.02291524597,weekly,weighted,0.0,region_05
2021-05-08,5,P.1,0.09830994904,0.26580402255,0.03179069981,weekly,weighted,0.0,region_05
2021-05-15,5,P.1,0.10583750159,0.23500981927,0.04361624643,weekly,weighted,0.0,region_05
2021-05-22,5,P.1,0.12087803334,0.26836124063,0.04901694506,weekly,weighted,0.0,region_05
2021-05-29,5,P.1,0.09226904064,0.17398145795,0.04676126316,weekly,weighted,0.0,region_05
2021-06-05,5,P.1,0.13163204491,0.23964987695,0.06795027107,weekly,weighted,0.0,region_05
2021-06-12,5,P.1,0.11583991349,0.20121839643,0.06379491091,weekly,weighted,0.0,region_05
2021-06-19,5,P.1,0.07537966222,0.19940064847,0.02599159256,weekly,weighted,0.0,region_05
2021-06-26,5,P.1,0.05704394728,0.11241477728,0.02808353677,weekly,weighted,0.0,region_05
2021-07-03,5,P.1,0.04447486997,0.07961688191,0.02443239465,weekly,weighted,0.0,region_05
2021-07-10,5,P.1,0.02479303256,0.09005325288,0.00648866128,weekly,weighted,0.0,region_05
2021-07-17,5,P.1,0.02503472939,0.05253613368,0.01175109576,weekly,weighted,0.0,region_05
2021-07-24,5,P.1,0.020677077585000002,0.05477320962,0.00814150972,weekly,weighted,,region_05
2021-07-31,5,P.1,0.01631942578,0.05701028556,0.00453192368,weekly,weighted,0.0,region_05
2023-05-13,5,XBB,0.03741815686,0.06575005502,0.01891568489,biweekly,weighted,0.0,region_05
2023-05-20,5,XBB,0.043135971294375,0.076024416838125,0.021608560575624998,biweekly,weighted,,region_05
2023-05-27,5,XBB,0.04885378572875,0.08629877865624999,0.024301436261249997,biweekly,weighted,,region_05
2023-06-03,5,XBB,0.054571600163125,0.096573140474375,0.026994311946875,biweekly,weighted,,region_05
2023-06-10,5,XBB,0.06028941459749999,0.1068475022925,0.029687187632499997,biweekly,weighted,,region_05
2023-06-17,5,XBB,0.06600722903187499,0.11712186411062499,0.032380063318125,biweekly,weighted,,region_05
2023-06-24,5,XBB,0.07172504346625,0.12739622592875,0.03507293900375,biweekly,weighted,,region_05
2023-07-01,5,XBB,0.077442857900625,0.137670587746875,0.037765814689374996,biweekly,weighted,,region_05
2023-07-08,5,XBB,0.08316067233499999,0.14794494956499998,0.040458690374999995,biweekly,weighted,0.0,region_05
2023-07-15,5,XBB,0.07409300003,0.12768057733625,0.038214804371249994,biweekly,weighted,,region_05
2023-07-22,5,XBB,0.065025327725,0.1074162051075,0.03597091836749999,biweekly,weighted,,region_05
2023-07-29,5,XBB,0.055957655419999995,0.08715183287875,0.03372703236375,biweekly,weighted,,region_05
2023-08-05,5,XBB,0.046889983115,0.06688746065000001,0.03148314636,biweekly,weighted,0.0,region_05
2023-08-12,5,XBB,0.0454030297675,0.06897172332000001,0.028217760377499998,biweekly,weighted,,region_05
2023-08-19,5,XBB,0.04391607642,0.07105598599,0.024952374395,biweekly,weighted,0.0,region_05
2023-08-26,5,XBB,0.0380501681925,0.0598917538325,0.022505111525000003,biweekly,weighted,,region_05
2023-09-02,5,XBB,0.032184259965,0.048727521674999996,0.020057848655000002,biweekly,weighted,0.0,region_05
2023-09-09,5,XBB,0.0293095381925,0.044134476225,0.01840546727,biweekly,weighted,,region_05
2023-09-16,5,XBB,0.02643481642,0.039541430775,0.016753085884999998,biweekly,weighted,0.0,region_05
2023-09-23,5,XBB,0.027988163755,0.0440206229725,0.0166318314125,biweekly,weighted,,region_05
2023-09-30,5,XBB,0.02954151109,0.04849981517,0.01651057694,biweekly,weighted,0.0,region_05
2023-10-07,5,XBB,0.0261715720425,0.040629141035,0.01586547913,biweekly,weighted,,region_05
2023-10-14,5,XBB,0.022801632995,0.032758466900000005,0.01522038132,biweekly,weighted,0.0,region_05
2023-10-21,5,XBB,0.02910866635,0.040419255382500005,0.020267510787499998,biweekly,weighted,,region_05
2023-10-28,5,XBB,0.035415699705,0.048080043865,0.025314640255,biweekly,weighted,0.0,region_05
2023-11-04,5,XBB,0.0269632712,0.038193698505,0.018364615275,biweekly,weighted,,region_05
2023-11-11,5,XBB,0.018510842695,0.028307353145,0.011414590295,biweekly,weighted,0.0,region_05
2023-11-18,5,XBB,0.019155072512500003,0.0302938823575,0.011308170857500001,biweekly,weighted,,region_05
2023-11-25,5,XBB,0.01979930233,0.03228041157,0.01120175142,biweekly,weighted,0.0,region_05
2023-12-02,5,XBB,0.0220764754325,0.035341811365,0.012801776175,biweekly,weighted,,region_05
2023-12-09,5,XBB,0.024353648535,0.03840321116,0.01440180093,biweekly,weighted,0.0,region_05
2023-12-16,5,XBB,0.02708866028,0.043167723340000005,0.0157834822325,biweekly,weighted,,region_05
2023-12-23,5,XBB,0.029823672024999998,0.047932235520000005,0.017165163535,biweekly,weighted,0.0,region_05
2023-12-30,5,XBB,0.0301606911225,0.0510295974075,0.01619790844,biweekly,weighted,,region_05
2024-01-06,5,XBB,0.03049771022,0.054126959295,0.015230653345,biweekly,weighted,0.0,region_05
2024-01-13,5,XBB,0.028037040958750002,0.04968233965375,0.01404396677625,biweekly,weighted,,region_05
2024-01-20,5,XBB,0.0255763716975,0.045237720012499996,0.012857280207499999,biweekly,weighted,,region_05
2024-01-27,5,XBB,0.023115702436249996,0.04079310037125,0.011670593638749999,biweekly,weighted,,region_05
2024-02-03,5,XBB,0.020655033174999997,0.03634848073,0.01048390707,biweekly,weighted,0.0,region_05
2023-04-15,5,XBB.1.16,0.02343603689,0.035843528805,0.014436200265,biweekly,weighted,0.0,region_05
2023-04-22,5,XBB.1.16,0.02803229494,0.042806712907499996,0.017285397277500003,biweekly,weighted,,region_05
2023-04-29,5,XBB.1.16,0.032628552990000004,0.049769897009999994,0.020134594290000002,biweekly,weighted,0.0,region_05
2023-05-06,5,XBB.1.16,0.0443640891475,0.0626400634625,0.0302888825525,biweekly,weighted,,region_05
2023-05-13,5,XBB.1.16,0.056099625305,0.075510229915,0.040443170815,biweekly,weighted,0.0,region_05
2023-05-20,5,XBB.1.16,0.07758224289749999,0.102310540155,0.0572257433075,biweekly,weighted,,region_05
2023-05-27,5,XBB.1.16,0.09906486048999999,0.129110850395,0.0740083158,biweekly,weighted,0.0,region_05
2023-06-03,5,XBB.1.16,0.10883623547749999,0.14542146027000002,0.0787981022125,biweekly,weighted,,region_05
2023-06-10,5,XBB.1.16,0.118607610465,0.16173207014500002,0.083587888625,biweekly,weighted,0.0,region_05
2023-06-17,5,XBB.1.16,0.1459935456525,0.2207736186675,0.089194795115,biweekly,weighted,,region_05
2023-06-24,5,XBB.1.16,0.17337948084,0.27981516719,0.094801701605,biweekly,weighted,0.0,region_05
2023-07-01,5,XBB.1.16,0.1399819254875,0.2200181409725,0.0804469194275,biweekly,weighted,,region_05
2023-07-08,5,XBB.1.16,0.106584370135,0.160221114755,0.06609213725,biweekly,weighted,0.0,region_05
2023-07-15,5,XBB.1.16,0.1307210102675,0.17997517064250002,0.0913720764225,biweekly,weighted,,region_05
2023-07-22,5,XBB.1.16,0.1548576504,0.19972922653,0.11665201559499999,biweekly,weighted,0.0,region_05
2023-07-29,5,XBB.1.16,0.13900701888,0.193917669355,0.09551957622,biweekly,weighted,,region_05
2023-08-05,5,XBB.1.16,0.12315638736000001,0.18810611218,0.07438713684500001,biweekly,weighted,0.0,region_05
2023-08-12,5,XBB.1.16,0.11382053978750001,0.1645563878125,0.0745566431425,biweekly,weighted,,region_05
2023-08-19,5,XBB.1.16,0.10448469221500001,0.141006663445,0.07472614944,biweekly,weighted,0.0,region_05
2023-08-26,5,XBB.1.16,0.0921765249225,0.12358756736000001,0.0665357457475,biweekly,weighted,,region_05
2023-09-02,5,XBB.1.16,0.07986835763,0.106168471275,0.058345342055,biweekly,weighted,0.0,region_05
2023-09-09,5,XBB.1.16,0.0657738363375,0.0869785826625,0.048396547325,biweekly,weighted,,region_05
2023-09-16,5,XBB.1.16,0.051679315045,0.06778869405,0.038447752594999995,biweekly,weighted,0.0,region_05
2023-09-23,5,XBB.1.16,0.048515981062500005,0.0651547592125,0.0351163297875,biweekly,weighted,,region_05
2023-09-30,5,XBB.1.16,0.04535264708,0.062520824375,0.03178490698,biweekly,weighted,0.0,region_05
2023-10-07,5,XBB.1.16,0.046226594597500004,0.068176750095,0.029860693495,biweekly,weighted,,region_05
2023-10-14,5,XBB.1.16,0.047100542115000005,0.073832675815,0.02793648001,biweekly,weighted,0.0,region_05
2023-10-21,5,XBB.1.16,0.035580888857500007,0.054471653885,0.0218413102,biweekly,weighted,,region_05
2023-10-28,5,XBB.1.16,0.0240612356,0.035110631955,0.01574614039,biweekly,weighted,0.0,region_05
2023-11-04,5,XBB.1.16,0.021724910243333333,0.0319416746475,0.0140933356425,biweekly,weighted,,region_05
2023-11-11,5,XBB.1.16,0.019388584886666668,0.02877271734,0.012440530895,biweekly,weighted,,region_05
2023-11-18,5,XBB.1.16,0.017052259530000002,0.0256037600325,0.0107877261475,biweekly,weighted,,region_05
2023-11-25,5,XBB.1.16,0.014715934173333334,0.022434802725,0.009134921399999999,biweekly,weighted,,region_05
2023-12-02,5,XBB.1.16,0.012379608816666667,0.0192658454175,0.0074821166525,biweekly,weighted,,region_05
2023-12-09,5,XBB.1.16,0.01004328346,0.01609688811,0.0058293119050000005,biweekly,weighted,0.0,region_05
2023-04-15,5,XBB.1.16.1,0.008020872715,0.01418785518,0.004059271655,biweekly,weighted,0.0,region_05
2023-04-22,5,XBB.1.16.1,0.0104036636175,0.0182673984675,0.00531642756,biweekly,weighted,,region_05
2023-04-29,5,XBB.1.16.1,0.01278645452,0.022346941755,0.006573583465,biweekly,weighted,0.0,region_05
2023-05-06,5,XBB.1.16.1,0.02058770577375,0.033309175167499996,0.011825146735,biweekly,weighted,,region_05
2023-05-13,5,XBB.1.16.1,0.0283889570275,0.04427140857999999,0.017076710005,biweekly,weighted,,region_05
2023-05-20,5,XBB.1.16.1,0.03619020828125,0.05523364199249999,0.022328273274999998,biweekly,weighted,,region_05
2023-05-27,5,XBB.1.16.1,0.043991459535,0.066195875405,0.027579836545,biweekly,weighted,0.0,region_05
2023-06-03,5,XBB.1.16.1,0.0456881783925,0.0719102453425,0.02700641332,biweekly,weighted,,region_05
2023-06-10,5,XBB.1.16.1,0.04738489725,0.07762461528,0.026432990095,biweekly,weighted,0.0,region_05
2023-06-17,5,XBB.1.16.1,0.058144059965,0.0934437997625,0.033220511395,biweekly,weighted,,region_05
2023-06-24,5,XBB.1.16.1,0.06890322268,0.109262984245,0.040008032695,biweekly,weighted,0.0,region_05
2023-07-01,5,XBB.1.16.1,0.07019795104875,0.108425017445,0.04236143129,biweekly,weighted,,region_05
2023-07-08,5,XBB.1.16.1,0.07149267941750001,0.107587050645,0.044714829885,biweekly,weighted,,region_05
2023-07-15,5,XBB.1.16.1,0.07278740778625001,0.10674908384500001,0.04706822848,biweekly,weighted,,region_05
2023-07-22,5,XBB.1.16.1,0.074082136155,0.105911117045,0.049421627075,biweekly,weighted,0.0,region_05
2023-07-29,5,XBB.1.16.1,0.08023120463,0.1091699879625,0.057060679422499996,biweekly,weighted,,region_05
2023-08-05,5,XBB.1.16.1,0.086380273105,0.11242885888000001,0.06469973176999999,biweekly,weighted,0.0,region_05
2023-08-12,5,XBB.1.16.1,0.076469779015,0.1025945935425,0.0553051587225,biweekly,weighted,,region_05
2023-08-19,5,XBB.1.16.1,0.066559284925,0.09276032820499999,0.045910585675000004,biweekly,weighted,0.0,region_05
2023-08-26,5,XBB.1.16.1,0.052768938245,0.0740342410275,0.036141793245,biweekly,weighted,,region_05
2023-09-02,5,XBB.1.16.1,0.038978591565,0.05530815385,0.026373000815,biweekly,weighted,0.0,region_05
2023-09-09,5,XBB.1.16.1,0.03371434426,0.0515601076175,0.020882149689999997,biweekly,weighted,,region_05
2023-09-16,5,XBB.1.16.1,0.028450096954999997,0.047812061385,0.015391298565,biweekly,weighted,0.0,region_05
2023-08-19,5,XBB.1.16.11,0.025614709595,0.042195133865,0.014268432275,biweekly,weighted,0.0,region_05
2023-08-26,5,XBB.1.16.11,0.031703609507499994,0.0483511649075,0.019660895919999997,biweekly,weighted,,region_05
2023-09-02,5,XBB.1.16.11,0.037792509419999995,0.054507195950000004,0.025053359565,biweekly,weighted,0.0,region_05
2023-09-09,5,XBB.1.16.11,0.042773634195,0.0579295055925,0.030737869440000003,biweekly,weighted,,region_05
2023-09-16,5,XBB.1.16.11,0.047754758970000005,0.061351815234999996,0.036422379315,biweekly,weighted,0.0,region_05
2023-09-23,5,XBB.1.16.11,0.039061530495,0.050557690672499996,0.0295487698175,biweekly,weighted,,region_05
2023-09-30,5,XBB.1.16.11,0.03036830202,0.039763566109999995,0.02267516032,biweekly,weighted,0.0,region_05
2023-10-07,5,XBB.1.16.11,0.035156104715,0.0478452444075,0.025076095015,biweekly,weighted,,region_05
2023-10-14,5,XBB.1.16.11,0.03994390741,0.055926922705,0.027477029710000003,biweekly,weighted,0.0,region_05
2023-10-21,5,XBB.1.16.11,0.04193183966,0.0657360870375,0.025168321095,biweekly,weighted,,region_05
2023-10-28,5,XBB.1.16.11,0.04391977191,0.07554525137000001,0.02285961248,biweekly,weighted,0.0,region_05
2023-11-04,5,XBB.1.16.11,0.036608150695,0.061577956192500005,0.0197336766875,biweekly,weighted,,region_05
2023-11-11,5,XBB.1.16.11,0.02929652948,0.047610661015,0.016607740895,biweekly,weighted,0.0,region_05
2023-11-18,5,XBB.1.16.11,0.032701971475,0.051700692625,0.0192480385325,biweekly,weighted,,region_05
2023-11-25,5,XBB.1.16.11,0.03610741347,0.055790724235000005,0.02188833617,biweekly,weighted,0.0,region_05
2023-12-02,5,XBB.1.16.11,0.032462634145,0.050481491725,0.019525280225,biweekly,weighted,,region_05
2023-12-09,5,XBB.1.16.11,0.028817854820000002,0.045172259214999996,0.01716222428,biweekly,weighted,0.0,region_05
2023-09-16,5,XBB.1.16.15,0.01652105339,0.02735894453,0.00915562408,biweekly,weighted,0.0,region_05
2023-09-23,5,XBB.1.16.15,0.021259875504999998,0.033629221375,0.0125452878425,biweekly,weighted,,region_05
2023-09-30,5,XBB.1.16.15,0.02599869762,0.039899498219999996,0.015934951605,biweekly,weighted,0.0,region_05
2023-10-07,5,XBB.1.16.15,0.0274066270825,0.042576464354999996,0.016528540525,biweekly,weighted,,region_05
2023-10-14,5,XBB.1.16.15,0.028814556545,0.045253430489999996,0.017122129445000002,biweekly,weighted,,region_05
2023-10-21,5,XBB.1.16.15,0.0302224860075,0.047930396624999996,0.017715718365,biweekly,weighted,,region_05
2023-10-28,5,XBB.1.16.15,0.03163041547,0.050607362759999996,0.018309307285,biweekly,weighted,0.0,region_05
2023-11-04,5,XBB.1.16.15,0.02310779458,0.0373409744325,0.01321643428,biweekly,weighted,,region_05
2023-11-11,5,XBB.1.16.15,0.01458517369,0.024074586105,0.008123561275,biweekly,weighted,0.0,region_05
2023-08-05,5,XBB.1.16.6,0.050669224935,0.07005541399,0.035362249240000004,biweekly,weighted,0.0,region_05
2023-08-12,5,XBB.1.16.6,0.060545758345000006,0.080697569995,0.0441959677275,biweekly,weighted,,region_05
2023-08-19,5,XBB.1.16.6,0.070422291755,0.09133972600000001,0.053029686214999996,biweekly,weighted,0.0,region_05
2023-08-26,5,XBB.1.16.6,0.073555210605,0.09279359318250001,0.0572612602275,biweekly,weighted,,region_05
2023-09-02,5,XBB.1.16.6,0.076688129455,0.09424746036500001,0.06149283424,biweekly,weighted,0.0,region_05
2023-09-09,5,XBB.1.16.6,0.0817859210075,0.1016821097575,0.06469702161749999,biweekly,weighted,,region_05
2023-09-16,5,XBB.1.16.6,0.08688371255999999,0.10911675914999999,0.06790120899499999,biweekly,weighted,0.0,region_05
2023-09-23,5,XBB.1.16.6,0.083435481415,0.10959142818999999,0.061937472782499996,biweekly,weighted,,region_05
2023-09-30,5,XBB.1.16.6,0.07998725027,0.11006609722999999,0.05597373657,biweekly,weighted,0.0,region_05
2023-10-07,5,XBB.1.16.6,0.0803550928825,0.1113699544225,0.0557235665625,biweekly,weighted,,region_05
2023-10-14,5,XBB.1.16.6,0.08072293549500001,0.11267381161500001,0.055473396555,biweekly,weighted,0.0,region_05
2023-10-21,5,XBB.1.16.6,0.08177438937,0.12397757172750001,0.0506939869375,biweekly,weighted,,region_05
2023-10-28,5,XBB.1.16.6,0.082825843245,0.13528133184000002,0.04591457732,biweekly,weighted,0.0,region_05
2023-11-04,5,XBB.1.16.6,0.076669793575,0.115578465165,0.048026289789999996,biweekly,weighted,,region_05
2023-11-11,5,XBB.1.16.6,0.07051374390500001,0.09587559848999999,0.05013800226,biweekly,weighted,0.0,region_05
2023-11-18,5,XBB.1.16.6,0.0634274138125,0.0906756427125,0.04249873664250001,biweekly,weighted,,region_05
2023-11-25,5,XBB.1.16.6,0.05634108372,0.085475686935,0.034859471025000005,biweekly,weighted,0.0,region_05
2023-12-02,5,XBB.1.16.6,0.0492084342975,0.0797072425475,0.028044880367500004,biweekly,weighted,,region_05
2023-12-09,5,XBB.1.16.6,0.042075784875,0.07393879816,0.02123028971,biweekly,weighted,0.0,region_05
2023-12-16,5,XBB.1.16.6,0.033164292575000004,0.0564422961325,0.01761193131,biweekly,weighted,,region_05
2023-12-23,5,XBB.1.16.6,0.024252800275,0.038945794105,0.01399357291,biweekly,weighted,0.0,region_05
2023-04-15,5,XBB.1.5,0.788911223415,0.8316220939150001,0.740945488215,biweekly,weighted,0.0,region_05
2023-04-22,5,XBB.1.5,0.7804609239125,0.821426421405,0.7349223792549999,biweekly,weighted,,region_05
2023-04-29,5,XBB.1.5,0.77201062441,0.8112307488949999,0.728899270295,biweekly,weighted,0.0,region_05
2023-05-06,5,XBB.1.5,0.7233393639325,0.768201455475,0.674931153655,biweekly,weighted,,region_05
2023-05-13,5,XBB.1.5,0.674668103455,0.725172162055,0.620963037015,biweekly,weighted,0.0,region_05
2023-05-20,5,XBB.1.5,0.5955000221725,0.6433490216725,0.5459508225325,biweekly,weighted,,region_05
2023-05-27,5,XBB.1.5,0.51633194089,0.56152588129,0.47093860805,biweekly,weighted,0.0,region_05
2023-06-03,5,XBB.1.5,0.462833084165,0.528434194625,0.39908283949,biweekly,weighted,,region_05
2023-06-10,5,XBB.1.5,0.40933422744000003,0.49534250796,0.32722707093000003,biweekly,weighted,0.0,region_05
2023-06-17,5,XBB.1.5,0.3367264121775,0.4136233851325,0.2654457390325,biweekly,weighted,,region_05
2023-06-24,5,XBB.1.5,0.264118596915,0.33190426230500003,0.203664407135,biweekly,weighted,0.0,region_05
2023-07-01,5,XBB.1.5,0.2303500026475,0.30135409534,0.169448025525,biweekly,weighted,,region_05
2023-07-08,5,XBB.1.5,0.19658140838,0.270803928375,0.135231643915,biweekly,weighted,0.0,region_05
2023-07-15,5,XBB.1.5,0.17689135298,0.2378164194525,0.1260657757525,biweekly,weighted,,region_05
2023-07-22,5,XBB.1.5,0.15720129758,0.20482891053000002,0.11689990758999999,biweekly,weighted,0.0,region_05
2023-07-29,5,XBB.1.5,0.1222813520575,0.16483478806750002,0.0875452645125,biweekly,weighted,,region_05
2023-08-05,5,XBB.1.5,0.08736140653499999,0.12484066560500001,0.058190621435000006,biweekly,weighted,0.0,region_05
2023-08-12,5,XBB.1.5,0.07823499851,0.10885373875250001,0.054026708005,biweekly,weighted,,region_05
2023-08-19,5,XBB.1.5,0.06910859048500001,0.0928668119,0.049862794574999994,biweekly,weighted,0.0,region_05
2023-08-26,5,XBB.1.5,0.0597890624775,0.082574496045,0.041780479252499995,biweekly,weighted,,region_05
2023-09-02,5,XBB.1.5,0.05046953447,0.07228218019,0.03369816393,biweekly,weighted,0.0,region_05
2023-09-09,5,XBB.1.5,0.0450528385125,0.06569951493250001,0.029428226874999998,biweekly,weighted,,region_05
2023-09-16,5,XBB.1.5,0.039636142555000003,0.059116849675,0.02515828982,biweekly,weighted,0.0,region_05
2023-09-23,5,XBB.1.5,0.033414730340000004,0.04816014692,0.0222146264275,biweekly,weighted,,region_05
2023-09-30,5,XBB.1.5,0.027193318125,0.037203444165,0.019270963034999998,biweekly,weighted,0.0,region_05
2023-10-07,5,XBB.1.5,0.0232836317775,0.03284620866,0.015984125608749997,biweekly,weighted,,region_05
2023-10-14,5,XBB.1.5,0.01937394543,0.028488973155,0.012697288182499999,biweekly,weighted,,region_05
2023-10-21,5,XBB.1.5,0.015464259082500001,0.024131737650000002,0.00941045075625,biweekly,weighted,,region_05
2023-10-28,5,XBB.1.5,0.011554572735000001,0.019774502145,0.0061236133299999995,biweekly,weighted,0.0,region_05
2023-11-04,5,XBB.1.5,0.017673173455000003,0.026358245872499998,0.0113733591275,biweekly,weighted,,region_05
2023-11-11,5,XBB.1.5,0.023791774175000002,0.0329419896,0.016623104925,biweekly,weighted,0.0,region_05
2023-04-15,5,XBB.1.5.1,0.036425372585000004,0.057821048425,0.021289255469999997,biweekly,weighted,0.0,region_05
2023-04-22,5,XBB.1.5.1,0.0344737228,0.053096688352500004,0.021015419625,biweekly,weighted,,region_05
2023-04-29,5,XBB.1.5.1,0.032522073015,0.04837232828,0.020741583780000003,biweekly,weighted,0.0,region_05
2023-08-05,5,XBB.1.5.10,0.01656514313,0.02933704853,0.008342691695,biweekly,weighted,0.0,region_05
2023-08-19,5,XBB.1.5.70,0.015003534030000001,0.02621943597,0.007708460554999999,biweekly,weighted,0.0,region_05
2023-08-26,5,XBB.1.5.70,0.015497735235,0.025857375935000003,0.0085222148325,biweekly,weighted,,region_05
2023-09-02,5,XBB.1.5.70,0.01599193644,0.025495315900000003,0.00933596911,biweekly,weighted,0.0,region_05
2023-09-09,5,XBB.1.5.70,0.014917016265,0.024788180830000003,0.00824844488,biweekly,weighted,,region_05
2023-09-16,5,XBB.1.5.70,0.01384209609,0.024081045760000003,0.00716092065,biweekly,weighted,0.0,region_05
2023-09-23,5,XBB.1.5.70,0.014561463383333334,0.024930731702500004,0.007714527115833334,biweekly,weighted,,region_05
2023-09-30,5,XBB.1.5.70,0.015280830676666668,0.025780417645,0.008268133581666667,biweekly,weighted,,region_05
2023-10-07,5,XBB.1.5.70,0.01600019797,0.026630103587500002,0.0088217400475,biweekly,weighted,,region_05
2023-10-14,5,XBB.1.5.70,0.016719565263333333,0.027479789530000003,0.009375346513333334,biweekly,weighted,,region_05
2023-10-21,5,XBB.1.5.70,0.01743893255666667,0.0283294754725,0.009928952979166667,biweekly,weighted,,region_05
2023-10-28,5,XBB.1.5.70,0.01815829985,0.029179161415,0.010482559445000001,biweekly,weighted,0.0,region_05
2023-07-22,5,XBB.1.5.72,0.030890385620000002,0.054232385005,0.0156743871,biweekly,weighted,0.0,region_05
2023-04-15,5,XBB.1.9.1,0.031046727675,0.041799543425,0.02242449857,biweekly,weighted,0.0,region_05
2023-04-22,5,XBB.1.9.1,0.030259288847500003,0.04165814817,0.021284689192499998,biweekly,weighted,,region_05
2023-04-29,5,XBB.1.9.1,0.029471850020000002,0.041516752914999996,0.020144879815,biweekly,weighted,0.0,region_05
2023-05-06,5,XBB.1.9.1,0.0427583772675,0.0590465376175,0.0299064656725,biweekly,weighted,,region_05
2023-05-13,5,XBB.1.9.1,0.056044904515,0.07657632232,0.03966805153,biweekly,weighted,0.0,region_05
2023-05-20,5,XBB.1.9.1,0.0642251009125,0.090117380025,0.04394416884,biweekly,weighted,,region_05
2023-05-27,5,XBB.1.9.1,0.07240529731,0.10365843773,0.04822028615,biweekly,weighted,0.0,region_05
2023-06-03,5,XBB.1.9.1,0.07979910262,0.11811310425499999,0.05083486345,biweekly,weighted,,region_05
2023-06-10,5,XBB.1.9.1,0.08719290793000001,0.13256777077999998,0.053449440749999994,biweekly,weighted,0.0,region_05
2023-06-17,5,XBB.1.9.1,0.0951804183425,0.14984106645,0.0554857179525,biweekly,weighted,,region_05
2023-06-24,5,XBB.1.9.1,0.103167928755,0.16711436212,0.057521995155000005,biweekly,weighted,0.0,region_05
2023-07-01,5,XBB.1.9.1,0.1032513249675,0.1573548465975,0.063114169985,biweekly,weighted,,region_05
2023-07-08,5,XBB.1.9.1,0.10333472118,0.147595331075,0.068706344815,biweekly,weighted,0.0,region_05
2023-07-15,5,XBB.1.9.1,0.08185653016,0.11916317232,0.053256843240000004,biweekly,weighted,,region_05
2023-07-22,5,XBB.1.9.1,0.06037833914,0.09073101356499999,0.037807341665,biweekly,weighted,0.0,region_05
2023-07-29,5,XBB.1.9.1,0.054352248085,0.08330296166,0.033201381565,biweekly,weighted,,region_05
2023-08-05,5,XBB.1.9.1,0.04832615703,0.075874909755,0.028595421465,biweekly,weighted,0.0,region_05
2023-08-12,5,XBB.1.9.1,0.046248481607499996,0.0684502925725,0.0297359977875,biweekly,weighted,,region_05
2023-08-19,5,XBB.1.9.1,0.044170806184999994,0.061025675390000006,0.03087657411,biweekly,weighted,0.0,region_05
2023-08-26,5,XBB.1.9.1,0.041132220067499996,0.058102632875000004,0.027994966135,biweekly,weighted,,region_05
2023-09-02,5,XBB.1.9.1,0.03809363395,0.05517959036,0.02511335816,biweekly,weighted,0.0,region_05
2023-09-09,5,XBB.1.9.1,0.030308527872499998,0.046000665055,0.018899701302500002,biweekly,weighted,,region_05
2023-09-16,5,XBB.1.9.1,0.022523421794999998,0.03682173975,0.012686044445,biweekly,weighted,0.0,region_05
2023-09-23,5,XBB.1.9.1,0.0182766639625,0.02937278757,0.01055105892,biweekly,weighted,,region_05
2023-09-30,5,XBB.1.9.1,0.014029906129999999,0.02192383539,0.008416073395000001,biweekly,weighted,0.0,region_05
2023-10-07,5,XBB.1.9.1,0.016395459882499998,0.02553782193,0.00987191312,biweekly,weighted,,region_05
2023-10-14,5,XBB.1.9.1,0.018761013635,0.02915180847,0.011327752845,biweekly,weighted,0.0,region_05
2023-10-21,5,XBB.1.9.1,0.018117332656875,0.028502525295624997,0.01077736856125,biweekly,weighted,,region_05
2023-10-28,5,XBB.1.9.1,0.01747365167875,0.02785324212125,0.0102269842775,biweekly,weighted,,region_05
2023-11-04,5,XBB.1.9.1,0.016829970700625002,0.027203958946875,0.00967659999375,biweekly,weighted,,region_05
2023-11-11,5,XBB.1.9.1,0.0161862897225,0.0265546757725,0.00912621571,biweekly,weighted,,region_05
2023-11-18,5,XBB.1.9.1,0.015542608744375,0.025905392598125,0.00857583142625,biweekly,weighted,,region_05
2023-11-25,5,XBB.1.9.1,0.01489892776625,0.02525610942375,0.0080254471425,biweekly,weighted,,region_05
2023-12-02,5,XBB.1.9.1,0.014255246788125,0.024606826249375,0.00747506285875,biweekly,weighted,,region_05
2023-12-09,5,XBB.1.9.1,0.01361156581,0.023957543075,0.006924678575,biweekly,weighted,0.0,region_05
2023-04-15,5,XBB.1.9.2,0.01432112325,0.023209393955,0.00818005344,biweekly,weighted,0.0,region_05
2023-04-22,5,XBB.1.9.2,0.018340091918750002,0.02836805931125,0.01117732247875,biweekly,weighted,,region_05
2023-04-29,5,XBB.1.9.2,0.0223590605875,0.0335267246675,0.014174591517500001,biweekly,weighted,,region_05
2023-05-06,5,XBB.1.9.2,0.026378029256250005,0.038685390023749995,0.01717186055625,biweekly,weighted,,region_05
2023-05-13,5,XBB.1.9.2,0.030396997925000002,0.04384405538,0.020169129595,biweekly,weighted,0.0,region_05
2023-05-20,5,XBB.1.9.2,0.029890065000416667,0.04343885865916666,0.019659953075,biweekly,weighted,,region_05
2023-05-27,5,XBB.1.9.2,0.029383132075833335,0.04303366193833333,0.019150776555000002,biweekly,weighted,,region_05
2023-06-03,5,XBB.1.9.2,0.028876199151250004,0.042628465217499995,0.018641600035,biweekly,weighted,,region_05
2023-06-10,5,XBB.1.9.2,0.02836926622666667,0.04222326849666667,0.018132423515000003,biweekly,weighted,,region_05
2023-06-17,5,XBB.1.9.2,0.027862333302083334,0.04181807177583333,0.017623246995,biweekly,weighted,,region_05
2023-06-24,5,XBB.1.9.2,0.027355400377500002,0.041412875055,0.017114070475,biweekly,weighted,,region_05
2023-07-01,5,XBB.1.9.2,0.02684846745291667,0.041007678334166665,0.016604893955,biweekly,weighted,,region_05
2023-07-08,5,XBB.1.9.2,0.026341534528333335,0.04060248161333333,0.016095717435,biweekly,weighted,,region_05
2023-07-15,5,XBB.1.9.2,0.02583460160375,0.0401972848925,0.015586540915,biweekly,weighted,,region_05
2023-07-22,5,XBB.1.9.2,0.02532766867916667,0.03979208817166667,0.015077364395,biweekly,weighted,,region_05
2023-07-29,5,XBB.1.9.2,0.024820735754583337,0.039386891450833336,0.014568187875000001,biweekly,weighted,,region_05
2023-08-05,5,XBB.1.9.2,0.02431380283,0.03898169473,0.014059011355000001,biweekly,weighted,0.0,region_05
2023-08-12,5,XBB.1.9.2,0.0217375291975,0.03493697615375,0.01253289275,biweekly,weighted,,region_05
2023-08-19,5,XBB.1.9.2,0.019161255565,0.030892257577500002,0.011006774145,biweekly,weighted,,region_05
2023-08-26,5,XBB.1.9.2,0.0165849819325,0.026847539001250004,0.00948065554,biweekly,weighted,,region_05
2023-09-02,5,XBB.1.9.2,0.0140087083,0.022802820425000002,0.007954536935,biweekly,weighted,0.0,region_05
2023-05-13,5,XBB.2.3,0.024353239685,0.043442795049999997,0.012099216695,biweekly,weighted,0.0,region_05
2023-05-20,5,XBB.2.3,0.03042449383,0.053873173425,0.01522724260875,biweekly,weighted,,region_05
2023-05-27,5,XBB.2.3,0.036495747975,0.0643035518,0.0183552685225,biweekly,weighted,,region_05
2023-06-03,5,XBB.2.3,0.04256700212,0.07473393017499999,0.02148329443625,biweekly,weighted,,region_05
2023-06-10,5,XBB.2.3,0.048638256265,0.08516430855,0.02461132035,biweekly,weighted,0.0,region_05
2023-06-17,5,XBB.2.3,0.0553442686775,0.0925526917,0.029960551300000002,biweekly,weighted,,region_05
2023-06-24,5,XBB.2.3,0.06205028109,0.09994107485,0.035309782250000005,biweekly,weighted,0.0,region_05
2023-07-01,5,XBB.2.3,0.07058807183,0.1097388938075,0.04216152895,biweekly,weighted,,region_05
2023-07-08,5,XBB.2.3,0.07912586257000001,0.119536712765,0.04901327565,biweekly,weighted,0.0,region_05
2023-07-15,5,XBB.2.3,0.08617158420250001,0.1292915605,0.053798165172499995,biweekly,weighted,,region_05
2023-07-22,5,XBB.2.3,0.093217305835,0.139046408235,0.058583054695,biweekly,weighted,0.0,region_05
2023-07-29,5,XBB.2.3,0.0948179736725,0.13312169537000001,0.064784638585,biweekly,weighted,,region_05
2023-08-05,5,XBB.2.3,0.09641864151,0.127196982505,0.070986222475,biweekly,weighted,0.0,region_05
2023-08-12,5,XBB.2.3,0.1045352388175,0.1440928429375,0.0728621725,biweekly,weighted,,region_05
2023-08-19,5,XBB.2.3,0.112651836125,0.16098870336999999,0.074738122525,biweekly,weighted,0.0,region_05
2023-08-26,5,XBB.2.3,0.09034455194999999,0.12993040867,0.0596034061175,biweekly,weighted,,region_05
2023-09-02,5,XBB.2.3,0.068037267775,0.09887211397000001,0.044468689709999995,biweekly,weighted,0.0,region_05
2023-09-09,5,XBB.2.3,0.0702491290875,0.096151208505,0.0497057950125,biweekly,weighted,,region_05
2023-09-16,5,XBB.2.3,0.07246099040000001,0.09343030304,0.054942900315,biweekly,weighted,0.0,region_05
2023-09-23,5,XBB.2.3,0.0608878200875,0.0781358089325,0.046456088312500005,biweekly,weighted,,region_05
2023-09-30,5,XBB.2.3,0.049314649775,0.062841314825,0.03796927631,biweekly,weighted,0.0,region_05
2023-10-07,5,XBB.2.3,0.045598126015,0.06020855158749999,0.0337162553325,biweekly,weighted,,region_05
2023-10-14,5,XBB.2.3,0.041881602255,0.05757578835,0.029463234355,biweekly,weighted,0.0,region_05
2023-10-21,5,XBB.2.3,0.033910383934999996,0.047623130495,0.023268489165,biweekly,weighted,,region_05
2023-10-28,5,XBB.2.3,0.025939165615,0.03767047264,0.017073743975,biweekly,weighted,0.0,region_05
2023-11-04,5,XBB.2.3,0.02119797375,0.03091799561,0.0138847879125,biweekly,weighted,,region_05
2023-11-11,5,XBB.2.3,0.016456781885,0.02416551858,0.01069583185,biweekly,weighted,0.0,region_05
2023-11-18,5,XBB.2.3,0.01847772533,0.0299747679375,0.0106118700925,biweekly,weighted,,region_05
2023-11-25,5,XBB.2.3,0.020498668775,0.035784017295,0.010527908335,biweekly,weighted,0.0,region_05
2023-12-02,5,XBB.2.3,0.017889907585,0.03096130723,0.0093114883625,biweekly,weighted,,region_05
2023-12-09,5,XBB.2.3,0.015281146395,0.026138597165,0.00809506839,biweekly,weighted,0.0,region_05
2024-11-09,5,XEC,0.11869903654,0.17265927792,0.07681868225,biweekly,weighted,0.0,region_05
2024-11-16,5,XEC,0.17926911451,0.25271213054999997,0.1183240655775,biweekly,weighted,,region_05
2024-11-23,5,XEC,0.23983919248000002,0.33276498318000003,0.159829448905,biweekly,weighted,,region_05
2024-11-30,5,XEC,0.30040927045,0.41281783581,0.20133483223249998,biweekly,weighted,,region_05
2024-12-07,5,XEC,0.36097934842,0.49287068844,0.24284021556,biweekly,weighted,0.0,region_05
2024-12-14,5,XEC,0.37514285743,0.498192429545,0.26310191303499997,biweekly,weighted,,region_05
2024-12-21,5,XEC,0.38930636644,0.50351417065,0.28336361051,biweekly,weighted,0.0,region_05
2021-06-12,6,A.2.5,0.01116802543,0.02913165465,0.00423312047,weekly,weighted,0.0,region_06
2021-06-19,6,A.2.5,0.0107499063,0.03097661585,0.00368040917,weekly,weighted,0.0,region_06
2021-06-26,6,A.2.5,0.009375720130000001,0.02864086566,0.0030566575033333333,weekly,weighted,,region_06
2021-07-03,6,A.2.5,0.00800153396,0.026305115469999998,0.0024329058366666665,weekly,weighted,,region_06
2021-07-10,6,A.2.5,0.00662734779,0.02396936528,0.00180915417,weekly,weighted,0.0,region_06
2021-07-17,6,A.2.5,0.00835726876,0.02074612863,0.00334135746,weekly,weighted,0.0,region_06
2021-07-10,6,AY.2,0.00719795655,0.01646327786,0.00313044246,weekly,weighted,0.0,region_06
2021-07-17,6,AY.2,0.00551651418,0.01628545858,0.0018552267,weekly,weighted,0.0,region_06
2021-07-24,6,AY.2,0.00680614915,0.02127316408,0.00215589185,weekly,weighted,0.0,region_06
2021-06-05,6,AY.3,0.04358656332,0.28434920311,0.00519994646,weekly,weighted,0.0,region_06
2021-06-12,6,AY.3,0.07676983625,0.2894937098,0.01668713428,weekly,weighted,0.0,region_06
2021-06-19,6,AY.3,0.07624290138,0.18089193106,0.0299234204,weekly,weighted,0.0,region_06
2021-06-26,6,AY.3,0.09117393941,0.2242886126,0.03363669291,weekly,weighted,0.0,region_06
2021-07-03,6,AY.3,0.10427690297,0.18394564092,0.05671540648,weekly,weighted,0.0,region_06
2021-07-10,6,AY.3,0.12530297041,0.23835265636,0.06153995916,weekly,weighted,0.0,region_06
2021-07-17,6,AY.3,0.13619598746,0.23131883144,0.07630646229,weekly,weighted,0.0,region_06
2021-07-24,6,AY.3,0.16384571791,0.38887694478,0.05690732598,weekly,weighted,0.0,region_06
2021-07-31,6,AY.3,0.14485888183,0.22899243236,0.08810435236,weekly,weighted,0.0,region_06
2021-03-06,6,B.1.1.7,0.27188506722,0.39980351925,0.17309127748,weekly,weighted,0.0,region_06
2021-03-13,6,B.1.1.7,0.38996455073,0.48946842551,0.29884794354,weekly,weighted,0.0,region_06
2021-03-20,6,B.1.1.7,0.46464070678,0.58190792799,0.35115692019,weekly,weighted,0.0,region_06
2021-03-27,6,B.1.1.7,0.5408038497,0.6374977231,0.440936625,weekly,weighted,0.0,region_06
2021-04-03,6,B.1.1.7,0.66043770313,0.70728874207,0.61022037268,weekly,weighted,0.0,region_06
2021-04-10,6,B.1.1.7,0.71561861038,0.7565689683,0.67077720165,weekly,weighted,0.0,region_06
2021-04-17,6,B.1.1.7,0.73582029343,0.7962577939,0.66499745846,weekly,weighted,0.0,region_06
2021-04-24,6,B.1.1.7,0.76800692081,0.81437891722,0.71411705017,weekly,weighted,0.0,region_06
2021-05-01,6,B.1.1.7,0.74729663134,0.79450297356,0.69343048334,weekly,weighted,0.0,region_06
2021-05-08,6,B.1.1.7,0.76824766397,0.80425852537,0.72785359621,weekly,weighted,0.0,region_06
2021-05-15,6,B.1.1.7,0.73850238323,0.76612460613,0.70885753632,weekly,weighted,0.0,region_06
2021-05-22,6,B.1.1.7,0.69032639265,0.79250508547,0.56542253494,weekly,weighted,0.0,region_06
2021-05-29,6,B.1.1.7,0.64973902702,0.76806014776,0.5095975399,weekly,weighted,0.0,region_06
2021-06-05,6,B.1.1.7,0.56356203556,0.68187558651,0.4375423491,weekly,weighted,0.0,region_06
2021-06-12,6,B.1.1.7,0.4519815743,0.62685835361,0.28820919991,weekly,weighted,0.0,region_06
2021-06-19,6,B.1.1.7,0.39452287555,0.55911666155,0.2508174777,weekly,weighted,0.0,region_06
2021-06-26,6,B.1.1.7,0.28381916881,0.45369383693,0.15903392434,weekly,weighted,0.0,region_06
2021-07-03,6,B.1.1.7,0.15946997702,0.27430200577,0.0869506076,weekly,weighted,0.0,region_06
2021-07-10,6,B.1.1.7,0.08973804116,0.13771469891,0.0573634617,weekly,weighted,0.0,region_06
2021-07-17,6,B.1.1.7,0.05179824308,0.0889596045,0.02965510637,weekly,weighted,0.0,region_06
2021-07-24,6,B.1.1.7,0.02426799946,0.04176477343,0.01399420761,weekly,weighted,0.0,region_06
2021-07-31,6,B.1.1.7,0.01491057873,0.02918202989,0.00756418984,weekly,weighted,0.0,region_06
2021-02-27,6,B.1.427,0.01589557156,0.03274078295,0.00764872693,biweekly,weighted,0.0,region_06
2021-02-27,6,B.1.429,0.07071589679,0.09094334394,0.05471660942,biweekly,weighted,0.0,region_06
2021-02-27,6,B.1.526,0.00552464509,0.00914870668,0.00333135016,biweekly,weighted,0.0,region_06
2021-03-06,6,B.1.526,0.01217099186,0.02754515782,0.00533078564,weekly,weighted,0.0,region_06
2021-03-13,6,B.1.526,0.0147052817,0.03085777164,0.00694719795,weekly,weighted,0.0,region_06
2021-03-20,6,B.1.526,0.0326324515,0.11416169256,0.00875250716,weekly,weighted,0.0,region_06
2021-03-27,6,B.1.526,0.0192305129,0.04243203998,0.00860145316,weekly,weighted,0.0,region_06
2021-04-03,6,B.1.526,0.03647822514,0.0482773073,0.02747960016,weekly,weighted,0.0,region_06
2021-04-10,6,B.1.526,0.04775075987,0.09571232647,0.0232060384,weekly,weighted,0.0,region_06
2021-04-17,6,B.1.526,0.04832163826,0.10189193487,0.02221943997,weekly,weighted,0.0,region_06
2021-04-24,6,B.1.526,0.04314695671,0.06593754143,0.02799757384,weekly,weighted,0.0,region_06
2021-05-01,6,B.1.526,0.03965924308,0.06715904176,0.0231405329,weekly,weighted,0.0,region_06
2021-05-08,6,B.1.526,0.0342419073,0.05226872861,0.02228610776,weekly,weighted,0.0,region_06
2021-05-15,6,B.1.526,0.0418148227,0.11977752298,0.0138020264,weekly,weighted,0.0,region_06
2021-05-22,6,B.1.526,0.06481252611,0.08790520579,0.04747055471,weekly,weighted,0.0,region_06
2021-05-29,6,B.1.526,0.04876124114,0.06694441289,0.03532990068,weekly,weighted,0.0,region_06
2021-06-05,6,B.1.526,0.02984178625,0.05679427087,0.01547017694,weekly,weighted,0.0,region_06
2021-06-12,6,B.1.526,0.02264805697,0.03838263452,0.01327466965,weekly,weighted,0.0,region_06
2021-06-19,6,B.1.526,0.02685415,0.04055006802,0.01769874059,weekly,weighted,0.0,region_06
2021-06-26,6,B.1.526,0.01769156009,0.028610463255000003,0.01102233422,weekly,weighted,,region_06
2021-07-03,6,B.1.526,0.00852897018,0.01667085849,0.00434592785,weekly,weighted,0.0,region_06
2021-04-24,6,B.1.617.2,0.01648360491,0.0331395641,0.00812855922,weekly,weighted,0.0,region_06
2021-05-01,6,B.1.617.2,0.01631647535,0.02726543322,0.00972034596,weekly,weighted,0.0,region_06
2021-05-08,6,B.1.617.2,0.02274947427,0.04148175567,0.01236715261,weekly,weighted,0.0,region_06
2021-05-15,6,B.1.617.2,0.02887595445,0.06691088527,0.01217945013,weekly,weighted,0.0,region_06
2021-05-22,6,B.1.617.2,0.05430493876,0.13378457725,0.02090363204,weekly,weighted,0.0,region_06
2021-05-29,6,B.1.617.2,0.07230857015,0.12579442561,0.04051025212,weekly,weighted,0.0,region_06
2021-06-05,6,B.1.617.2,0.14811173081,0.25227302313,0.08222816139,weekly,weighted,0.0,region_06
2021-06-12,6,B.1.617.2,0.23106576502,0.47561126947,0.09054704756,weekly,weighted,0.0,region_06
2021-06-19,6,B.1.617.2,0.30974125862,0.49714457989,0.16920997202,weekly,weighted,0.0,region_06
2021-06-26,6,B.1.617.2,0.45444229245,0.56852018833,0.34495466948,weekly,weighted,0.0,region_06
2021-07-03,6,B.1.617.2,0.59488707781,0.6541711092,0.53270000219,weekly,weighted,0.0,region_06
2021-07-10,6,B.1.617.2,0.68590652943,0.71230202913,0.65825122595,weekly,weighted,0.0,region_06
2021-07-17,6,B.1.617.2,0.70673209429,0.72330224514,0.6895955205,weekly,weighted,0.0,region_06
2021-07-24,6,B.1.617.2,0.7683032155,0.86603093147,0.62976253033,weekly,weighted,0.0,region_06
2021-07-31,6,B.1.617.2,0.81834936142,0.86251282692,0.76388323307,weekly,weighted,0.0,region_06
2021-05-08,6,B.1.621,0.00870160386,0.0175472945,0.00429557916,weekly,weighted,0.0,region_06
2021-05-15,6,B.1.621,0.00881502498,0.01812933944,0.00426533958,weekly,weighted,0.0,region_06
2021-05-22,6,B.1.621,0.01560640149,0.04935745522,0.00481764879,weekly,weighted,0.0,region_06
2021-05-29,6,B.1.621,0.02637653984,0.07544941455,0.00891333073,weekly,weighted,0.0,region_06
2021-06-05,6,B.1.621,0.04334384575,0.12002310902,0.01482729334,weekly,weighted,0.0,region_06
2021-06-12,6,B.1.621,0.04006238282,0.08953656256,0.01740303636,weekly,weighted,0.0,region_06
2021-06-19,6,B.1.621,0.0383647047,0.05697409809,0.02566822991,weekly,weighted,0.0,region_06
2021-06-26,6,B.1.621,0.02576839365,0.048471421,0.01354760304,weekly,weighted,0.0,region_06
2021-07-03,6,B.1.621,0.02013639174,0.03085079044,0.01309280656,weekly,weighted,0.0,region_06
2021-07-10,6,B.1.621,0.0127471406,0.04051344097,0.00393275777,weekly,weighted,0.0,region_06
2021-07-17,6,B.1.621,0.02001798898,0.03240006417,0.01230768207,weekly,weighted,0.0,region_06
2021-07-24,6,B.1.621,0.00770502584,0.01927471161,0.00305841072,weekly,weighted,0.0,region_06
2021-04-10,6,B.1.628,0.00925160758,0.0149672376,0.00570599642,weekly,weighted,0.0,region_06
2021-04-17,6,B.1.628,0.01075219829,0.01672743633,0.00689641573,weekly,weighted,0.0,region_06
2021-04-24,6,B.1.628,0.01581203379,0.03599143773,0.00686608069,weekly,weighted,0.0,region_06
2021-05-01,6,B.1.628,0.02836579271,0.03870648146,0.02072812058,weekly,weighted,0.0,region_06
2021-05-08,6,B.1.628,0.01639147475,0.04095220938,0.00646158494,weekly,weighted,0.0,region_06
2021-05-15,6,B.1.628,0.02695899829,0.05796770006,0.01232085284,weekly,weighted,0.0,region_06
2021-05-22,6,B.1.628,0.01949998736,0.05248081312,0.00709039811,weekly,weighted,0.0,region_06
2021-05-29,6,B.1.628,0.04049384221,0.09363066405,0.01694905944,weekly,weighted,0.0,region_06
2021-06-05,6,B.1.628,0.03837390617,0.08701907843,0.0164327696,weekly,weighted,0.0,region_06
2021-06-12,6,B.1.628,0.03334954754,0.09168174118,0.0116547998,weekly,weighted,0.0,region_06
2021-06-19,6,B.1.628,0.03609766439,0.12842266262,0.00942849275,weekly,weighted,0.0,region_06
2021-06-26,6,B.1.628,0.04674658552,0.15652772784,0.01279295329,weekly,weighted,0.0,region_06
2021-07-03,6,B.1.628,0.02921535634,0.06520950049,0.01281674486,weekly,weighted,0.0,region_06
2021-07-10,6,B.1.628,0.02098659985,0.07444290072,0.00568084139,weekly,weighted,0.0,region_06
2021-07-17,6,B.1.628,0.01879447326,0.05085109174,0.00680158939,weekly,weighted,0.0,region_06
2021-07-24,6,B.1.628,0.00858871918,0.01776359789,0.00413271692,weekly,weighted,0.0,region_06
2023-07-22,6,EG.5,0.13206642866,0.20046330988,0.08030571043,biweekly,weighted,0.0,region_06
2023-07-29,6,EG.5,0.13314847648,0.19002663343999998,0.08852716162499999,biweekly,weighted,,region_06
2023-08-05,6,EG.5,0.1342305243,0.179589957,0.09674861282,biweekly,weighted,0.0,region_06
2023-08-12,6,EG.5,0.177036739885,0.265092998745,0.10847430676,biweekly,weighted,,region_06
2023-08-19,6,EG.5,0.21984295547,0.35059604049,0.1202000007,biweekly,weighted,0.0,region_06
2023-08-26,6,EG.5,0.19982984662,0.27825754881,0.13797168061,biweekly,weighted,,region_06
2023-09-02,6,EG.5,0.17981673777,0.20591905713,0.15574336052,biweekly,weighted,0.0,region_06
2023-09-09,6,EG.5,0.17096686363000002,0.21124035865000002,0.13623135537,biweekly,weighted,,region_06
2023-09-16,6,EG.5,0.16211698949,0.21656166017,0.11671935022,biweekly,weighted,0.0,region_06
2023-09-23,6,EG.5,0.193245507775,0.261221461,0.136286348105,biweekly,weighted,,region_06
2023-09-30,6,EG.5,0.22437402606,0.30588126183,0.15585334599,biweekly,weighted,0.0,region_06
2023-10-07,6,EG.5,0.21001614629999998,0.32467356324499996,0.12363896891500001,biweekly,weighted,,region_06
2023-10-14,6,EG.5,0.19565826654,0.34346586466,0.09142459184,biweekly,weighted,0.0,region_06
2023-10-21,6,EG.5,0.18070118874,0.30907419324,0.089250985535,biweekly,weighted,,region_06
2023-10-28,6,EG.5,0.16574411094,0.27468252182,0.08707737923,biweekly,weighted,0.0,region_06
2023-11-04,6,EG.5,0.187596723435,0.28000241518,0.11653149128,biweekly,weighted,,region_06
2023-11-11,6,EG.5,0.20944933593,0.28532230854,0.14598560333,biweekly,weighted,0.0,region_06
2023-11-18,6,EG.5,0.207141056655,0.28294248879,0.14389493316500002,biweekly,weighted,,region_06
2023-11-25,6,EG.5,0.20483277738,0.28056266904,0.141804263,biweekly,weighted,0.0,region_06
2023-09-02,6,EG.6.1,0.01585000381,0.02606347576,0.00887129642,biweekly,weighted,0.0,region_06
2023-09-02,6,FL.1.5.1,0.06197432056,0.08498606086,0.0436415337,biweekly,weighted,0.0,region_06
2023-09-09,6,FL.1.5.1,0.074787022545,0.11549152434000001,0.045347448435,biweekly,weighted,,region_06
2023-09-16,6,FL.1.5.1,0.08759972453,0.14599698782,0.04705336317,biweekly,weighted,0.0,region_06
2023-09-23,6,FL.1.5.1,0.07205230929,0.11722646281,0.040278185155,biweekly,weighted,,region_06
2023-09-30,6,FL.1.5.1,0.05650489405,0.0884559378,0.03350300714,biweekly,weighted,0.0,region_06
2023-10-07,6,FL.1.5.1,0.058005494067499996,0.093054717405,0.0332814464325,biweekly,weighted,,region_06
2023-10-14,6,FL.1.5.1,0.059506094085,0.09765349701,0.033059885725,biweekly,weighted,,region_06
2023-10-21,6,FL.1.5.1,0.0610066941025,0.102252276615,0.032838325017499996,biweekly,weighted,,region_06
2023-10-28,6,FL.1.5.1,0.06250729412,0.10685105622,0.03261676431,biweekly,weighted,0.0,region_06
2023-11-04,6,FL.1.5.1,0.07900222391,0.12843572348500001,0.044209435585,biweekly,weighted,,region_06
2023-11-11,6,FL.1.5.1,0.0954971537,0.15002039075,0.05580210686,biweekly,weighted,0.0,region_06
2023-11-18,6,FL.1.5.1,0.0874998308725,0.1354204192775,0.0523344501875,biweekly,weighted,,region_06
2023-11-25,6,FL.1.5.1,0.079502508045,0.12082044780500001,0.048866793515,biweekly,weighted,,region_06
2023-12-02,6,FL.1.5.1,0.0715051852175,0.1062204763325,0.0453991368425,biweekly,weighted,,region_06
2023-12-09,6,FL.1.5.1,0.06350786239,0.09162050486,0.04193148017,biweekly,weighted,0.0,region_06
2023-12-16,6,FL.1.5.1,0.04848379642,0.07347194292,0.030213457535000002,biweekly,weighted,,region_06
2023-12-23,6,FL.1.5.1,0.03345973045,0.05532338098,0.0184954349,biweekly,weighted,0.0,region_06
2023-09-02,6,GE.1,0.02092660964,0.03372325376,0.01202611998,biweekly,weighted,0.0,region_06
2023-12-09,6,HF.1,0.02960676514,0.05089391395,0.01550042257,biweekly,weighted,0.0,region_06
2023-12-23,6,HK.3,0.06140316278,0.1030112803,0.03295595944,biweekly,weighted,0.0,region_06
2023-09-02,6,HV.1,0.01909351721,0.03004202619,0.01133745629,biweekly,weighted,0.0,region_06
2023-09-09,6,HV.1,0.03986622579,0.06386905722,0.022921644615,biweekly,weighted,,region_06
2023-09-16,6,HV.1,0.06063893437,0.09769608825,0.03450583294,biweekly,weighted,0.0,region_06
2023-09-23,6,HV.1,0.060124855485,0.09148947522,0.037155881525000004,biweekly,weighted,,region_06
2023-09-30,6,HV.1,0.0596107766,0.08528286219,0.03980593011,biweekly,weighted,0.0,region_06
2023-10-07,6,HV.1,0.096200909465,0.1380552575,0.06347596831499999,biweekly,weighted,,region_06
2023-10-14,6,HV.1,0.13279104233,0.19082765281,0.08714600652,biweekly,weighted,0.0,region_06
2023-10-21,6,HV.1,0.16785012185499998,0.263299904765,0.09606272727000001,biweekly,weighted,,region_06
2023-10-28,6,HV.1,0.20290920138,0.33577215672,0.10497944802,biweekly,weighted,0.0,region_06
2023-11-04,6,HV.1,0.22772577405,0.321831002835,0.15376709029000002,biweekly,weighted,,region_06
2023-11-11,6,HV.1,0.25254234672,0.30788984895,0.20255473256,biweekly,weighted,0.0,region_06
2023-11-18,6,HV.1,0.229576654735,0.30504088104,0.16636599600500002,biweekly,weighted,,region_06
2023-11-25,6,HV.1,0.20661096275,0.30219191313,0.13017725945,biweekly,weighted,0.0,region_06
2023-12-02,6,HV.1,0.1986329034,0.27259464562,0.137752458455,biweekly,weighted,,region_06
2023-12-09,6,HV.1,0.19065484405,0.24299737811,0.14532765746,biweekly,weighted,0.0,region_06
2023-12-16,6,HV.1,0.18437238782999998,0.24764896929,0.131770297885,biweekly,weighted,,region_06
2023-12-23,6,HV.1,0.17808993161,0.25230056047,0.11821293831,biweekly,weighted,0.0,region_06
2023-12-30,6,HV.1,0.16059315205000002,0.22760684788,0.10683293267999999,biweekly,weighted,,region_06
2024-01-06,6,HV.1,0.14309637249,0.20291313529,0.09545292705,biweekly,weighted,0.0,region_06
2023-12-23,6,JD.1.1,0.06403398514,0.09207089245,0.0424586311,biweekly,weighted,0.0,region_06
2023-12-30,6,JD.1.1,0.046364568174999995,0.07133298367,0.02846950712,biweekly,weighted,,region_06
2024-01-06,6,JD.1.1,0.02869515121,0.05059507489,0.01448038314,biweekly,weighted,0.0,region_06
2023-12-23,6,JF.1,0.03542070836,0.06251627207,0.01780199446,biweekly,weighted,0.0,region_06
2024-02-03,6,JN.1,0.6992097497,0.8258010149,0.5456982255,biweekly,weighted,0.0,region_06
2024-02-10,6,JN.1,0.69089102745,0.819477826355,0.536320894955,biweekly,weighted,,region_06
2024-02-17,6,JN.1,0.6825723052,0.81315463781,0.52694356441,biweekly,weighted,0.0,region_06
2024-02-24,6,JN.1,0.679478794335,0.80926978588,0.5255985856050001,biweekly,weighted,,region_06
2024-03-02,6,JN.1,0.67638528347,0.80538493395,0.5242536068,biweekly,weighted,0.0,region_06
2024-03-09,6,JN.1,0.59710457921,0.7238025367250001,0.458020329475,biweekly,weighted,,region_06
2024-03-16,6,JN.1,0.51782387495,0.6422201395,0.39178705215,biweekly,weighted,0.0,region_06
2024-03-23,6,JN.1,0.542996287345,0.664196699855,0.41799636185,biweekly,weighted,,region_06
2024-03-30,6,JN.1,0.56816869974,0.68617326021,0.44420567155,biweekly,weighted,0.0,region_06
2024-03-02,6,JN.1.7,0.07532254606,0.12513583899,0.04082181677,biweekly,weighted,0.0,region_06
2024-03-09,6,JN.1.7,0.08108390743166666,0.13410390417166668,0.04412748167666666,biweekly,weighted,,region_06
2024-03-16,6,JN.1.7,0.08684526880333333,0.14307196935333333,0.047433146583333335,biweekly,weighted,,region_06
2024-03-23,6,JN.1.7,0.092606630175,0.15204003453499998,0.05073881149,biweekly,weighted,,region_06
2024-03-30,6,JN.1.7,0.09836799154666666,0.16100809971666666,0.054044476396666666,biweekly,weighted,,region_06
2024-04-06,6,JN.1.7,0.10412935291833333,0.16997616489833334,0.05735014130333334,biweekly,weighted,,region_06
2024-04-13,6,JN.1.7,0.10989071429,0.17894423008,0.06065580621,biweekly,weighted,0.0,region_06
2024-06-08,6,KP.3,0.26503172517,0.39679071307,0.15812559426,biweekly,weighted,0.0,region_06
2024-03-16,6,KV.2,0.13078889251,0.20089237392,0.07820567489,biweekly,weighted,0.0,region_06
2024-03-23,6,KV.2,0.1182054188125,0.186517342925,0.06842393894,biweekly,weighted,,region_06
2024-03-30,6,KV.2,0.105621945115,0.17214231193,0.058642202989999996,biweekly,weighted,,region_06
2024-04-06,6,KV.2,0.0930384714175,0.157767280935,0.048860467039999994,biweekly,weighted,,region_06
2024-04-13,6,KV.2,0.08045499772,0.14339224994,0.03907873109,biweekly,weighted,0.0,region_06
2021-02-27,6,Other,0.26546391845,0.30516415834,0.22922460735,biweekly,weighted,0.0,region_06
2021-03-06,6,Other,0.70713293552,0.80636882782,0.58331918716,weekly,weighted,0.0,region_06
2021-03-13,6,Other,0.58636152744,0.67404830456,0.49283438921,weekly,weighted,0.0,region_06
2021-03-20,6,Other,0.48521846533,0.58345657587,0.38810941577,weekly,weighted,0.0,region_06
2021-03-27,6,Other,0.41908487678,0.52792710066,0.31758618355,weekly,weighted,0.0,region_06
2021-04-03,6,Other,0.25812920928,0.31474643946,0.20859621465,weekly,weighted,0.0,region_06
2021-04-10,6,Other,0.16881607473,0.2228102535,0.12578870356,weekly,weighted,0.0,region_06
2021-04-17,6,Other,0.1346219629,0.17875592411,0.10005687177,weekly,weighted,0.0,region_06
2021-04-24,6,Other,0.09249351919,0.12650950253,0.06692302972,weekly,weighted,0.0,region_06
2021-05-01,6,Other,0.10830660164,0.13843093812,0.08409783244,weekly,weighted,0.0,region_06
2021-05-08,6,Other,0.08614856005,0.13220234215,0.05511899292,weekly,weighted,0.0,region_06
2021-05-15,6,Other,0.06811133027,0.09533046931,0.0482494086,weekly,weighted,0.0,region_06
2021-05-22,6,Other,0.07215715945,0.10285200924,0.05011112243,weekly,weighted,0.0,region_06
2021-05-29,6,Other,0.05911264569,0.10162406415,0.03371718526,weekly,weighted,0.0,region_06
2021-06-05,6,Other,0.0511979796,0.11858508736,0.02118389681,weekly,weighted,0.0,region_06
2021-06-12,6,Other,0.04477459937,0.08584553748,0.02286175638,weekly,weighted,0.0,region_06
2021-06-19,6,Other,0.0394513011,0.08547119796,0.01772934385,weekly,weighted,0.0,region_06
2021-06-26,6,Other,0.03550478444,0.05424142256,0.02308239043,weekly,weighted,0.0,region_06
2021-07-03,6,Other,0.02848653495,0.06002770737,0.01328424737,weekly,weighted,0.0,region_06
2021-07-10,6,Other,0.02533906884,0.05343560502,0.01183109172,weekly,weighted,0.0,region_06
2021-07-17,6,Other,0.02519502863,0.03805470467,0.01660595462,weekly,weighted,0.0,region_06
2021-07-24,6,Other,0.0071007139,0.01993208379,0.00250845496,weekly,weighted,0.0,region_06
2021-07-31,6,Other,0.00939923897,0.02923858352,0.00298021827,weekly,weighted,0.0,region_06
2021-08-07,6,Other,0.009541738333740458,0.029377354948778626,0.003072521316259542,weekly,weighted,,region_06
2021-08-14,6,Other,0.009684237697480915,0.029516126377557253,0.003164824362519084,weekly,weighted,,region_06
2021-08-21,6,Other,0.009826737061221374,0.02965489780633588,0.003257127408778626,weekly,weighted,,region_06
2021-08-28,6,Other,0.00996923642496183,0.029793669235114503,0.0033494304550381678,weekly,weighted,,region_06
2021-09-04,6,Other,0.01011173578870229,0.02993244066389313,0.0034417335012977097,weekly,weighted,,region_06
2021-09-11,6,Other,0.010254235152442748,0.030071212092671756,0.003534036547557252,weekly,weighted,,region_06
2021-09-18,6,Other,0.010396734516183205,0.030209983521450382,0.003626339593816794,weekly,weighted,,region_06
2021-09-25,6,Other,0.010539233879923664,0.03034875495022901,0.003718642640076336,weekly,weighted,,region_06
2021-10-02,6,Other,0.01068173324366412,0.030487526379007635,0.003810945686335878,weekly,weighted,,region_06
2021-10-09,6,Other,0.01082423260740458,0.030626297807786258,0.00390324873259542,weekly,weighted,,region_06
2021-10-16,6,Other,0.010966731971145038,0.030765069236564885,0.003995551778854962,weekly,weighted,,region_06
2021-10-23,6,Other,0.011109231334885495,0.03090384066534351,0.004087854825114504,weekly,weighted,,region_06
2021-10-30,6,Other,0.011251730698625954,0.031042612094122138,0.004180157871374046,weekly,weighted,,region_06
2021-11-06,6,Other,0.011394230062366412,0.031181383522900764,0.004272460917633588,weekly,weighted,,region_06
2021-11-13,6,Other,0.01153672942610687,0.03132015495167939,0.00436476396389313,weekly,weighted,,region_06
2021-11-20,6,Other,0.011679228789847328,0.03145892638045802,0.0044570670101526716,weekly,weighted,,region_06
2021-11-27,6,Other,0.011821728153587785,0.031597697809236644,0.004549370056412214,weekly,weighted,,region_06
2021-12-04,6,Other,0.011964227517328244,0.03173646923801527,0.0046416731026717555,weekly,weighted,,region_06
2021-12-11,6,Other,0.012106726881068702,0.03187524066679389,0.004733976148931298,weekly,weighted,,region_06
2021-12-18,6,Other,0.01224922624480916,0.03201401209557252,0.004826279195190839,weekly,weighted,,region_06
2021-12-25,6,Other,0.012391725608549618,0.03215278352435114,0.004918582241450382,weekly,weighted,,region_06
2022-01-01,6,Other,0.012534224972290075,0.03229155495312977,0.005010885287709924,weekly,weighted,,region_06
2022-01-08,6,Other,0.012676724336030534,0.032430326381908396,0.005103188333969466,weekly,weighted,,region_06
2022-01-15,6,Other,0.012819223699770992,0.03256909781068702,0.005195491380229008,weekly,weighted,,region_06
2022-01-22,6,Other,0.01296172306351145,0.03270786923946565,0.0052877944264885495,weekly,weighted,,region_06
2022-01-29,6,Other,0.013104222427251908,0.032846640668244276,0.005380097472748092,weekly,weighted,,region_06
2022-02-05,6,Other,0.013246721790992365,0.0329854120970229,0.005472400519007633,weekly,weighted,,region_06
2022-02-12,6,Other,0.013389221154732824,0.03312418352580153,0.005564703565267176,weekly,weighted,,region_06
2022-02-19,6,Other,0.013531720518473282,0.033262954954580155,0.005657006611526717,weekly,weighted,,region_06
2022-02-26,6,Other,0.01367421988221374,0.03340172638335878,0.00574930965778626,weekly,weighted,,region_06
2022-03-05,6,Other,0.013816719245954198,0.0335404978121374,0.005841612704045801,weekly,weighted,,region_06
2022-03-12,6,Other,0.013959218609694655,0.03367926924091603,0.005933915750305344,weekly,weighted,,region_06
2022-03-19,6,Other,0.014101717973435113,0.033818040669694654,0.006026218796564886,weekly,weighted,,region_06
2022-03-26,6,Other,0.014244217337175572,0.03395681209847328,0.0061185218428244275,weekly,weighted,,region_06
2022-04-02,6,Other,0.014386716700916029,0.03409558352725191,0.00621082488908397,weekly,weighted,,region_06
2022-04-09,6,Other,0.014529216064656488,0.034234354956030534,0.006303127935343511,weekly,weighted,,region_06
2022-04-16,6,Other,0.014671715428396946,0.03437312638480916,0.006395430981603054,weekly,weighted,,region_06
2022-04-23,6,Other,0.014814214792137403,0.03451189781358779,0.006487734027862595,weekly,weighted,,region_06
2022-04-30,6,Other,0.014956714155877862,0.034650669242366414,0.006580037074122138,weekly,weighted,,region_06
2022-05-07,6,Other,0.015099213519618319,0.03478944067114504,0.006672340120381679,weekly,weighted,,region_06
2022-05-14,6,Other,0.015241712883358778,0.03492821209992367,0.0067646431666412215,weekly,weighted,,region_06
2022-05-21,6,Other,0.015384212247099236,0.03506698352870229,0.006856946212900763,weekly,weighted,,region_06
2022-05-28,6,Other,0.015526711610839693,0.03520575495748091,0.006949249259160305,weekly,weighted,,region_06
2022-06-04,6,Other,0.015669210974580152,0.03534452638625954,0.007041552305419848,weekly,weighted,,region_06
2022-06-11,6,Other,0.01581171033832061,0.035483297815038166,0.007133855351679389,weekly,weighted,,region_06
2022-06-18,6,Other,0.01595420970206107,0.03562206924381679,0.007226158397938932,weekly,weighted,,region_06
2022-06-25,6,Other,0.016096709065801525,0.03576084067259542,0.007318461444198473,weekly,weighted,,region_06
2022-07-02,6,Other,0.016239208429541983,0.035899612101374045,0.007410764490458016,weekly,weighted,,region_06
2022-07-09,6,Other,0.016381707793282442,0.03603838353015267,0.007503067536717557,weekly,weighted,,region_06
2022-07-16,6,Other,0.0165242071570229,0.0361771549589313,0.0075953705829770995,weekly,weighted,,region_06
2022-07-23,6,Other,0.01666670652076336,0.036315926387709925,0.007687673629236641,weekly,weighted,,region_06
2022-07-30,6,Other,0.016809205884503815,0.03645469781648855,0.007779976675496183,weekly,weighted,,region_06
2022-08-06,6,Other,0.016951705248244273,0.03659346924526718,0.007872279721755726,weekly,weighted,,region_06
2022-08-13,6,Other,0.017094204611984732,0.036732240674045805,0.007964582768015267,weekly,weighted,,region_06
2022-08-20,6,Other,0.01723670397572519,0.036871012102824424,0.008056885814274809,weekly,weighted,,region_06
2022-08-27,6,Other,0.01737920333946565,0.03700978353160305,0.008149188860534352,weekly,weighted,,region_06
2022-09-03,6,Other,0.017521702703206105,0.03714855496038168,0.008241491906793894,weekly,weighted,,region_06
2022-09-10,6,Other,0.017664202066946563,0.037287326389160304,0.008333794953053435,weekly,weighted,,region_06
2022-09-17,6,Other,0.017806701430687022,0.03742609781793893,0.008426097999312977,weekly,weighted,,region_06
2022-09-24,6,Other,0.01794920079442748,0.03756486924671756,0.00851840104557252,weekly,weighted,,region_06
2022-10-01,6,Other,0.01809170015816794,0.03770364067549618,0.008610704091832061,weekly,weighted,,region_06
2022-10-08,6,Other,0.018234199521908395,0.03784241210427481,0.008703007138091603,weekly,weighted,,region_06
2022-10-15,6,Other,0.018376698885648853,0.037981183533053436,0.008795310184351144,weekly,weighted,,region_06
2022-10-22,6,Other,0.018519198249389312,0.03811995496183206,0.008887613230610688,weekly,weighted,,region_06
2022-10-29,6,Other,0.01866169761312977,0.03825872639061069,0.008979916276870229,weekly,weighted,,region_06
2022-11-05,6,Other,0.01880419697687023,0.038397497819389316,0.00907221932312977,weekly,weighted,,region_06
2022-11-12,6,Other,0.018946696340610684,0.03853626924816794,0.009164522369389314,weekly,weighted,,region_06
2022-11-19,6,Other,0.019089195704351143,0.03867504067694656,0.009256825415648855,weekly,weighted,,region_06
2022-11-26,6,Other,0.019231695068091602,0.03881381210572519,0.009349128461908397,weekly,weighted,,region_06
2022-12-03,6,Other,0.01937419443183206,0.038952583534503815,0.009441431508167938,weekly,weighted,,region_06
2022-12-10,6,Other,0.01951669379557252,0.03909135496328244,0.009533734554427482,weekly,weighted,,region_06
2022-12-17,6,Other,0.019659193159312974,0.03923012639206107,0.009626037600687023,weekly,weighted,,region_06
2022-12-24,6,Other,0.019801692523053433,0.039368897820839695,0.009718340646946565,weekly,weighted,,region_06
2022-12-31,6,Other,0.019944191886793892,0.03950766924961832,0.009810643693206106,weekly,weighted,,region_06
2023-01-07,6,Other,0.02008669125053435,0.03964644067839695,0.00990294673946565,weekly,weighted,,region_06
2023-01-14,6,Other,0.02022919061427481,0.039785212107175574,0.009995249785725191,weekly,weighted,,region_06
2023-01-21,6,Other,0.020371689978015264,0.0399239835359542,0.010087552831984732,weekly,weighted,,region_06
2023-01-28,6,Other,0.020514189341755723,0.04006275496473283,0.010179855878244276,weekly,weighted,,region_06
2023-02-04,6,Other,0.020656688705496182,0.040201526393511454,0.010272158924503817,weekly,weighted,,region_06
2023-02-11,6,Other,0.02079918806923664,0.040340297822290073,0.010364461970763359,weekly,weighted,,region_06
2023-02-18,6,Other,0.0209416874329771,0.0404790692510687,0.0104567650170229,weekly,weighted,,region_06
2023-02-25,6,Other,0.021084186796717554,0.04061784067984733,0.010549068063282444,weekly,weighted,,region_06
2023-03-04,6,Other,0.021226686160458013,0.04075661210862595,0.010641371109541985,weekly,weighted,,region_06
2023-03-11,6,Other,0.02136918552419847,0.04089538353740458,0.010733674155801527,weekly,weighted,,region_06
2023-03-18,6,Other,0.02151168488793893,0.041034154966183206,0.010825977202061068,weekly,weighted,,region_06
2023-03-25,6,Other,0.02165418425167939,0.04117292639496183,0.010918280248320611,weekly,weighted,,region_06
2023-04-01,6,Other,0.021796683615419848,0.04131169782374046,0.011010583294580153,weekly,weighted,,region_06
2023-04-08,6,Other,0.021939182979160303,0.041450469252519086,0.011102886340839694,weekly,weighted,,region_06
2023-04-15,6,Other,0.02208168234290076,0.04158924068129771,0.011195189387099238,weekly,weighted,,region_06
2023-04-22,6,Other,0.02222418170664122,0.04172801211007634,0.011287492433358779,weekly,weighted,,region_06
2023-04-29,6,Other,0.02236668107038168,0.041866783538854965,0.01137979547961832,weekly,weighted,,region_06
2023-05-06,6,Other,0.022509180434122138,0.042005554967633585,0.011472098525877862,weekly,weighted,,region_06
2023-05-13,6,Other,0.022651679797862593,0.04214432639641221,0.011564401572137405,weekly,weighted,,region_06
2023-05-20,6,Other,0.02279417916160305,0.04228309782519084,0.011656704618396947,weekly,weighted,,region_06
2023-05-27,6,Other,0.02293667852534351,0.042421869253969464,0.011749007664656488,weekly,weighted,,region_06
2023-06-03,6,Other,0.02307917788908397,0.04256064068274809,0.011841310710916032,weekly,weighted,,region_06
2023-06-10,6,Other,0.023221677252824428,0.04269941211152672,0.011933613757175573,weekly,weighted,,region_06
2023-06-17,6,Other,0.023364176616564883,0.042838183540305344,0.012025916803435115,weekly,weighted,,region_06
2023-06-24,6,Other,0.02350667598030534,0.04297695496908397,0.012118219849694656,weekly,weighted,,region_06
2023-07-01,6,Other,0.0236491753440458,0.0431157263978626,0.0122105228959542,weekly,weighted,,region_06
2023-07-08,6,Other,0.02379167470778626,0.043254497826641224,0.012302825942213741,weekly,weighted,,region_06
2023-07-15,6,Other,0.023934174071526718,0.04339326925541985,0.012395128988473282,weekly,weighted,,region_06
2023-07-22,6,Other,0.024076673435267173,0.04353204068419848,0.012487432034732824,weekly,weighted,,region_06
2023-07-29,6,Other,0.02421917279900763,0.043670812112977096,0.012579735080992367,weekly,weighted,,region_06
2023-08-05,6,Other,0.02436167216274809,0.04380958354175572,0.012672038127251909,weekly,weighted,,region_06
2023-08-12,6,Other,0.02450417152648855,0.04394835497053435,0.01276434117351145,weekly,weighted,,region_06
2023-08-19,6,Other,0.024646670890229008,0.044087126399312976,0.012856644219770993,weekly,weighted,,region_06
2023-08-26,6,Other,0.024789170253969463,0.0442258978280916,0.012948947266030535,weekly,weighted,,region_06
2023-09-02,6,Other,0.02493166961770992,0.04436466925687023,0.013041250312290077,weekly,weighted,,region_06
2023-09-09,6,Other,0.02507416898145038,0.044503440685648855,0.013133553358549618,weekly,weighted,,region_06
2023-09-16,6,Other,0.02521666834519084,0.04464221211442748,0.013225856404809161,weekly,weighted,,region_06
2023-09-23,6,Other,0.025359167708931298,0.04478098354320611,0.013318159451068703,weekly,weighted,,region_06
2023-09-30,6,Other,0.025501667072671753,0.044919754971984735,0.013410462497328244,weekly,weighted,,region_06
2023-10-07,6,Other,0.02564416643641221,0.04505852640076336,0.013502765543587786,weekly,weighted,,region_06
2023-10-14,6,Other,0.02578666580015267,0.04519729782954199,0.013595068589847329,weekly,weighted,,region_06
2023-10-21,6,Other,0.02592916516389313,0.04533606925832061,0.01368737163610687,weekly,weighted,,region_06
2023-10-28,6,Other,0.026071664527633587,0.045474840687099234,0.013779674682366412,weekly,weighted,,region_06
2023-11-04,6,Other,0.026214163891374043,0.04561361211587786,0.013871977728625955,weekly,weighted,,region_06
2023-11-11,6,Other,0.0263566632551145,0.04575238354465649,0.013964280774885497,weekly,weighted,,region_06
2023-11-18,6,Other,0.02649916261885496,0.045891154973435114,0.014056583821145038,weekly,weighted,,region_06
2023-11-25,6,Other,0.02664166198259542,0.04602992640221374,0.01414888686740458,weekly,weighted,,region_06
2023-12-02,6,Other,0.026784161346335877,0.04616869783099237,0.014241189913664123,weekly,weighted,,region_06
2023-12-09,6,Other,0.026926660710076333,0.04630746925977099,0.014333492959923665,weekly,weighted,,region_06
2023-12-16,6,Other,0.02706916007381679,0.04644624068854962,0.014425796006183206,weekly,weighted,,region_06
2023-12-23,6,Other,0.02721165943755725,0.046585012117328246,0.014518099052442748,weekly,weighted,,region_06
2023-12-30,6,Other,0.02735415880129771,0.04672378354610687,0.014610402098702291,weekly,weighted,,region_06
2024-01-06,6,Other,0.027496658165038167,0.0468625549748855,0.014702705144961832,weekly,weighted,,region_06
2024-01-13,6,Other,0.027639157528778623,0.047001326403664126,0.014795008191221374,weekly,weighted,,region_06
2024-01-20,6,Other,0.02778165689251908,0.047140097832442746,0.014887311237480917,weekly,weighted,,region_06
2024-01-27,6,Other,0.02792415625625954,0.04727886926122137,0.014979614283740459,weekly,weighted,,region_06
2024-02-03,6,Other,0.02806665562,0.04741764069,0.01507191733,biweekly,weighted,0.0,region_06
2021-04-03,6,P.1,0.02165118232,0.04205064848,0.01103384979,weekly,weighted,0.0,region_06
2021-04-10,6,P.1,0.04184796289,0.06600514054,0.02628325485,weekly,weighted,0.0,region_06
2021-04-17,6,P.1,0.05312381685,0.07892578095,0.03543239832,weekly,weighted,0.0,region_06
2021-04-24,6,P.1,0.04655338079,0.06191488728,0.03486153483,weekly,weighted,0.0,region_06
2021-05-01,6,P.1,0.05093960837,0.08410168439,0.0304193534,weekly,weighted,0.0,region_06
2021-05-08,6,P.1,0.05361448973,0.07937920094,0.03588644415,weekly,weighted,0.0,region_06
2021-05-15,6,P.1,0.0740397796,0.1062149033,0.05105454475,weekly,weighted,0.0,region_06
2021-05-22,6,P.1,0.06847497821,0.12668825686,0.0359107852,weekly,weighted,0.0,region_06
2021-05-29,6,P.1,0.08063509315,0.10759524256,0.05997633561,weekly,weighted,0.0,region_06
2021-06-05,6,P.1,0.07682475448,0.10531803221,0.05556146428,weekly,weighted,0.0,region_06
2021-06-12,6,P.1,0.08569333702,0.19345138967,0.03533032909,weekly,weighted,0.0,region_06
2021-06-19,6,P.1,0.04569574818,0.10025537014,0.02016246133,weekly,weighted,0.0,region_06
2021-06-26,6,P.1,0.04271052778,0.07035823911,0.02562765777,weekly,weighted,0.0,region_06
2021-07-03,6,P.1,0.0441987589,0.08173522353,0.02346029878,weekly,weighted,0.0,region_06
2021-07-10,6,P.1,0.01994509809,0.05442220345,0.00714461179,weekly,weighted,0.0,region_06
2021-07-17,6,P.1,0.02237285301,0.05555028096,0.00882549305,weekly,weighted,0.0,region_06
2021-07-24,6,P.1,0.00891676545,0.01793508604,0.00441276189,weekly,weighted,0.0,region_06
2021-02-27,6,P.2,0.00466574589,0.00958789326,0.00226470851,biweekly,weighted,0.0,region_06
2023-04-29,6,XBB,0.01710342057,0.0306119062,0.00847940054,biweekly,weighted,0.0,region_06
2023-05-06,6,XBB,0.019432057276875,0.034276411169375,0.00983519380875,biweekly,weighted,,region_06
2023-05-13,6,XBB,0.02176069398375,0.03794091613875,0.011190987077499999,biweekly,weighted,,region_06
2023-05-20,6,XBB,0.024089330690625,0.041605421108125,0.01254678034625,biweekly,weighted,,region_06
2023-05-27,6,XBB,0.0264179673975,0.0452699260775,0.013902573615,biweekly,weighted,,region_06
2023-06-03,6,XBB,0.028746604104375,0.048934431046875004,0.015258366883750001,biweekly,weighted,,region_06
2023-06-10,6,XBB,0.03107524081125,0.05259893601625,0.0166141601525,biweekly,weighted,,region_06
2023-06-17,6,XBB,0.033403877518125,0.056263440985625,0.01796995342125,biweekly,weighted,,region_06
2023-06-24,6,XBB,0.035732514225,0.059927945955000006,0.01932574669,biweekly,weighted,,region_06
2023-07-01,6,XBB,0.038061150931875,0.063592450924375,0.020681539958750002,biweekly,weighted,,region_06
2023-07-08,6,XBB,0.04038978763875,0.06725695589375,0.0220373332275,biweekly,weighted,,region_06
2023-07-15,6,XBB,0.042718424345625,0.07092146086312501,0.023393126496250003,biweekly,weighted,,region_06
2023-07-22,6,XBB,0.045047061052500004,0.0745859658325,0.024748919765000002,biweekly,weighted,,region_06
2023-07-29,6,XBB,0.047375697759375,0.078250470801875,0.02610471303375,biweekly,weighted,,region_06
2023-08-05,6,XBB,0.04970433446625,0.08191497577125001,0.027460506302500003,biweekly,weighted,,region_06
2023-08-12,6,XBB,0.052032971173125005,0.085579480740625,0.028816299571250002,biweekly,weighted,,region_06
2023-08-19,6,XBB,0.05436160788,0.08924398571,0.03017209284,biweekly,weighted,0.0,region_06
2023-08-26,6,XBB,0.046891001985,0.0715890415,0.02903673891,biweekly,weighted,,region_06
2023-09-02,6,XBB,0.03942039609,0.05393409729,0.02790138498,biweekly,weighted,0.0,region_06
2023-09-09,6,XBB,0.048605604095,0.068372175095,0.03321177326,biweekly,weighted,,region_06
2023-09-16,6,XBB,0.0577908121,0.0828102529,0.03852216154,biweekly,weighted,0.0,region_06
2023-09-23,6,XBB,0.05558614059833333,0.08043904260583334,0.03666032897,biweekly,weighted,,region_06
2023-09-30,6,XBB,0.05338146909666666,0.07806783231166667,0.034798496400000004,biweekly,weighted,,region_06
2023-10-07,6,XBB,0.051176797595,0.0756966220175,0.032936663830000004,biweekly,weighted,,region_06
2023-10-14,6,XBB,0.04897212609333333,0.07332541172333334,0.03107483126,biweekly,weighted,,region_06
2023-10-21,6,XBB,0.04676745459166667,0.07095420142916667,0.029212998690000002,biweekly,weighted,,region_06
2023-10-28,6,XBB,0.04456278309,0.06858299113500001,0.02735116612,biweekly,weighted,,region_06
2023-11-04,6,XBB,0.04235811158833333,0.06621178084083333,0.02548933355,biweekly,weighted,,region_06
2023-11-11,6,XBB,0.040153440086666665,0.06384057054666667,0.02362750098,biweekly,weighted,,region_06
2023-11-18,6,XBB,0.037948768585,0.0614693602525,0.02176566841,biweekly,weighted,,region_06
2023-11-25,6,XBB,0.03574409708333333,0.05909814995833333,0.019903835840000002,biweekly,weighted,,region_06
2023-12-02,6,XBB,0.033539425581666664,0.05672693966416667,0.01804200327,biweekly,weighted,,region_06
2023-12-09,6,XBB,0.03133475408,0.05435572937,0.0161801707,biweekly,weighted,0.0,region_06
2023-04-15,6,XBB.1.16,0.017791756739999998,0.030419217423333336,0.00943403784,biweekly,weighted,0.0,region_06
2023-04-22,6,XBB.1.16,0.0333257792525,0.052012743895000005,0.02001521712875,biweekly,weighted,,region_06
2023-04-29,6,XBB.1.16,0.048859801765,0.07360627036666667,0.0305963964175,biweekly,weighted,,region_06
2023-05-06,6,XBB.1.16,0.06439382427750001,0.09519979683833334,0.041177575706250004,biweekly,weighted,,region_06
2023-05-13,6,XBB.1.16,0.07992784679,0.11679332331,0.051758754995,biweekly,weighted,0.0,region_06
2023-05-20,6,XBB.1.16,0.08461348960833334,0.12650743189166666,0.05315051165416667,biweekly,weighted,,region_06
2023-05-27,6,XBB.1.16,0.08929913242666668,0.13622154047333335,0.054542268313333336,biweekly,weighted,,region_06
2023-06-03,6,XBB.1.16,0.093984775245,0.145935649055,0.0559340249725,biweekly,weighted,,region_06
2023-06-10,6,XBB.1.16,0.09867041806333333,0.15564975763666666,0.05732578163166667,biweekly,weighted,,region_06
2023-06-17,6,XBB.1.16,0.10335606088166667,0.16536386621833335,0.058717538290833336,biweekly,weighted,,region_06
2023-06-24,6,XBB.1.16,0.1080417037,0.1750779748,0.06010929495,biweekly,weighted,0.0,region_06
2023-07-01,6,XBB.1.16,0.1126895286125,0.17985405773250002,0.0640787445,biweekly,weighted,,region_06
2023-07-08,6,XBB.1.16,0.117337353525,0.184630140665,0.06804819405000001,biweekly,weighted,,region_06
2023-07-15,6,XBB.1.16,0.1219851784375,0.18940622359749998,0.0720176436,biweekly,weighted,,region_06
2023-07-22,6,XBB.1.16,0.12663300335,0.19418230653,0.07598709315,biweekly,weighted,0.0,region_06
2023-07-29,6,XBB.1.16,0.13369680196,0.188419364395,0.09067390859,biweekly,weighted,,region_06
2023-08-05,6,XBB.1.16,0.14076060057,0.18265642226,0.10536072403,biweekly,weighted,0.0,region_06
2023-08-12,6,XBB.1.16,0.130208395425,0.1779998987925,0.09222972765500001,biweekly,weighted,,region_06
2023-08-19,6,XBB.1.16,0.11965619028,0.173343375325,0.07909873128,biweekly,weighted,,region_06
2023-08-26,6,XBB.1.16,0.109103985135,0.16868685185750001,0.065967734905,biweekly,weighted,,region_06
2023-09-02,6,XBB.1.16,0.09855177999,0.16403032839,0.05283673853,biweekly,weighted,0.0,region_06
2023-09-09,6,XBB.1.16,0.09588248655500001,0.15964132546999998,0.05142731406000001,biweekly,weighted,,region_06
2023-09-16,6,XBB.1.16,0.09321319312,0.15525232255,0.05001788959,biweekly,weighted,0.0,region_06
2023-08-05,6,XBB.1.16.1,0.12491739541,0.2111697793,0.06469960511,biweekly,weighted,0.0,region_06
2023-08-12,6,XBB.1.16.1,0.120111558585,0.197714969515,0.06502297148,biweekly,weighted,,region_06
2023-08-19,6,XBB.1.16.1,0.11530572176,0.18426015973,0.06534633785,biweekly,weighted,0.0,region_06
2023-08-26,6,XBB.1.16.1,0.09108405560499999,0.14647257328000002,0.05142455734,biweekly,weighted,,region_06
2023-09-02,6,XBB.1.16.1,0.06686238945,0.10868498683,0.03750277683,biweekly,weighted,0.0,region_06
2023-09-09,6,XBB.1.16.1,0.056205498055,0.09004864469,0.032260713164999996,biweekly,weighted,,region_06
2023-09-16,6,XBB.1.16.1,0.04554860666,0.07141230255,0.0270186495,biweekly,weighted,0.0,region_06
2023-09-23,6,XBB.1.16.1,0.046314544975,0.07305780798,0.027240728025,biweekly,weighted,,region_06
2023-09-30,6,XBB.1.16.1,0.04708048329,0.07470331341,0.02746280655,biweekly,weighted,0.0,region_06
2023-09-02,6,XBB.1.16.11,0.02719722688,0.04605193809,0.01456234884,biweekly,weighted,0.0,region_06
2023-09-09,6,XBB.1.16.11,0.04100169055,0.061144115405000005,0.026253334715,biweekly,weighted,,region_06
2023-09-16,6,XBB.1.16.11,0.05480615422,0.07623629272,0.03794432059,biweekly,weighted,0.0,region_06
2023-09-23,6,XBB.1.16.11,0.0517470918125,0.07313895272125,0.035224142951249995,biweekly,weighted,,region_06
2023-09-30,6,XBB.1.16.11,0.048688029405,0.07004161272250001,0.032503965312499994,biweekly,weighted,,region_06
2023-10-07,6,XBB.1.16.11,0.0456289669975,0.06694427272375,0.02978378767375,biweekly,weighted,,region_06
2023-10-14,6,XBB.1.16.11,0.04256990459,0.063846932725,0.027063610034999998,biweekly,weighted,,region_06
2023-10-21,6,XBB.1.16.11,0.0395108421825,0.060749592726249996,0.024343432396249996,biweekly,weighted,,region_06
2023-10-28,6,XBB.1.16.11,0.036451779775,0.0576522527275,0.021623254757499998,biweekly,weighted,,region_06
2023-11-04,6,XBB.1.16.11,0.0333927173675,0.05455491272875,0.01890307711875,biweekly,weighted,,region_06
2023-11-11,6,XBB.1.16.11,0.03033365496,0.05145757273,0.01618289948,biweekly,weighted,0.0,region_06
2023-11-18,6,XBB.1.16.11,0.0295948693575,0.050617095085,0.015611719577499999,biweekly,weighted,,region_06
2023-11-25,6,XBB.1.16.11,0.028856083755,0.049776617440000004,0.015040539674999999,biweekly,weighted,,region_06
2023-12-02,6,XBB.1.16.11,0.0281172981525,0.048936139795,0.014469359772499999,biweekly,weighted,,region_06
2023-12-09,6,XBB.1.16.11,0.02737851255,0.04809566215,0.01389817987,biweekly,weighted,0.0,region_06
2023-09-02,6,XBB.1.16.15,0.01444116887,0.02577302605,0.00719713978,biweekly,weighted,0.0,region_06
2023-08-19,6,XBB.1.16.6,0.06467864662,0.09243821353,0.04321644455,biweekly,weighted,0.0,region_06
2023-08-26,6,XBB.1.16.6,0.08426095917500001,0.11480148509499999,0.059750262644999996,biweekly,weighted,,region_06
2023-09-02,6,XBB.1.16.6,0.10384327173,0.13716475666,0.07628408074,biweekly,weighted,0.0,region_06
2023-09-09,6,XBB.1.16.6,0.10872573778,0.142302401365,0.08074916899,biweekly,weighted,,region_06
2023-09-16,6,XBB.1.16.6,0.11360820383,0.14744004607,0.08521425724,biweekly,weighted,0.0,region_06
2023-09-23,6,XBB.1.16.6,0.11522898078,0.153142645955,0.08395244181,biweekly,weighted,,region_06
2023-09-30,6,XBB.1.16.6,0.11684975773,0.15884524584,0.08269062638,biweekly,weighted,0.0,region_06
2023-10-07,6,XBB.1.16.6,0.107590649275,0.160708613695,0.06797489337500001,biweekly,weighted,,region_06
2023-10-14,6,XBB.1.16.6,0.09833154082,0.16257198155,0.05325916037,biweekly,weighted,0.0,region_06
2023-10-21,6,XBB.1.16.6,0.0887287529175,0.14830614999,0.047426380682500005,biweekly,weighted,,region_06
2023-10-28,6,XBB.1.16.6,0.079125965015,0.13404031843,0.041593600995,biweekly,weighted,,region_06
2023-11-04,6,XBB.1.16.6,0.0695231771125,0.11977448687,0.0357608213075,biweekly,weighted,,region_06
2023-11-11,6,XBB.1.16.6,0.05992038921,0.10550865531,0.02992804162,biweekly,weighted,0.0,region_06
2023-11-18,6,XBB.1.16.6,0.057563065555,0.09819533676,0.030312004032500003,biweekly,weighted,,region_06
2023-11-25,6,XBB.1.16.6,0.0552057419,0.09088201821,0.030695966445,biweekly,weighted,,region_06
2023-12-02,6,XBB.1.16.6,0.052848418245,0.08356869966000001,0.0310799288575,biweekly,weighted,,region_06
2023-12-09,6,XBB.1.16.6,0.05049109459,0.07625538111,0.03146389127,biweekly,weighted,0.0,region_06
2023-04-15,6,XBB.1.5,0.81214674314,0.85194593668,0.7667093873033334,biweekly,weighted,0.0,region_06
2023-04-22,6,XBB.1.5,0.79544411103,0.8396256119025,0.7450257241716667,biweekly,weighted,,region_06
2023-04-29,6,XBB.1.5,0.77874147892,0.827305287125,0.72334206104,biweekly,weighted,0.0,region_06
2023-05-06,6,XBB.1.5,0.7367522269475,0.7870677858624999,0.68098604679,biweekly,weighted,,region_06
2023-05-13,6,XBB.1.5,0.694762974975,0.7468302846,0.6386300325400001,biweekly,weighted,0.0,region_06
2023-05-20,6,XBB.1.5,0.6191631406525,0.71237000823,0.52151991427,biweekly,weighted,,region_06
2023-05-27,6,XBB.1.5,0.54356330633,0.67790973186,0.404409796,biweekly,weighted,0.0,region_06
2023-06-03,6,XBB.1.5,0.565361246465,0.68708413839,0.4377111196525,biweekly,weighted,,region_06
2023-06-10,6,XBB.1.5,0.5871591866,0.69625854492,0.47101244330500003,biweekly,weighted,0.0,region_06
2023-06-17,6,XBB.1.5,0.5228812396525,0.64248434454,0.40347916632875,biweekly,weighted,,region_06
2023-06-24,6,XBB.1.5,0.458603292705,0.58871014416,0.3359458893525,biweekly,weighted,,region_06
2023-07-01,6,XBB.1.5,0.3943253457575,0.53493594378,0.26841261237625,biweekly,weighted,,region_06
2023-07-08,6,XBB.1.5,0.33004739881,0.4811617434,0.2008793354,biweekly,weighted,0.0,region_06
2023-07-15,6,XBB.1.5,0.262003533545,0.3829318285,0.16141431778499998,biweekly,weighted,,region_06
2023-07-22,6,XBB.1.5,0.19395966828,0.2847019136,0.12194930017,biweekly,weighted,0.0,region_06
2023-07-29,6,XBB.1.5,0.17096624523499998,0.245861925185,0.11119105294500001,biweekly,weighted,,region_06
2023-08-05,6,XBB.1.5,0.14797282219,0.20702193677,0.10043280572,biweekly,weighted,0.0,region_06
2023-08-12,6,XBB.1.5,0.12935650534999998,0.178295791145,0.08973330539,biweekly,weighted,,region_06
2023-08-19,6,XBB.1.5,0.11074018851,0.14956964552,0.07903380506,biweekly,weighted,,region_06
2023-08-26,6,XBB.1.5,0.09212387167,0.120843499895,0.06833430473,biweekly,weighted,,region_06
2023-09-02,6,XBB.1.5,0.07350755483,0.09211735427,0.0576348044,biweekly,weighted,0.0,region_06
2023-09-09,6,XBB.1.5,0.059528080745,0.08304483443499999,0.04168448411,biweekly,weighted,,region_06
2023-09-16,6,XBB.1.5,0.04554860666,0.0739723146,0.02573416382,biweekly,weighted,0.0,region_06
2023-09-23,6,XBB.1.5,0.0558692459,0.094043996185,0.029892863705,biweekly,weighted,,region_06
2023-09-30,6,XBB.1.5,0.06618988514,0.11411567777,0.03405156359,biweekly,weighted,0.0,region_06
2023-04-15,6,XBB.1.5.1,0.029827437673333332,0.04572921494666667,0.018337558646666665,biweekly,weighted,0.0,region_06
2023-04-22,6,XBB.1.5.1,0.029654129872499997,0.04710084758750001,0.017444312807499997,biweekly,weighted,,region_06
2023-04-29,6,XBB.1.5.1,0.029480822071666666,0.04847248022833334,0.016551066968333333,biweekly,weighted,,region_06
2023-05-06,6,XBB.1.5.1,0.029307514270833335,0.049844112869166665,0.015657821129166666,biweekly,weighted,,region_06
2023-05-13,6,XBB.1.5.1,0.02913420647,0.05121574551,0.01476457529,biweekly,weighted,0.0,region_06
2023-09-02,6,XBB.1.5.72,0.01469329093,0.02462633699,0.00801171456,biweekly,weighted,0.0,region_06
2023-04-29,6,XBB.1.9.1,0.05071882531,0.07059445605,0.03510750085,biweekly,weighted,0.0,region_06
2023-05-06,6,XBB.1.9.1,0.0517972242075,0.0750200096525,0.0341627406875,biweekly,weighted,,region_06
2023-05-13,6,XBB.1.9.1,0.052875623105,0.079445563255,0.033217980524999996,biweekly,weighted,0.0,region_06
2023-05-20,6,XBB.1.9.1,0.0740632824575,0.1140171103175,0.0447193267725,biweekly,weighted,,region_06
2023-05-27,6,XBB.1.9.1,0.09525094181,0.14858865738,0.05622067302,biweekly,weighted,0.0,region_06
2023-06-03,6,XBB.1.9.1,0.09076241057642857,0.14124970005071427,0.053778850735,biweekly,weighted,,region_06
2023-06-10,6,XBB.1.9.1,0.08627387934285714,0.13391074272142856,0.05133702845,biweekly,weighted,,region_06
2023-06-17,6,XBB.1.9.1,0.08178534810928571,0.12657178539214284,0.048895206165,biweekly,weighted,,region_06
2023-06-24,6,XBB.1.9.1,0.07729681687571428,0.11923282806285714,0.046453383880000004,biweekly,weighted,,region_06
2023-07-01,6,XBB.1.9.1,0.07280828564214285,0.11189387073357143,0.044011561595,biweekly,weighted,,region_06
2023-07-08,6,XBB.1.9.1,0.06831975440857142,0.10455491340428572,0.04156973931,biweekly,weighted,,region_06
2023-07-15,6,XBB.1.9.1,0.063831223175,0.097215956075,0.039127917025,biweekly,weighted,,region_06
2023-07-22,6,XBB.1.9.1,0.05934269194142857,0.08987699874571428,0.03668609474,biweekly,weighted,,region_06
2023-07-29,6,XBB.1.9.1,0.05485416070785714,0.08253804141642858,0.034244272455,biweekly,weighted,,region_06
2023-08-05,6,XBB.1.9.1,0.05036562947428571,0.07519908408714286,0.03180245017,biweekly,weighted,,region_06
2023-08-12,6,XBB.1.9.1,0.04587709824071428,0.06786012675785714,0.029360627885,biweekly,weighted,,region_06
2023-08-19,6,XBB.1.9.1,0.04138856700714286,0.06052116942857144,0.0269188056,biweekly,weighted,,region_06
2023-08-26,6,XBB.1.9.1,0.03690003577357143,0.053182212099285725,0.024476983315000003,biweekly,weighted,,region_06
2023-09-02,6,XBB.1.9.1,0.03241150454,0.04584325477,0.02203516103,biweekly,weighted,0.0,region_06
2023-09-09,6,XBB.1.9.1,0.026473309845,0.040626890955,0.016385139895,biweekly,weighted,,region_06
2023-09-16,6,XBB.1.9.1,0.02053511515,0.03541052714,0.01073511876,biweekly,weighted,0.0,region_06
2023-09-02,6,XBB.1.9.2,0.01568123326,0.02585444786,0.00874515809,biweekly,weighted,0.0,region_06
2023-08-05,6,XBB.2.3,0.12397067249,0.16530095041,0.08983448893,biweekly,weighted,0.0,region_06
2023-08-12,6,XBB.2.3,0.11472504586,0.1565881148,0.08083925769,biweekly,weighted,,region_06
2023-08-19,6,XBB.2.3,0.10547941923,0.14787527919,0.07184402645,biweekly,weighted,0.0,region_06
2023-08-26,6,XBB.2.3,0.12664089352,0.16008717567,0.098706230525,biweekly,weighted,,region_06
2023-09-02,6,XBB.2.3,0.14780236781,0.17229907215,0.1255684346,biweekly,weighted,0.0,region_06
2023-09-09,6,XBB.2.3,0.12095569074500001,0.14964655042000002,0.096476677805,biweekly,weighted,,region_06
2023-09-16,6,XBB.2.3,0.09410901368,0.12699402869,0.06738492101,biweekly,weighted,0.0,region_06
2023-09-23,6,XBB.2.3,0.07944816351,0.110183611515,0.0551041048,biweekly,weighted,,region_06
2023-09-30,6,XBB.2.3,0.06478731334,0.09337319434,0.04282328859,biweekly,weighted,0.0,region_06
2021-05-22,7,AY.3,0.06482834369,0.4379901886,0.00612853793,weekly,weighted,0.0,region_07
2021-05-29,7,AY.3,0.1067167744,0.37979471684,0.02277550101,weekly,weighted,0.0,region_07
2021-06-05,7,AY.3,0.19928342104,0.53210502863,0.05165383965,weekly,weighted,0.0,region_07
2021-06-12,7,AY.3,0.24147619307,0.54514569044,0.07796791941,weekly,weighted,0.0,region_07
2021-06-19,7,AY.3,0.26681855321,0.58519977331,0.08581766486,weekly,weighted,0.0,region_07
2021-06-26,7,AY.3,0.370123595,0.51023685932,0.24893012643,weekly,weighted,0.0,region_07
2021-07-03,7,AY.3,0.35405552387,0.57454866171,0.18198540807,weekly,weighted,0.0,region_07
2021-07-10,7,AY.3,0.47114655375,0.63994807005,0.30869591236,weekly,weighted,0.0,region_07
2021-07-17,7,AY.3,0.36020314693,0.4890576303,0.24876897037,weekly,weighted,0.0,region_07
2021-07-24,7,AY.3,0.35395795107,0.54601335526,0.19973544776,weekly,weighted,0.0,region_07
2021-07-31,7,AY.3,0.32033312321,0.60939329863,0.12463565916,weekly,weighted,0.0,region_07
2021-01-30,7,B.1.1.519,0.04219451919,0.12780596316,0.01307089534,biweekly,weighted,0.0,region_07
2021-02-06,7,B.1.1.519,0.03944684006,0.11261816323000001,0.01316897385,biweekly,weighted,,region_07
2021-02-13,7,B.1.1.519,0.03669916093,0.0974303633,0.01326705236,biweekly,weighted,0.0,region_07
2021-02-27,7,B.1.1.7,0.08156464249,0.14065033197,0.04597235844,biweekly,weighted,0.0,region_07
2021-03-06,7,B.1.1.7,0.10179857165,0.63894635439,0.00720613357,weekly,weighted,0.0,region_07
2021-03-13,7,B.1.1.7,0.18476459384,0.41743829846,0.06688895077,weekly,weighted,0.0,region_07
2021-03-20,7,B.1.1.7,0.34596830606,0.46240666509,0.24546271563,weekly,weighted,0.0,region_07
2021-03-27,7,B.1.1.7,0.52523845434,0.70019888878,0.34385415912,weekly,weighted,0.0,region_07
2021-04-03,7,B.1.1.7,0.53020501137,0.64623242617,0.41081815958,weekly,weighted,0.0,region_07
2021-04-10,7,B.1.1.7,0.72075861692,0.83573251963,0.56700527668,weekly,weighted,0.0,region_07
2021-04-17,7,B.1.1.7,0.71630096436,0.83045589924,0.56549930573,weekly,weighted,0.0,region_07
2021-04-24,7,B.1.1.7,0.78057086468,0.89518219233,0.59705013037,weekly,weighted,0.0,region_07
2021-05-01,7,B.1.1.7,0.81992644072,0.91671293974,0.65321397781,weekly,weighted,0.0,region_07
2021-05-08,7,B.1.1.7,0.7751480937,0.84699738026,0.68221759796,weekly,weighted,0.0,region_07
2021-05-15,7,B.1.1.7,0.77277612686,0.85211604834,0.66748070717,weekly,weighted,0.0,region_07
2021-05-22,7,B.1.1.7,0.73258090019,0.8888810277,0.48404321074,weekly,weighted,0.0,region_07
2021-05-29,7,B.1.1.7,0.53280395269,0.75701862574,0.29450702667,weekly,weighted,0.0,region_07
2021-06-05,7,B.1.1.7,0.43467110395,0.64672732353,0.24410189688,weekly,weighted,0.0,region_07
2021-06-12,7,B.1.1.7,0.20794849098,0.35361000896,0.11190149933,weekly,weighted,0.0,region_07
2021-06-19,7,B.1.1.7,0.15504927933,0.51301515102,0.03097400814,weekly,weighted,0.0,region_07
2021-06-26,7,B.1.1.7,0.06998299062,0.19075542688,0.02345831878,weekly,weighted,0.0,region_07
2021-07-03,7,B.1.1.7,0.05467414856,0.37380775809,0.00557228876,weekly,weighted,0.0,region_07
2021-07-10,7,B.1.1.7,0.03927096259,0.27800351381,0.00412432174,weekly,weighted,,region_07
2021-07-17,7,B.1.1.7,0.02386777662,0.18219926953,0.00267635472,weekly,weighted,0.0,region_07
2021-01-30,7,B.1.2,0.53952842951,0.59896218777,0.47894898057,biweekly,weighted,0.0,region_07
2021-02-06,7,B.1.2,0.529622256755,0.652262687685,0.403598323465,biweekly,weighted,,region_07
2021-02-13,7,B.1.2,0.519716084,0.7055631876,0.32824766636,biweekly,weighted,0.0,region_07
2021-02-20,7,B.1.2,0.49812887609,0.680700451135,0.315671131015,biweekly,weighted,,region_07
2021-02-27,7,B.1.2,0.47654166818,0.65583771467,0.30309459567,biweekly,weighted,0.0,region_07
2021-01-30,7,B.1.427,0.04111229628,0.32583767176,0.00378898159,biweekly,weighted,0.0,region_07
2021-01-30,7,B.1.429,0.03706888482,0.11919297278,0.01083249599,biweekly,weighted,0.0,region_07
2021-02-06,7,B.1.429,0.045111285525,0.12950707227,0.014925672675,biweekly,weighted,,region_07
2021-02-13,7,B.1.429,0.05315368623,0.13982117176,0.01901884936,biweekly,weighted,0.0,region_07
2021-02-20,7,B.1.429,0.08220839500499999,0.20080485939999998,0.030672262425,biweekly,weighted,,region_07
2021-02-27,7,B.1.429,0.11126310378,0.26178854704,0.04232567549,biweekly,weighted,0.0,region_07
2021-03-20,7,B.1.526,0.05793886259,0.13221430779,0.02422509156,weekly,weighted,0.0,region_07
2021-03-27,7,B.1.526,0.062568275255,0.14054337889000001,0.026519821955,weekly,weighted,,region_07
2021-04-03,7,B.1.526,0.06719768792,0.14887244999,0.02881455235,weekly,weighted,0.0,region_07
2021-04-10,7,B.1.526,0.05485355482,0.18116818368,0.01499554794,weekly,weighted,0.0,region_07
2021-04-17,7,B.1.526,0.05634025857,0.07716203481,0.04088818654,weekly,weighted,0.0,region_07
2021-04-24,7,B.1.526,0.05236517638,0.15423262119,0.01646894775,weekly,weighted,0.0,region_07
2021-05-01,7,B.1.526,0.03140220419,0.10229105502,0.00913994294,weekly,weighted,0.0,region_07
2021-05-08,7,B.1.526,0.05266451091,0.0999539867,0.02707524039,weekly,weighted,0.0,region_07
2021-05-22,7,B.1.617.2,0.07416515797,0.17596848309,0.02917316183,weekly,weighted,0.0,region_07
2021-05-29,7,B.1.617.2,0.12885732949,0.26863572001,0.05621873215,weekly,weighted,0.0,region_07
2021-06-05,7,B.1.617.2,0.2480751127,0.45437780023,0.11559607834,weekly,weighted,0.0,region_07
2021-06-12,7,B.1.617.2,0.46539196372,0.53860044479,0.39364469051,weekly,weighted,0.0,region_07
2021-06-19,7,B.1.617.2,0.50994718075,0.62072771788,0.39818102121,weekly,weighted,0.0,region_07
2021-06-26,7,B.1.617.2,0.50506722927,0.62914252281,0.38036465645,weekly,weighted,0.0,region_07
2021-07-03,7,B.1.617.2,0.57616454363,0.67135000229,0.47497054935,weekly,weighted,0.0,region_07
2021-07-10,7,B.1.617.2,0.48384448886,0.63562142849,0.33499056101,weekly,weighted,0.0,region_07
2021-07-17,7,B.1.617.2,0.59262871742,0.67781275511,0.50148695707,weekly,weighted,0.0,region_07
2021-07-24,7,B.1.617.2,0.61586660147,0.75612640381,0.4532674253,weekly,weighted,0.0,region_07
2021-07-31,7,B.1.617.2,0.669898808,0.87127542496,0.37828630209,weekly,weighted,0.0,region_07
2023-07-08,7,EG.5,0.15230067074,0.25307384133,0.08014204353,biweekly,weighted,0.0,region_07
2023-07-15,7,EG.5,0.17360255122,0.27766421437,0.096399914475,biweekly,weighted,,region_07
2023-07-22,7,EG.5,0.1949044317,0.30225458741,0.11265778542,biweekly,weighted,0.0,region_07
2023-07-29,7,EG.5,0.19464470445999998,0.30448257923,0.11098909378499999,biweekly,weighted,,region_07
2023-08-05,7,EG.5,0.19438497722,0.30671057105,0.10932040215,biweekly,weighted,0.0,region_07
2023-08-12,7,EG.5,0.17442308366,0.25431974977,0.111863262955,biweekly,weighted,,region_07
2023-08-19,7,EG.5,0.1544611901,0.20192892849,0.11440612376,biweekly,weighted,0.0,region_07
2023-08-26,7,EG.5,0.163294948635,0.22640558332,0.11215179413500001,biweekly,weighted,,region_07
2023-09-02,7,EG.5,0.17212870717,0.25088223815,0.10989746451,biweekly,weighted,0.0,region_07
2023-09-09,7,EG.5,0.181856013835,0.2483580634,0.12734173238,biweekly,weighted,,region_07
2023-09-16,7,EG.5,0.1915833205,0.24583388865,0.14478600025,biweekly,weighted,0.0,region_07
2023-09-23,7,EG.5,0.24000761658,0.31894115358499997,0.17181736976,biweekly,weighted,,region_07
2023-09-30,7,EG.5,0.28843191266,0.39204841852,0.19884873927,biweekly,weighted,0.0,region_07
2023-10-07,7,EG.5,0.2727535069,0.388069465755,0.17659376562,biweekly,weighted,,region_07
2023-10-14,7,EG.5,0.25707510114,0.38409051299,0.15433879197,biweekly,weighted,0.0,region_07
2023-10-21,7,EG.5,0.24068195373,0.333391174675,0.16361998022000002,biweekly,weighted,,region_07
2023-10-28,7,EG.5,0.22428880632,0.28269183636,0.17290116847,biweekly,weighted,0.0,region_07
2023-11-04,7,EG.5,0.205231096595,0.27149981633,0.15024968237,biweekly,weighted,,region_07
2023-11-11,7,EG.5,0.18617338687,0.2603077963,0.12759819627000002,biweekly,weighted,,region_07
2023-11-18,7,EG.5,0.167115677145,0.24911577627,0.10494671017000001,biweekly,weighted,,region_07
2023-11-25,7,EG.5,0.14805796742,0.23792375624,0.08229522407,biweekly,weighted,0.0,region_07
2023-12-02,7,EG.5,0.133980974555,0.21399475634,0.07548491284,biweekly,weighted,,region_07
2023-12-09,7,EG.5,0.11990398169,0.19006575644,0.06867460161,biweekly,weighted,0.0,region_07
2023-12-16,7,EG.5,0.11615651846,0.178659826515,0.06964374706,biweekly,weighted,,region_07
2023-12-23,7,EG.5,0.11240905523,0.16725389659,0.07061289251,biweekly,weighted,0.0,region_07
2023-12-30,7,EG.5,0.0853632763,0.13183741644,0.05130704306,biweekly,weighted,,region_07
2024-01-06,7,EG.5,0.05831749737,0.09642093629,0.03200119361,biweekly,weighted,0.0,region_07
2023-12-09,7,FL.1.5.1,0.05167478696,0.08697519451,0.02769099921,biweekly,weighted,0.0,region_07
2023-09-16,7,HF.1,0.04959980771,0.08188245445,0.02734896354,biweekly,weighted,0.0,region_07
2023-12-23,7,HK.3,0.05032174289,0.08213965595,0.02819116972,biweekly,weighted,0.0,region_07
2023-09-02,7,HV.1,0.05015175045,0.08182539791,0.02811515704,biweekly,weighted,0.0,region_07
2023-09-09,7,HV.1,0.07975132391,0.12989312783,0.044268582015,biweekly,weighted,,region_07
2023-09-16,7,HV.1,0.10935089737,0.17796085775,0.06042200699,biweekly,weighted,0.0,region_07
2023-09-23,7,HV.1,0.116894390435,0.18491437286,0.06727203168,biweekly,weighted,,region_07
2023-09-30,7,HV.1,0.1244378835,0.19186788797,0.07412205637,biweekly,weighted,0.0,region_07
2023-10-07,7,HV.1,0.164846353235,0.237731218335,0.10725655407,biweekly,weighted,,region_07
2023-10-14,7,HV.1,0.20525482297,0.2835945487,0.14039105177,biweekly,weighted,0.0,region_07
2023-10-21,7,HV.1,0.2120165638625,0.2874716892825,0.1488173119725,biweekly,weighted,,region_07
2023-10-28,7,HV.1,0.21877830475499999,0.291348829865,0.157243572175,biweekly,weighted,,region_07
2023-11-04,7,HV.1,0.2255400456475,0.2952259704475,0.1656698323775,biweekly,weighted,,region_07
2023-11-11,7,HV.1,0.23230178654,0.29910311103,0.17409609258,biweekly,weighted,0.0,region_07
2023-11-18,7,HV.1,0.19889546930500002,0.25248654932,0.152152463795,biweekly,weighted,,region_07
2023-11-25,7,HV.1,0.16548915207,0.20586998761,0.13020883501,biweekly,weighted,0.0,region_07
2023-12-02,7,HV.1,0.17822048813000002,0.25527071208,0.11790992692499999,biweekly,weighted,,region_07
2023-12-09,7,HV.1,0.19095182419,0.30467143655,0.10561101884,biweekly,weighted,0.0,region_07
2023-12-16,7,HV.1,0.18416761606999998,0.285939112305,0.106699492785,biweekly,weighted,,region_07
2023-12-23,7,HV.1,0.17738340795,0.26720678806,0.10778796673,biweekly,weighted,0.0,region_07
2023-12-30,7,HV.1,0.146900694815,0.22996224462999998,0.085155941545,biweekly,weighted,,region_07
2024-01-06,7,HV.1,0.11641798168,0.1927177012,0.06252391636,biweekly,weighted,0.0,region_07
2023-12-23,7,JD.1.1,0.04256124794,0.0752357766,0.02128147334,biweekly,weighted,0.0,region_07
2023-12-09,7,JN.1,0.19222272933,0.32833835483,0.0946059972,biweekly,weighted,0.0,region_07
2023-12-16,7,JN.1,0.258032225075,0.40526908636500003,0.142481431365,biweekly,weighted,,region_07
2023-12-23,7,JN.1,0.32384172082,0.4821998179,0.19035686553,biweekly,weighted,0.0,region_07
2023-12-30,7,JN.1,0.455231174825,0.58008681238,0.34050931782000005,biweekly,weighted,,region_07
2024-01-06,7,JN.1,0.58662062883,0.67797380686,0.49066177011,biweekly,weighted,0.0,region_07
2024-01-13,7,JN.1,0.65021008253,0.7538099885,0.531821861865,biweekly,weighted,,region_07
2024-01-20,7,JN.1,0.71379953623,0.82964617014,0.57298195362,biweekly,weighted,0.0,region_07
2024-01-27,7,JN.1,0.71840072423375,0.82829760015125,0.5854025408625001,biweekly,weighted,,region_07
2024-02-03,7,JN.1,0.7230019122375,0.8269490301625,0.597823128105,biweekly,weighted,,region_07
2024-02-10,7,JN.1,0.72760310024125,0.82560046017375,0.6102437153475,biweekly,weighted,,region_07
2024-02-17,7,JN.1,0.732204288245,0.824251890185,0.62266430259,biweekly,weighted,0.0,region_07
2024-02-24,7,JN.1,0.703398637475,0.7915823757675,0.600962109865,biweekly,weighted,,region_07
2024-03-02,7,JN.1,0.674592986705,0.75891286135,0.57925991714,biweekly,weighted,,region_07
2024-03-09,7,JN.1,0.6457873359349999,0.7262433469325,0.5575577244150001,biweekly,weighted,,region_07
2024-03-16,7,JN.1,0.616981685165,0.693573832515,0.53585553169,biweekly,weighted,0.0,region_07
2024-03-23,7,JN.1,0.6306734830175,0.716757133605,0.5376886725425,biweekly,weighted,,region_07
2024-03-30,7,JN.1,0.64436528087,0.739940434695,0.5395218133949999,biweekly,weighted,0.0,region_07
2024-04-06,7,JN.1,0.581126754485,0.6873997449875,0.4729875649041666,biweekly,weighted,,region_07
2024-04-13,7,JN.1,0.5178882281,0.63485905528,0.40645331641333327,biweekly,weighted,,region_07
2024-04-20,7,JN.1,0.45464970171499997,0.5823183655725,0.3399190679225,biweekly,weighted,,region_07
2024-04-27,7,JN.1,0.39141117532999997,0.529777675865,0.27338481943166665,biweekly,weighted,,region_07
2024-05-04,7,JN.1,0.328172648945,0.4772369861575,0.2068505709408333,biweekly,weighted,,region_07
2024-05-11,7,JN.1,0.26493412256,0.42469629645,0.14031632245,biweekly,weighted,0.0,region_07
2024-03-16,7,JN.1.7,0.086102370175,0.141622446475,0.047190094365,biweekly,weighted,0.0,region_07
2024-03-02,7,JN.1.8.1,0.107668619605,0.180986166,0.05666092038,biweekly,weighted,0.0,region_07
2024-03-09,7,JN.1.8.1,0.10854787938249999,0.175247073175,0.06083104945750001,biweekly,weighted,,region_07
2024-03-16,7,JN.1.8.1,0.10942713915999999,0.16950798035,0.06500117853500001,biweekly,weighted,0.0,region_07
2024-08-03,7,KP.1.1.3,0.04816101864,0.07628165931,0.02815488167,biweekly,weighted,0.0,region_07
2024-07-20,7,KP.2,0.07572120428,0.11947263032,0.04420141131,biweekly,weighted,0.0,region_07
2024-07-27,7,KP.2,0.07263866501499999,0.11463014905499999,0.04241685383333334,biweekly,weighted,,region_07
2024-08-03,7,KP.2,0.06955612575,0.10978766779,0.04063229635666667,biweekly,weighted,,region_07
2024-08-10,7,KP.2,0.066473586485,0.104945186525,0.038847738879999996,biweekly,weighted,,region_07
2024-08-17,7,KP.2,0.06339104722,0.10010270526,0.03706318140333333,biweekly,weighted,,region_07
2024-08-24,7,KP.2,0.06030850795499999,0.095260223995,0.03527862392666667,biweekly,weighted,,region_07
2024-08-31,7,KP.2,0.05722596869,0.09041774273,0.03349406645,biweekly,weighted,0.0,region_07
2024-07-20,7,KP.2.3,0.14465001225,0.19875188172,0.10060653836,biweekly,weighted,0.0,region_07
2024-07-27,7,KP.2.3,0.159780345855,0.24967774003999998,0.093305986375,biweekly,weighted,,region_07
2024-08-03,7,KP.2.3,0.17491067946,0.30060359836,0.08600543439,biweekly,weighted,0.0,region_07
2024-08-10,7,KP.2.3,0.16306679695999998,0.27295414358500003,0.08436856791,biweekly,weighted,,region_07
2024-08-17,7,KP.2.3,0.15122291446,0.24530468881,0.08273170143,biweekly,weighted,0.0,region_07
2024-08-24,7,KP.2.3,0.14240784198,0.21876796334999998,0.08511766046,biweekly,weighted,,region_07
2024-08-31,7,KP.2.3,0.1335927695,0.19223123789,0.08750361949,biweekly,weighted,0.0,region_07
2024-09-07,7,KP.2.3,0.11927286721500001,0.17357378639499998,0.07713498640750001,biweekly,weighted,,region_07
2024-09-14,7,KP.2.3,0.10495296493,0.1549163349,0.066766353325,biweekly,weighted,,region_07
2024-09-21,7,KP.2.3,0.09063306264500001,0.136258883405,0.056397720242500005,biweekly,weighted,,region_07
2024-09-28,7,KP.2.3,0.07631316036,0.11760143191,0.04602908716,biweekly,weighted,0.0,region_07
2024-06-22,7,KP.3,0.19595834613,0.28682923317,0.12365551293,biweekly,weighted,0.0,region_07
2024-06-29,7,KP.3,0.20896508544999998,0.30227072537,0.13376222551,biweekly,weighted,,region_07
2024-07-06,7,KP.3,0.22197182477,0.31771221757,0.14386893809,biweekly,weighted,0.0,region_07
2024-07-13,7,KP.3,0.26761452109,0.37563467025999997,0.176393650475,biweekly,weighted,,region_07
2024-07-20,7,KP.3,0.31325721741,0.43355712295,0.20891836286,biweekly,weighted,0.0,region_07
2024-07-27,7,KP.3,0.27679340541499997,0.39722453057999996,0.17643134296000001,biweekly,weighted,,region_07
2024-08-03,7,KP.3,0.24032959342,0.36089193821,0.14394432306,biweekly,weighted,0.0,region_07
2024-08-10,7,KP.3,0.2397698164,0.38100619614,0.13113508001,biweekly,weighted,,region_07
2024-08-17,7,KP.3,0.23921003938,0.40112045407,0.11832583696,biweekly,weighted,0.0,region_07
2024-08-24,7,KP.3,0.20118520409,0.316898830235,0.11297047511,biweekly,weighted,,region_07
2024-08-31,7,KP.3,0.1631603688,0.2326772064,0.10761511326,biweekly,weighted,0.0,region_07
2024-09-07,7,KP.3,0.140175189825,0.21654666960500002,0.08370026015000001,biweekly,weighted,,region_07
2024-09-14,7,KP.3,0.11719001085,0.20041613281,0.05978540704,biweekly,weighted,0.0,region_07
2024-07-20,7,KP.3.1.1,0.15278036892,0.2127623111,0.10426274687,biweekly,weighted,0.0,region_07
2024-07-27,7,KP.3.1.1,0.16824094951000002,0.2479191646,0.105953641235,biweekly,weighted,,region_07
2024-08-03,7,KP.3.1.1,0.1837015301,0.2830760181,0.1076445356,biweekly,weighted,0.0,region_07
2024-08-10,7,KP.3.1.1,0.21859931201000002,0.30732531846,0.146611455825,biweekly,weighted,,region_07
2024-08-17,7,KP.3.1.1,0.25349709392,0.33157461882,0.18557837605,biweekly,weighted,0.0,region_07
2024-08-24,7,KP.3.1.1,0.293183743955,0.35605937242499996,0.236592322585,biweekly,weighted,,region_07
2024-08-31,7,KP.3.1.1,0.33287039399,0.38054412603,0.28760626912,biweekly,weighted,0.0,region_07
2024-09-07,7,KP.3.1.1,0.389235585925,0.44238013029,0.3378457278,biweekly,weighted,,region_07
2024-09-14,7,KP.3.1.1,0.44560077786,0.50421613455,0.38808518648,biweekly,weighted,0.0,region_07
2024-09-21,7,KP.3.1.1,0.510234341025,0.57826638222,0.441348046065,biweekly,weighted,,region_07
2024-09-28,7,KP.3.1.1,0.57486790419,0.65231662989,0.49461090565,biweekly,weighted,0.0,region_07
2024-06-22,7,LB.1,0.10377219319,0.18032777309,0.05191656575,biweekly,weighted,0.0,region_07
2024-06-29,7,LB.1,0.0985602680575,0.169645491985,0.0501643801125,biweekly,weighted,,region_07
2024-07-06,7,LB.1,0.093348342925,0.15896321087999998,0.048412194475,biweekly,weighted,,region_07
2024-07-13,7,LB.1,0.0881364177925,0.148280929775,0.0466600088375,biweekly,weighted,,region_07
2024-07-20,7,LB.1,0.08292449266,0.13759864867,0.0449078232,biweekly,weighted,0.0,region_07
2024-07-27,7,LB.1,0.10541604087,0.171001039445,0.058551829305000004,biweekly,weighted,,region_07
2024-08-03,7,LB.1,0.12790758908,0.20440343022,0.07219583541,biweekly,weighted,0.0,region_07
2024-08-10,7,LB.1,0.12947519868500001,0.204879149795,0.074140682815,biweekly,weighted,,region_07
2024-08-17,7,LB.1,0.13104280829,0.20535486937,0.07608553022,biweekly,weighted,0.0,region_07
2024-08-24,7,LB.1,0.12407000362500001,0.20018309355,0.06918789074000001,biweekly,weighted,,region_07
2024-08-31,7,LB.1,0.11709719896,0.19501131773,0.06229025126,biweekly,weighted,0.0,region_07
2024-09-07,7,LB.1,0.1074206214375,0.1769002787775,0.058296693492499996,biweekly,weighted,,region_07
2024-09-14,7,LB.1,0.097744043915,0.15878923982499998,0.054303135725,biweekly,weighted,,region_07
2024-09-21,7,LB.1,0.08806746639249999,0.1406782008725,0.050309577957500004,biweekly,weighted,,region_07
2024-09-28,7,LB.1,0.07839088887,0.12256716192,0.04631602019,biweekly,weighted,0.0,region_07
2021-01-30,7,Other,0.33127439022,0.37129196525,0.29355603456,biweekly,weighted,0.0,region_07
2021-02-06,7,Other,0.32708892225999997,0.4449249357,0.233947224915,biweekly,weighted,,region_07
2021-02-13,7,Other,0.3229034543,0.51855790615,0.17433841527,biweekly,weighted,0.0,region_07
2021-02-20,7,Other,0.273767545815,0.45484599471,0.144947152585,biweekly,weighted,,region_07
2021-02-27,7,Other,0.22463163733,0.39113408327,0.1155558899,biweekly,weighted,0.0,region_07
2021-03-06,7,Other,0.88709777594,0.99241352081,0.32062414289,weekly,weighted,0.0,region_07
2021-03-13,7,Other,0.77557086945,0.9298145175,0.4740819633,weekly,weighted,0.0,region_07
2021-03-20,7,Other,0.58915066719,0.72493338585,0.43827745318,weekly,weighted,0.0,region_07
2021-03-27,7,Other,0.43708074093,0.59878796339,0.28772598505,weekly,weighted,0.0,region_07
2021-04-03,7,Other,0.38492006063,0.54253691435,0.24824522436,weekly,weighted,0.0,region_07
2021-04-10,7,Other,0.17773334682,0.32136264443,0.08980288357,weekly,weighted,0.0,region_07
2021-04-17,7,Other,0.12863090634,0.25770822167,0.05906016007,weekly,weighted,0.0,region_07
2021-04-24,7,Other,0.08775671571,0.25331753492,0.0265535228,weekly,weighted,0.0,region_07
2021-05-01,7,Other,0.06278342009,0.0956241414,0.04071362317,weekly,weighted,0.0,region_07
2021-05-08,7,Other,0.05320667475,0.1556174159,0.01684705727,weekly,weighted,0.0,region_07
2021-04-10,7,P.1,0.04363610968,0.11189985275,0.01625403017,weekly,weighted,0.0,region_07
2021-04-17,7,P.1,0.06505845487,0.16891102493,0.02327032574,weekly,weighted,0.0,region_07
2021-04-24,7,P.1,0.06107625738,0.21411599219,0.01529327314,weekly,weighted,0.0,region_07
2021-05-01,7,P.1,0.05363299698,0.2537663281,0.00935628079,weekly,weighted,0.0,region_07
2021-05-08,7,P.1,0.08034233004,0.25506350398,0.02180385962,weekly,weighted,0.0,region_07
2021-05-15,7,P.1,0.10057640821,0.26924198866,0.03282462433,weekly,weighted,0.0,region_07
2021-05-22,7,P.1,0.10758077353500001,0.30301211774500003,0.032376520335000006,weekly,weighted,,region_07
2021-05-29,7,P.1,0.11458513886,0.33678224683,0.03192841634,weekly,weighted,0.0,region_07
2021-06-05,7,P.1,0.10468981415,0.71803790331,0.00534047186,weekly,weighted,0.0,region_07
2021-06-12,7,P.1,0.06063514948,0.30748480558,0.00929671526,weekly,weighted,0.0,region_07
2021-06-19,7,P.1,0.050686175005,0.434597373005,0.005350970369999999,weekly,weighted,,region_07
2021-06-26,7,P.1,0.04073720053,0.56170994043,0.00140522548,weekly,weighted,0.0,region_07
2023-07-08,7,XBB.1.16,0.26649203897,0.40733239055,0.15346057713,biweekly,weighted,0.0,region_07
2023-07-15,7,XBB.1.16,0.23399658874,0.35744988297666663,0.13527948781833332,biweekly,weighted,,region_07
2023-07-22,7,XBB.1.16,0.20150113851,0.30756737540333334,0.11709839850666667,biweekly,weighted,,region_07
2023-07-29,7,XBB.1.16,0.16900568828,0.25768486783,0.098917309195,biweekly,weighted,,region_07
2023-08-05,7,XBB.1.16,0.13651023805,0.20780236025666668,0.08073621988333333,biweekly,weighted,,region_07
2023-08-12,7,XBB.1.16,0.10401478782000001,0.15791985268333336,0.06255513057166667,biweekly,weighted,,region_07
2023-08-19,7,XBB.1.16,0.07151933759,0.10803734511,0.04437404126,biweekly,weighted,0.0,region_07
2023-08-26,7,XBB.1.16,0.074788186695,0.117343563585,0.04406361468,biweekly,weighted,,region_07
2023-09-02,7,XBB.1.16,0.0780570358,0.12664978206,0.0437531881,biweekly,weighted,0.0,region_07
2023-09-09,7,XBB.1.16,0.080026190725,0.134953036905,0.04240977764,biweekly,weighted,,region_07
2023-09-16,7,XBB.1.16,0.08199534565,0.14325629175,0.04106636718,biweekly,weighted,0.0,region_07
2023-09-23,7,XBB.1.16,0.07572102919,0.12794014439,0.040059680119999996,biweekly,weighted,,region_07
2023-09-30,7,XBB.1.16,0.06944671273,0.11262399703,0.03905299306,biweekly,weighted,0.0,region_07
2023-09-02,7,XBB.1.16.11,0.07194328308,0.10718551278,0.04547026753,biweekly,weighted,0.0,region_07
2023-09-09,7,XBB.1.16.11,0.08673970401,0.12404242903000001,0.057792559265,biweekly,weighted,,region_07
2023-09-16,7,XBB.1.16.11,0.10153612494,0.14089934528,0.070114851,biweekly,weighted,0.0,region_07
2023-09-23,7,XBB.1.16.11,0.095803068015,0.1343343937775,0.06539838621625,biweekly,weighted,,region_07
2023-09-30,7,XBB.1.16.11,0.09007001109,0.127769442275,0.06068192143250001,biweekly,weighted,,region_07
2023-10-07,7,XBB.1.16.11,0.084336954165,0.1212044907725,0.05596545664875,biweekly,weighted,,region_07
2023-10-14,7,XBB.1.16.11,0.07860389724,0.11463953927000001,0.051248991865,biweekly,weighted,,region_07
2023-10-21,7,XBB.1.16.11,0.072870840315,0.1080745877675,0.046532527081250004,biweekly,weighted,,region_07
2023-10-28,7,XBB.1.16.11,0.06713778339,0.101509636265,0.0418160622975,biweekly,weighted,,region_07
2023-11-04,7,XBB.1.16.11,0.061404726465000004,0.0949446847625,0.03709959751375,biweekly,weighted,,region_07
2023-11-11,7,XBB.1.16.11,0.05567166954,0.08837973326,0.03238313273,biweekly,weighted,0.0,region_07
2023-11-18,7,XBB.1.16.11,0.04802562669,0.075614575295,0.028300288135,biweekly,weighted,,region_07
2023-11-25,7,XBB.1.16.11,0.04037958384,0.06284941733,0.02421744354,biweekly,weighted,0.0,region_07
2023-09-16,7,XBB.1.16.6,0.0745305717,0.12532286346,0.03968701884,biweekly,weighted,0.0,region_07
2023-09-23,7,XBB.1.16.6,0.095192953945,0.151165418325,0.054880062115,biweekly,weighted,,region_07
2023-09-30,7,XBB.1.16.6,0.11585533619,0.17700797319,0.07007310539,biweekly,weighted,0.0,region_07
2023-10-07,7,XBB.1.16.6,0.10575860428333334,0.16233669221,0.06365023615,biweekly,weighted,,region_07
2023-10-14,7,XBB.1.16.6,0.09566187237666667,0.14766541123,0.05722736691,biweekly,weighted,,region_07
2023-10-21,7,XBB.1.16.6,0.08556514047,0.13299413025,0.050804497670000004,biweekly,weighted,,region_07
2023-10-28,7,XBB.1.16.6,0.07546840856333334,0.11832284927,0.04438162843,biweekly,weighted,,region_07
2023-11-04,7,XBB.1.16.6,0.06537167665666667,0.10365156829,0.03795875919,biweekly,weighted,,region_07
2023-11-11,7,XBB.1.16.6,0.05527494475,0.08898028731,0.03153588995,biweekly,weighted,0.0,region_07
2023-11-18,7,XBB.1.16.6,0.061525208875,0.09820586070000001,0.035461381075,biweekly,weighted,,region_07
2023-11-25,7,XBB.1.16.6,0.067775473,0.10743143409,0.0393868722,biweekly,weighted,0.0,region_07
2023-04-15,7,XBB.1.5,0.87989735603,0.91640895605,0.83465516567,biweekly,weighted,0.0,region_07
2023-04-22,7,XBB.1.5,0.83457881212,0.894221395255,0.759526968,biweekly,weighted,,region_07
2023-04-29,7,XBB.1.5,0.78926026821,0.87203383446,0.68439877033,biweekly,weighted,0.0,region_07
2023-05-06,7,XBB.1.5,0.70437952876,0.789537727835,0.605120420455,biweekly,weighted,,region_07
2023-05-13,7,XBB.1.5,0.61949878931,0.70704162121,0.52584207058,biweekly,weighted,0.0,region_07
2023-05-20,7,XBB.1.5,0.5913143754000001,0.695106476545,0.48162698746,biweekly,weighted,,region_07
2023-05-27,7,XBB.1.5,0.56312996149,0.68317133188,0.43741190434,biweekly,weighted,0.0,region_07
2023-06-03,7,XBB.1.5,0.516546098142,0.631486332414,0.398679233719,biweekly,weighted,,region_07
2023-06-10,7,XBB.1.5,0.469962234794,0.579801332948,0.359946563098,biweekly,weighted,,region_07
2023-06-17,7,XBB.1.5,0.42337837144600005,0.528116333482,0.321213892477,biweekly,weighted,,region_07
2023-06-24,7,XBB.1.5,0.376794508098,0.476431334016,0.282481221856,biweekly,weighted,,region_07
2023-07-01,7,XBB.1.5,0.33021064475,0.42474633455,0.243748551235,biweekly,weighted,,region_07
2023-07-08,7,XBB.1.5,0.28362678140200004,0.37306133508399997,0.205015880614,biweekly,weighted,,region_07
2023-07-15,7,XBB.1.5,0.23704291805400002,0.321376335618,0.166283209993,biweekly,weighted,,region_07
2023-07-22,7,XBB.1.5,0.190459054706,0.26969133615199997,0.127550539372,biweekly,weighted,,region_07
2023-07-29,7,XBB.1.5,0.14387519135799998,0.21800633668599997,0.088817868751,biweekly,weighted,,region_07
2023-08-05,7,XBB.1.5,0.09729132801,0.16632133722,0.05008519813,biweekly,weighted,0.0,region_07
2023-04-29,7,XBB.1.9.1,0.07211908698,0.12300661951,0.03762505949,biweekly,weighted,0.0,region_07
2023-05-06,7,XBB.1.9.1,0.071015851804375,0.121359876354375,0.036957400156875,biweekly,weighted,,region_07
2023-05-13,7,XBB.1.9.1,0.06991261662875,0.11971313319875,0.03628974082375,biweekly,weighted,,region_07
2023-05-20,7,XBB.1.9.1,0.068809381453125,0.118066390043125,0.035622081490625,biweekly,weighted,,region_07
2023-05-27,7,XBB.1.9.1,0.06770614627749999,0.1164196468875,0.0349544221575,biweekly,weighted,,region_07
2023-06-03,7,XBB.1.9.1,0.066602911101875,0.114772903731875,0.034286762824375,biweekly,weighted,,region_07
2023-06-10,7,XBB.1.9.1,0.06549967592625,0.11312616057625,0.03361910349125,biweekly,weighted,,region_07
2023-06-17,7,XBB.1.9.1,0.06439644075062499,0.111479417420625,0.032951444158125,biweekly,weighted,,region_07
2023-06-24,7,XBB.1.9.1,0.063293205575,0.109832674265,0.032283784825,biweekly,weighted,,region_07
2023-07-01,7,XBB.1.9.1,0.062189970399374996,0.108185931109375,0.031616125491875,biweekly,weighted,,region_07
2023-07-08,7,XBB.1.9.1,0.061086735223749994,0.10653918795375,0.03094846615875,biweekly,weighted,,region_07
2023-07-15,7,XBB.1.9.1,0.059983500048125,0.104892444798125,0.030280806825625,biweekly,weighted,,region_07
2023-07-22,7,XBB.1.9.1,0.0588802648725,0.10324570164249999,0.0296131474925,biweekly,weighted,,region_07
2023-07-29,7,XBB.1.9.1,0.057777029696874996,0.101598958486875,0.028945488159374998,biweekly,weighted,,region_07
2023-08-05,7,XBB.1.9.1,0.05667379452125,0.09995221533125,0.02827782882625,biweekly,weighted,,region_07
2023-08-12,7,XBB.1.9.1,0.055570559345625,0.098305472175625,0.027610169493125,biweekly,weighted,,region_07
2023-08-19,7,XBB.1.9.1,0.05446732417,0.09665872902,0.02694251016,biweekly,weighted,0.0,region_07
2023-08-19,7,XBB.2.3,0.07911700755,0.13571232557,0.04081208631,biweekly,weighted,0.0,region_07
2023-08-26,7,XBB.2.3,0.08373084664,0.1440227031675,0.042915414085000006,biweekly,weighted,,region_07
2023-09-02,7,XBB.2.3,0.08834468573,0.152333080765,0.04501874186,biweekly,weighted,,region_07
2023-09-09,7,XBB.2.3,0.09295852482,0.1606434583625,0.047122069635,biweekly,weighted,,region_07
2023-09-16,7,XBB.2.3,0.09757236391,0.16895383596,0.04922539741,biweekly,weighted,0.0,region_07
2023-09-23,7,XBB.2.3,0.08700900152,0.1507569998475,0.0439749313525,biweekly,weighted,,region_07
2023-09-30,7,XBB.2.3,0.07644563912999999,0.132560163735,0.038724465295,biweekly,weighted,,region_07
2023-10-07,7,XBB.2.3,0.06588227674,0.1143633276225,0.0334739992375,biweekly,weighted,,region_07
2023-10-14,7,XBB.2.3,0.05531891435,0.09616649151,0.02822353318,biweekly,weighted,0.0,region_07
2021-07-10,8,AY.3,0.01967630163,0.09704404324,0.0037343991,weekly,weighted,0.0,region_08
2021-07-17,8,AY.3,0.030458441,0.11308052391,0.00768121751,weekly,weighted,0.0,region_08
2021-07-24,8,AY.3,0.05680870637,0.14585825801,0.02080174722,weekly,weighted,0.0,region_08
2021-07-31,8,AY.3,0.04349558055,0.14158958197,0.01238138601,weekly,weighted,0.0,region_08
2021-02-27,8,B.1.1.519,0.04583179578,0.05861966312,0.03572772443,biweekly,weighted,0.0,region_08
2021-03-06,8,B.1.1.7,0.19951438904,0.26692822576,0.1457413286,weekly,weighted,0.0,region_08
2021-03-13,8,B.1.1.7,0.17162233591,0.38215976954,0.06489098072,weekly,weighted,0.0,region_08
2021-03-20,8,B.1.1.7,0.28349480033,0.45101299882,0.16005687416,weekly,weighted,0.0,region_08
2021-03-27,8,B.1.1.7,0.43163496256,0.5403085947,0.32916760445,weekly,weighted,0.0,region_08
2021-04-03,8,B.1.1.7,0.53156042099,0.66350984573,0.39504474401,weekly,weighted,0.0,region_08
2021-04-10,8,B.1.1.7,0.5633302331,0.6359154582,0.48792678118,weekly,weighted,0.0,region_08
2021-04-17,8,B.1.1.7,0.60420256853,0.68360990286,0.51889163256,weekly,weighted,0.0,region_08
2021-04-24,8,B.1.1.7,0.61269110441,0.69321751595,0.5254958868,weekly,weighted,0.0,region_08
2021-05-01,8,B.1.1.7,0.76189279556,0.82850790024,0.67941403389,weekly,weighted,0.0,region_08
2021-05-08,8,B.1.1.7,0.75070315599,0.85616642237,0.60370433331,weekly,weighted,0.0,region_08
2021-05-15,8,B.1.1.7,0.67854940891,0.84949982166,0.44115975499,weekly,weighted,0.0,region_08
2021-05-22,8,B.1.1.7,0.69669228792,0.78327000141,0.59347915649,weekly,weighted,0.0,region_08
2021-05-29,8,B.1.1.7,0.57079601288,0.72633910179,0.39988899231,weekly,weighted,0.0,region_08
2021-06-05,8,B.1.1.7,0.55360978842,0.71004062891,0.38578897715,weekly,weighted,0.0,region_08
2021-06-12,8,B.1.1.7,0.34095472097,0.51008063555,0.20449832082,weekly,weighted,0.0,region_08
2021-06-19,8,B.1.1.7,0.22257897258,0.44538512826,0.09261921048,weekly,weighted,0.0,region_08
2021-06-26,8,B.1.1.7,0.12458039075,0.31817322969,0.04159364104,weekly,weighted,0.0,region_08
2021-07-03,8,B.1.1.7,0.0705165863,0.09721604735,0.05073776469,weekly,weighted,0.0,region_08
2021-07-10,8,B.1.1.7,0.05636842549,0.09337558597,0.0334864296,weekly,weighted,0.0,region_08
2021-07-17,8,B.1.1.7,0.02575575747,0.04491424561,0.01464415528,weekly,weighted,0.0,region_08
2021-07-24,8,B.1.1.7,0.02519801818,0.03484766558,0.01817014255,weekly,weighted,0.0,region_08
2021-01-30,8,B.1.2,0.42202633619,0.51383662224,0.33530631661,biweekly,weighted,0.0,region_08
2021-02-06,8,B.1.2,0.43172767757999997,0.5044649988400001,0.36220256984,biweekly,weighted,,region_08
2021-02-13,8,B.1.2,0.44142901897,0.49509337544,0.38909882307,biweekly,weighted,0.0,region_08
2021-02-20,8,B.1.2,0.40807819366,0.489818662405,0.332774981855,biweekly,weighted,,region_08
2021-02-27,8,B.1.2,0.37472736835,0.48454394937,0.27645114064,biweekly,weighted,0.0,region_08
2021-01-30,8,B.1.427,0.09595368803,0.22270745039,0.03783060238,biweekly,weighted,0.0,region_08
2021-02-06,8,B.1.427,0.07125441544,0.15255644545,0.031846228055,biweekly,weighted,,region_08
2021-02-13,8,B.1.427,0.04655514285,0.08240544051,0.02586185373,biweekly,weighted,0.0,region_08
2021-02-20,8,B.1.427,0.048288978635,0.115915928035,0.02069989685,biweekly,weighted,,region_08
2021-02-27,8,B.1.427,0.05002281442,0.14942641556,0.01553793997,biweekly,weighted,0.0,region_08
2021-01-30,8,B.1.429,0.0852850005,0.15694002807,0.04461460561,biweekly,weighted,0.0,region_08
2021-02-06,8,B.1.429,0.115548122675,0.177911899985,0.074829403315,biweekly,weighted,,region_08
2021-02-13,8,B.1.429,0.14581124485,0.1988837719,0.10504420102,biweekly,weighted,0.0,region_08
2021-02-20,8,B.1.429,0.16289572417999998,0.23310057819,0.11083969474,biweekly,weighted,,region_08
2021-02-27,8,B.1.429,0.17998020351,0.26731738448,0.11663518846,biweekly,weighted,0.0,region_08
2021-03-13,8,B.1.526,0.03264879063,0.08253462613,0.01250416134,weekly,weighted,0.0,region_08
2021-03-20,8,B.1.526,0.05777499452,0.08288677782,0.03993987292,weekly,weighted,0.0,region_08
2021-03-27,8,B.1.526,0.06544436514,0.1070439145,0.03929978982,weekly,weighted,0.0,region_08
2021-04-03,8,B.1.526,0.05469366908,0.10356023908,0.02816120908,weekly,weighted,0.0,region_08
2021-04-10,8,B.1.526,0.10211209208,0.14196503162,0.07250148058,weekly,weighted,0.0,region_08
2021-04-17,8,B.1.526,0.09818262607,0.15873961151,0.05910425261,weekly,weighted,0.0,region_08
2021-04-24,8,B.1.526,0.1317808181,0.18646721542,0.09133210778,weekly,weighted,0.0,region_08
2021-05-01,8,B.1.526,0.09056136757,0.10978548229,0.0744220987,weekly,weighted,0.0,region_08
2021-05-08,8,B.1.526,0.0973822996,0.21507672966,0.04074912518,weekly,weighted,0.0,region_08
2021-05-15,8,B.1.526,0.08081939816,0.15715485811,0.03981127217,weekly,weighted,0.0,region_08
2021-05-22,8,B.1.526,0.08950937539,0.14158779383,0.05535114184,weekly,weighted,0.0,region_08
2021-05-29,8,B.1.526,0.06487018615,0.10973645002,0.03757350519,weekly,weighted,0.0,region_08
2021-06-05,8,B.1.526,0.05057718605,0.11900337785,0.02057668567,weekly,weighted,0.0,region_08
2021-06-12,8,B.1.526,0.0236416813,0.10778335482,0.00483007776,weekly,weighted,0.0,region_08
2021-06-19,8,B.1.526,0.020809018985,0.0872442265975,0.005090675785,weekly,weighted,,region_08
2021-06-26,8,B.1.526,0.01797635667,0.066705098375,0.0053512738099999995,weekly,weighted,,region_08
2021-07-03,8,B.1.526,0.015143694355,0.0461659701525,0.005611871835,weekly,weighted,,region_08
2021-07-10,8,B.1.526,0.01231103204,0.02562684193,0.00587246986,weekly,weighted,0.0,region_08
2021-04-24,8,B.1.617.2,0.01767002046,0.03007359616,0.01032771356,weekly,weighted,0.0,region_08
2021-05-01,8,B.1.617.2,0.01519950945,0.02691829577,0.00853769388,weekly,weighted,0.0,region_08
2021-05-08,8,B.1.617.2,0.02785411663,0.04819794372,0.01595326886,weekly,weighted,0.0,region_08
2021-05-15,8,B.1.617.2,0.07476075739,0.13771013916,0.03927583247,weekly,weighted,0.0,region_08
2021-05-22,8,B.1.617.2,0.07713420689,0.12823104858,0.0453392379,weekly,weighted,0.0,region_08
2021-05-29,8,B.1.617.2,0.21085549891,0.358535707,0.11326384544,weekly,weighted,0.0,region_08
2021-06-05,8,B.1.617.2,0.31935629249,0.50059658289,0.18007351458,weekly,weighted,0.0,region_08
2021-06-12,8,B.1.617.2,0.52595925331,0.63952869177,0.40963891149,weekly,weighted,0.0,region_08
2021-06-19,8,B.1.617.2,0.63061791658,0.7989308238,0.42314201593,weekly,weighted,0.0,region_08
2021-06-26,8,B.1.617.2,0.77722936869,0.87832063437,0.62774699926,weekly,weighted,0.0,region_08
2021-07-03,8,B.1.617.2,0.82822489738,0.87284523249,0.7720361948,weekly,weighted,0.0,region_08
2021-07-10,8,B.1.617.2,0.8490511179,0.88892889023,0.79810780287,weekly,weighted,0.0,region_08
2021-07-17,8,B.1.617.2,0.89301377535,0.933355093,0.83263194561,weekly,weighted,0.0,region_08
2021-07-24,8,B.1.617.2,0.89342600107,0.94136673212,0.8140308857,weekly,weighted,0.0,region_08
2021-07-31,8,B.1.617.2,0.93599450588,0.98099446297,0.80556488037,weekly,weighted,0.0,region_08
2021-05-22,8,B.1.621,0.03038833663,0.21112677455,0.00365671492,weekly,weighted,0.0,region_08
2021-05-29,8,B.1.621,0.02843322791,0.19264638424,0.00357646449,weekly,weighted,0.0,region_08
2021-06-05,8,B.1.621,0.027265917818333332,0.16615775413833334,0.005240041688333333,weekly,weighted,,region_08
2021-06-12,8,B.1.621,0.026098607726666667,0.13966912403666668,0.0069036188866666666,weekly,weighted,,region_08
2021-06-19,8,B.1.621,0.024931297635000002,0.113180493935,0.008567196085,weekly,weighted,,region_08
2021-06-26,8,B.1.621,0.023763987543333333,0.08669186383333334,0.010230773283333333,weekly,weighted,,region_08
2021-07-03,8,B.1.621,0.022596677451666665,0.06020323373166668,0.011894350481666666,weekly,weighted,,region_08
2021-07-10,8,B.1.621,0.02142936736,0.03371460363,0.01355792768,weekly,weighted,0.0,region_08
2021-01-30,8,Other,0.30483990908,0.46988743544,0.17826969922,biweekly,weighted,0.0,region_08
2021-02-06,8,Other,0.28777448833,0.409151002765,0.19157714397,biweekly,weighted,,region_08
2021-02-13,8,Other,0.27070906758,0.34841457009,0.20488458872,biweekly,weighted,0.0,region_08
2021-02-20,8,Other,0.238968931135,0.34203122556,0.162008456885,biweekly,weighted,,region_08
2021-02-27,8,Other,0.20722879469,0.33564788103,0.11913232505,biweekly,weighted,0.0,region_08
2021-03-06,8,Other,0.7777402401,0.82784891129,0.71801435947,weekly,weighted,0.0,region_08
2021-03-13,8,Other,0.7803979516,0.90816265345,0.56083953381,weekly,weighted,0.0,region_08
2021-03-20,8,Other,0.6506524086,0.77885967493,0.49619585276,weekly,weighted,0.0,region_08
2021-03-27,8,Other,0.4842274487,0.57212227583,0.39729771018,weekly,weighted,0.0,region_08
2021-04-03,8,Other,0.39993926883,0.52933484316,0.28314578533,weekly,weighted,0.0,region_08
2021-04-10,8,Other,0.29456630349,0.38189586997,0.22009578347,weekly,weighted,0.0,region_08
2021-04-17,8,Other,0.25161802769,0.33902525902,0.18058905005,weekly,weighted,0.0,region_08
2021-04-24,8,Other,0.16790996492,0.23604683578,0.11644349247,weekly,weighted,0.0,region_08
2021-05-01,8,Other,0.08075216413,0.1747623384,0.03515849635,weekly,weighted,0.0,region_08
2021-05-08,8,Other,0.08397161961,0.18297502398,0.03616540134,weekly,weighted,0.0,region_08
2021-05-15,8,Other,0.09375676513,0.25027126074,0.03106722422,weekly,weighted,0.0,region_08
2021-05-22,8,Other,0.03766313568,0.09666907787,0.01411126368,weekly,weighted,0.0,region_08
2021-05-29,8,Other,0.08358807117,0.26612195373,0.02242842875,weekly,weighted,0.0,region_08
2021-06-05,8,Other,0.02962629497,0.0677581951,0.01266220026,weekly,weighted,0.0,region_08
2021-04-10,8,P.1,0.01637329534,0.0369284153,0.00717434892,weekly,weighted,0.0,region_08
2021-04-17,8,P.1,0.03382068872,0.07856475562,0.01416738518,weekly,weighted,0.0,region_08
2021-04-24,8,P.1,0.04077268019,0.08351748437,0.01944088563,weekly,weighted,0.0,region_08
2021-05-01,8,P.1,0.03542453423,0.04998176917,0.0249955561,weekly,weighted,0.0,region_08
2021-05-08,8,P.1,0.02203605138,0.05273261666,0.00903799571,weekly,weighted,0.0,region_08
2021-05-15,8,P.1,0.03103959933,0.0641496107,0.01474956237,weekly,weighted,0.0,region_08
2021-05-22,8,P.1,0.05765975639,0.15203306079,0.02045481279,weekly,weighted,0.0,region_08
2021-05-29,8,P.1,0.02769085206,0.07582286745,0.00978918653,weekly,weighted,0.0,region_08
2021-06-05,8,P.1,0.037727423945000005,0.07926976308,0.018466512205,weekly,weighted,,region_08
2021-06-12,8,P.1,0.04776399583,0.08271665871,0.02714383788,weekly,weighted,0.0,region_08
2021-06-19,8,P.1,0.0414384827,0.09656654298,0.01718342304,weekly,weighted,0.0,region_08
2021-06-26,8,P.1,0.03816630691,0.05478635803,0.02644706331,weekly,weighted,0.0,region_08
2021-07-03,8,P.1,0.03698638082,0.06064815447,0.02233669162,weekly,weighted,0.0,region_08
2021-07-10,8,P.1,0.01897867024,0.03451371938,0.01036109775,weekly,weighted,0.0,region_08
2021-07-17,8,P.1,0.01107475348,0.02709735185,0.00448262691,weekly,weighted,0.0,region_08
2021-03-20,9,A.2.5,0.00284433574,0.00858636759,0.00093858462,weekly,weighted,0.0,region_09
2021-03-27,9,A.2.5,0.003883683142,0.009520007854,0.0018212569,weekly,weighted,,region_09
2021-04-03,9,A.2.5,0.004923030544,0.010453648118,0.00270392918,weekly,weighted,,region_09
2021-04-10,9,A.2.5,0.005962377946,0.011387288382,0.00358660146,weekly,weighted,,region_09
2021-04-17,9,A.2.5,0.007001725348000001,0.012320928645999998,0.00446927374,weekly,weighted,,region_09
2021-04-24,9,A.2.5,0.00804107275,0.013254568909999999,0.00535194602,weekly,weighted,,region_09
2021-05-01,9,A.2.5,0.009080420152,0.014188209173999999,0.0062346183,weekly,weighted,,region_09
2021-05-08,9,A.2.5,0.010119767554,0.015121849437999999,0.0071172905799999995,weekly,weighted,,region_09
2021-05-15,9,A.2.5,0.011159114956000001,0.016055489702,0.00799996286,weekly,weighted,,region_09
2021-05-22,9,A.2.5,0.012198462358000001,0.016989129965999997,0.00888263514,weekly,weighted,,region_09
2021-05-29,9,A.2.5,0.01323780976,0.01792277023,0.00976530742,weekly,weighted,0.0,region_09
2021-06-05,9,A.2.5,0.012573511336666668,0.023153617976666666,0.0077450560266666656,weekly,weighted,,region_09
2021-06-12,9,A.2.5,0.011909212913333333,0.028384465723333332,0.005724804633333333,weekly,weighted,,region_09
2021-06-19,9,A.2.5,0.01124491449,0.03361531347,0.00370455324,weekly,weighted,0.0,region_09
2021-06-26,9,A.2.5,0.01433432568,0.15350919962,0.00116486871,weekly,weighted,0.0,region_09
2021-07-03,9,AY.1,0.00635727635,0.02924723178,0.0013568002,weekly,weighted,0.0,region_09
2021-07-10,9,AY.1,0.0051555559,0.01989359036,0.00132137607,weekly,weighted,0.0,region_09
2021-07-17,9,AY.1,0.00254918239,0.00787938759,0.00082173891,weekly,weighted,0.0,region_09
2021-07-24,9,AY.1,0.00284534204,0.00767769944,0.00105125667,weekly,weighted,0.0,region_09
2021-07-31,9,AY.1,0.00620353082,0.02649207786,0.00142983207,weekly,weighted,0.0,region_09
2021-05-29,9,AY.2,0.01398110203,0.08387687057,0.0021911459,weekly,weighted,0.0,region_09
2021-06-05,9,AY.2,0.06572462618,0.28158870339,0.0124685308,weekly,weighted,0.0,region_09
2021-06-12,9,AY.2,0.04408233613,0.11420410126,0.01622688398,weekly,weighted,0.0,region_09
2021-06-19,9,AY.2,0.05696329102,0.16823707521,0.01771929301,weekly,weighted,0.0,region_09
2021-06-26,9,AY.2,0.04883739352,0.12297953665,0.0184536837,weekly,weighted,0.0,region_09
2021-07-03,9,AY.2,0.03790272027,0.06455041468,0.021997042,weekly,weighted,0.0,region_09
2021-07-10,9,AY.2,0.02991277538,0.06854897738,0.01275486592,weekly,weighted,0.0,region_09
2021-07-17,9,AY.2,0.0218900349,0.02582135983,0.01854586415,weekly,weighted,0.0,region_09
2021-07-24,9,AY.2,0.01586106978,0.03056508116,0.00817112811,weekly,weighted,0.0,region_09
2021-07-31,9,AY.2,0.00821770635,0.0189951174,0.0035331375,weekly,weighted,0.0,region_09
2021-06-26,9,AY.3,0.0090730153,0.0179897137,0.00455542468,weekly,weighted,0.0,region_09
2021-07-03,9,AY.3,0.01533963531,0.03414759785,0.00681768218,weekly,weighted,0.0,region_09
2021-07-10,9,AY.3,0.03750848025,0.05391251668,0.02595877461,weekly,weighted,0.0,region_09
2021-07-17,9,AY.3,0.02834687755,0.03392811492,0.02366127633,weekly,weighted,0.0,region_09
2021-07-24,9,AY.3,0.03435765579,0.04375930876,0.02691907808,weekly,weighted,0.0,region_09
2021-07-31,9,AY.3,0.04715136439,0.09606605768,0.02252237685,weekly,weighted,0.0,region_09
2021-01-30,9,B.1,0.04019999877,0.06067300215,0.02644078061,biweekly,weighted,0.0,region_09
2021-02-06,9,B.1,0.030660566875000003,0.0445198128,0.021068597215,biweekly,weighted,,region_09
2021-02-13,9,B.1,0.02112113498,0.02836662345,0.01569641382,biweekly,weighted,0.0,region_09
2021-02-20,9,B.1,0.021664605475,0.032483174465,0.014546596915000001,biweekly,weighted,,region_09
2021-02-27,9,B.1,0.02220807597,0.03659972548,0.01339678001,biweekly,weighted,0.0,region_09
2021-01-30,9,B.1.1.519,0.0198738724,0.03419539705,0.01147911884,biweekly,weighted,0.0,region_09
2021-02-06,9,B.1.1.519,0.02579285018,0.037085443735,0.018295426854999998,biweekly,weighted,,region_09
2021-02-13,9,B.1.1.519,0.03171182796,0.03997549042,0.02511173487,biweekly,weighted,0.0,region_09
2021-02-20,9,B.1.1.519,0.035555586215000004,0.039968444035,0.03197830543,biweekly,weighted,,region_09
2021-02-27,9,B.1.1.519,0.03939934447,0.03996139765,0.03884487599,biweekly,weighted,0.0,region_09
2021-02-13,9,B.1.1.7,0.017245570195,0.023367803545000003,0.012706462755,biweekly,weighted,0.0,region_09
2021-02-20,9,B.1.1.7,0.032425188457500004,0.04335200973,0.024177530079999995,biweekly,weighted,,region_09
2021-02-27,9,B.1.1.7,0.047604806720000004,0.063336215915,0.035648597404999996,biweekly,weighted,0.0,region_09
2021-03-06,9,B.1.1.7,0.10256743431,0.12494736165,0.08381214738,weekly,weighted,0.0,region_09
2021-03-13,9,B.1.1.7,0.16608387232,0.27948835492,0.09276946634,weekly,weighted,0.0,region_09
2021-03-20,9,B.1.1.7,0.21281139553,0.25757488608,0.17400400341,weekly,weighted,0.0,region_09
2021-03-27,9,B.1.1.7,0.27442446351,0.30341285467,0.24722272158,weekly,weighted,0.0,region_09
2021-04-03,9,B.1.1.7,0.37964478135,0.47609487176,0.29184940457,weekly,weighted,0.0,region_09
2021-04-10,9,B.1.1.7,0.48327991366,0.55584317446,0.41141495109,weekly,weighted,0.0,region_09
2021-04-17,9,B.1.1.7,0.54460000992,0.61987674236,0.46722844243,weekly,weighted,0.0,region_09
2021-04-24,9,B.1.1.7,0.58073341846,0.68376559019,0.47014519572,weekly,weighted,0.0,region_09
2021-05-01,9,B.1.1.7,0.61307626963,0.69754010439,0.52121531963,weekly,weighted,0.0,region_09
2021-05-08,9,B.1.1.7,0.62237167358,0.72444987297,0.50815200806,weekly,weighted,0.0,region_09
2021-05-15,9,B.1.1.7,0.62194103003,0.64009451866,0.60343921185,weekly,weighted,0.0,region_09
2021-05-22,9,B.1.1.7,0.6514518261,0.75524789095,0.53097379208,weekly,weighted,0.0,region_09
2021-05-29,9,B.1.1.7,0.56682634354,0.62876158953,0.50273013115,weekly,weighted,0.0,region_09
2021-06-05,9,B.1.1.7,0.44904974103,0.52450919151,0.3758648932,weekly,weighted,0.0,region_09
2021-06-12,9,B.1.1.7,0.39668628573,0.45934298635,0.3372451365,weekly,weighted,0.0,region_09
2021-06-19,9,B.1.1.7,0.33798697591,0.44947701693,0.24199520051,weekly,weighted,0.0,region_09
2021-06-26,9,B.1.1.7,0.21937550604,0.29267770052,0.16027219594,weekly,weighted,0.0,region_09
2021-07-03,9,B.1.1.7,0.13231994212,0.19391196966,0.08815190196,weekly,weighted,0.0,region_09
2021-07-10,9,B.1.1.7,0.06267835945,0.07885742188,0.04963985085,weekly,weighted,0.0,region_09
2021-07-17,9,B.1.1.7,0.0307471063,0.0403254889,0.02338839881,weekly,weighted,0.0,region_09
2021-07-24,9,B.1.1.7,0.01357016433,0.01700202376,0.0108233979,weekly,weighted,0.0,region_09
2021-07-31,9,B.1.1.7,0.0067133517,0.02534847334,0.00175333547,weekly,weighted,0.0,region_09
2021-01-30,9,B.1.2,0.23221176863,0.32164332271,0.16171829402,biweekly,weighted,0.0,region_09
2021-02-06,9,B.1.2,0.21371140331,0.3192794323,0.13713115826,biweekly,weighted,,region_09
2021-02-13,9,B.1.2,0.19521103799,0.31691554189,0.1125440225,biweekly,weighted,0.0,region_09
2021-02-20,9,B.1.2,0.17535065114499998,0.27426695824,0.106817964465,biweekly,weighted,,region_09
2021-02-27,9,B.1.2,0.1554902643,0.23161837459,0.10109190643,biweekly,weighted,0.0,region_09
2021-03-27,9,B.1.351,0.00424418319,0.01375589054,0.00130080723,weekly,weighted,0.0,region_09
2021-04-03,9,B.1.351,0.01036247239,0.03153243661,0.00335615501,weekly,weighted,0.0,region_09
2021-04-10,9,B.1.351,0.00716376537,0.01295040455,0.00395242078,weekly,weighted,0.0,region_09
2021-04-17,9,B.1.351,0.0122958133,0.03158685938,0.00472885882,weekly,weighted,0.0,region_09
2021-04-24,9,B.1.351,0.00661381707,0.0180808045,0.00240149652,weekly,weighted,0.0,region_09
2021-05-01,9,B.1.351,0.01375917904,0.03808724135,0.00489154086,weekly,weighted,0.0,region_09
2021-05-08,9,B.1.351,0.01769763231,0.04215180874,0.00732198451,weekly,weighted,0.0,region_09
2021-01-30,9,B.1.427,0.141117572785,0.20044557005500002,0.09719448909,biweekly,weighted,0.0,region_09
2021-02-06,9,B.1.427,0.14347360655750002,0.2037097997975,0.0988295078275,biweekly,weighted,,region_09
2021-02-13,9,B.1.427,0.14582964033,0.20697402954,0.10046452656499999,biweekly,weighted,0.0,region_09
2021-02-20,9,B.1.427,0.15902043134,0.24539580196,0.09946020320249999,biweekly,weighted,,region_09
2021-02-27,9,B.1.427,0.17221122235,0.28381757438,0.09845587984,biweekly,weighted,0.0,region_09
2021-01-30,9,B.1.429,0.316208079455,0.467289850115,0.19597057253,biweekly,weighted,0.0,region_09
2021-02-06,9,B.1.429,0.34704825281999996,0.4784772396075,0.2368580587225,biweekly,weighted,,region_09
2021-02-13,9,B.1.429,0.37788842618499996,0.48966462909999997,0.277745544915,biweekly,weighted,0.0,region_09
2021-02-20,9,B.1.429,0.37091667950249996,0.473078913985,0.2791085764775,biweekly,weighted,,region_09
2021-02-27,9,B.1.429,0.36394493282,0.45649319887,0.28047160804,biweekly,weighted,0.0,region_09
2021-04-24,9,B.1.525,0.00530947093,0.02473421581,0.00112218305,weekly,weighted,0.0,region_09
2021-05-01,9,B.1.525,0.00470121531,0.02108439617,0.00103477936,weekly,weighted,0.0,region_09
2021-02-27,9,B.1.526,0.008117131885,0.015156201085000001,0.004335249775,biweekly,weighted,0.0,region_09
2021-03-06,9,B.1.526,0.01569682173,0.03751975298,0.00648146961,weekly,weighted,0.0,region_09
2021-03-13,9,B.1.526,0.0238263011,0.04772586375,0.01174722426,weekly,weighted,0.0,region_09
2021-03-20,9,B.1.526,0.04261134565,0.07040604949,0.02548849769,weekly,weighted,0.0,region_09
2021-03-27,9,B.1.526,0.05100699514,0.06522709131,0.03975516185,weekly,weighted,0.0,region_09
2021-04-03,9,B.1.526,0.06867748499,0.09079302847,0.05164290592,weekly,weighted,0.0,region_09
2021-04-10,9,B.1.526,0.08184146136,0.12635429204,0.05207516626,weekly,weighted,0.0,region_09
2021-04-17,9,B.1.526,0.07403386384,0.09677129239,0.05630579591,weekly,weighted,0.0,region_09
2021-04-24,9,B.1.526,0.07901773602,0.09821922332,0.06330654025,weekly,weighted,0.0,region_09
2021-05-01,9,B.1.526,0.08424672484,0.09662695974,0.07332395762,weekly,weighted,0.0,region_09
2021-05-08,9,B.1.526,0.11127199233,0.14480879903,0.0847325474,weekly,weighted,0.0,region_09
2021-05-15,9,B.1.526,0.09966892004,0.15362770855,0.06324591488,weekly,weighted,0.0,region_09
2021-05-22,9,B.1.526,0.071027942,0.27986803651,0.01481930446,weekly,weighted,0.0,region_09
2021-05-29,9,B.1.526,0.05797054619,0.11619263887,0.02799830958,weekly,weighted,0.0,region_09
2021-06-05,9,B.1.526,0.06507114321,0.11450131238,0.03610977903,weekly,weighted,0.0,region_09
2021-06-12,9,B.1.526,0.05274314433,0.06729226559,0.04120070487,weekly,weighted,0.0,region_09
2021-06-19,9,B.1.526,0.03441001847,0.07333680242,0.01579321735,weekly,weighted,0.0,region_09
2021-06-26,9,B.1.526,0.02598035708,0.09392598271,0.00681651244,weekly,weighted,0.0,region_09
2021-07-03,9,B.1.526,0.02438992448,0.05808393285,0.01003333088,weekly,weighted,0.0,region_09
2021-07-10,9,B.1.526,0.01027406659,0.01875408739,0.00560654141,weekly,weighted,0.0,region_09
2021-07-17,9,B.1.526,0.0066104955,0.01254945993,0.00347223086,weekly,weighted,0.0,region_09
2021-07-24,9,B.1.526,0.00282312417,0.00490022544,0.00162502425,weekly,weighted,0.0,region_09
2021-04-17,9,B.1.617.1,0.00487891631,0.00813382026,0.00292268652,weekly,weighted,0.0,region_09
2021-04-17,9,B.1.617.2,0.01155459415,0.04475399107,0.00290818908,weekly,weighted,0.0,region_09
2021-04-24,9,B.1.617.2,0.01225262508,0.05623620003,0.00257569132,weekly,weighted,0.0,region_09
2021-05-01,9,B.1.617.2,0.02216706425,0.05166624486,0.00934466999,weekly,weighted,0.0,region_09
2021-05-08,9,B.1.617.2,0.02505627647,0.10050990433,0.00587627292,weekly,weighted,0.0,region_09
2021-05-15,9,B.1.617.2,0.03820768744,0.0590034686,0.02455015667,weekly,weighted,0.0,region_09
2021-05-22,9,B.1.617.2,0.03642293438,0.06337168068,0.02068107948,weekly,weighted,0.0,region_09
2021-05-29,9,B.1.617.2,0.09435277432,0.13683657348,0.06407976896,weekly,weighted,0.0,region_09
2021-06-05,9,B.1.617.2,0.13895891607,0.20285391808,0.09284549952,weekly,weighted,0.0,region_09
2021-06-12,9,B.1.617.2,0.22070963681,0.3244830966,0.1430939734,weekly,weighted,0.0,region_09
2021-06-19,9,B.1.617.2,0.35665091872,0.45122128725,0.27207452059,weekly,weighted,0.0,region_09
2021-06-26,9,B.1.617.2,0.51701146364,0.64114135504,0.39074608684,weekly,weighted,0.0,region_09
2021-07-03,9,B.1.617.2,0.64754211903,0.7514551878,0.52750152349,weekly,weighted,0.0,region_09
2021-07-10,9,B.1.617.2,0.7709736228,0.79809659719,0.74138766527,weekly,weighted,0.0,region_09
2021-07-17,9,B.1.617.2,0.84216874838,0.87361615896,0.80464631319,weekly,weighted,0.0,region_09
2021-07-24,9,B.1.617.2,0.89387118816,0.90395432711,0.88286662102,weekly,weighted,0.0,region_09
2021-07-31,9,B.1.617.2,0.90325850248,0.94990581274,0.82134318352,weekly,weighted,0.0,region_09
2021-05-22,9,B.1.621,0.00792722777,0.04764922708,0.00127450866,weekly,weighted,0.0,region_09
2021-05-29,9,B.1.621,0.01554432884,0.02956459858,0.00811720733,weekly,weighted,0.0,region_09
2021-06-05,9,B.1.621,0.02977157198,0.05081138015,0.01728520729,weekly,weighted,0.0,region_09
2021-06-12,9,B.1.621,0.02003911138,0.05901514739,0.00662327092,weekly,weighted,0.0,region_09
2021-06-19,9,B.1.621,0.01910086535,0.03935382888,0.00917133223,weekly,weighted,0.0,region_09
2021-06-26,9,B.1.621,0.02373643033,0.04599368572,0.01211314276,weekly,weighted,0.0,region_09
2021-07-03,9,B.1.621,0.02313338965,0.04132128134,0.01284378953,weekly,weighted,0.0,region_09
2021-07-10,9,B.1.621,0.01801343635,0.01940594055,0.01671914943,weekly,weighted,0.0,region_09
2021-07-17,9,B.1.621,0.01355881523,0.02173967473,0.0084299678,weekly,weighted,0.0,region_09
2021-07-24,9,B.1.621,0.00867472682,0.02253227681,0.00331082637,weekly,weighted,0.0,region_09
2021-07-31,9,B.1.621,0.00988828298,0.06760154665,0.00137379288,weekly,weighted,0.0,region_09
2021-07-03,9,B.1.621.1,0.00944597553,0.02538575791,0.00347909541,weekly,weighted,0.0,region_09
2021-07-10,9,B.1.621.1,0.00774173625,0.01807709038,0.00329566095,weekly,weighted,0.0,region_09
2021-07-17,9,B.1.621.1,0.00720553659,0.02560814843,0.00200032163,weekly,weighted,0.0,region_09
2021-07-24,9,B.1.621.1,0.00473639788,0.00604333822,0.00371104316,weekly,weighted,0.0,region_09
2021-07-31,9,B.1.621.1,0.00428543007,0.03569539636,0.00050015416,weekly,weighted,0.0,region_09
2021-03-20,9,B.1.628,0.00739527307,0.02223116346,0.00243540271,weekly,weighted,0.0,region_09
2021-03-27,9,B.1.628,0.00814998616,0.01384584419,0.0047859,weekly,weighted,0.0,region_09
2021-04-03,9,B.1.628,0.00788663793,0.02761002816,0.00222059479,weekly,weighted,0.0,region_09
2021-04-10,9,B.1.628,0.00801669154,0.03036839329,0.00208095112,weekly,weighted,0.0,region_09
2021-04-17,9,B.1.628,0.00999316294,0.03880089521,0.0025177137,weekly,weighted,0.0,region_09
2021-04-24,9,B.1.628,0.01519978512,0.02836885862,0.00809299201,weekly,weighted,0.0,region_09
2021-05-01,9,B.1.628,0.00946011581,0.02525132336,0.00350857759,weekly,weighted,0.0,region_09
2021-05-08,9,B.1.628,0.01118508074,0.05847846344,0.00205583731,weekly,weighted,0.0,region_09
2021-05-15,9,B.1.628,0.01805994473,0.03662238643,0.00881993398,weekly,weighted,0.0,region_09
2021-05-22,9,B.1.628,0.02509222738,0.07595083863,0.00799516961,weekly,weighted,0.0,region_09
2021-05-29,9,B.1.628,0.02796785347,0.0752562806,0.01007024478,weekly,weighted,0.0,region_09
2021-06-05,9,B.1.628,0.02493168414,0.0659654364,0.00917229056,weekly,weighted,0.0,region_09
2021-06-12,9,B.1.628,0.02639452927,0.02983631194,0.02334022522,weekly,weighted,0.0,region_09
2021-06-19,9,B.1.628,0.0376797244,0.08857353032,0.01553087588,weekly,weighted,0.0,region_09
2021-06-26,9,B.1.628,0.01655826904,0.02404747531,0.0113742752,weekly,weighted,0.0,region_09
2021-07-03,9,B.1.628,0.01042682864,0.02557466552,0.00421224907,weekly,weighted,0.0,region_09
2021-07-10,9,B.1.628,0.00674979482,0.02469809726,0.00182032143,weekly,weighted,0.0,region_09
2021-07-17,9,B.1.628,0.00769441715,0.03666116297,0.00157742179,weekly,weighted,0.0,region_09
2021-07-24,9,B.1.628,0.00306746713,0.01292291749,0.00072261144,weekly,weighted,0.0,region_09
2021-07-31,9,B.1.628,0.00256996579,0.04034436122,0.00015788969,weekly,weighted,0.0,region_09
2021-01-30,9,Other,0.39152171463,0.5491502135999999,0.25080548227,biweekly,weighted,0.0,region_09
2021-02-06,9,Other,0.36149253323749997,0.5000797137624999,0.2375950887825,biweekly,weighted,,region_09
2021-02-13,9,Other,0.331463351845,0.451009213925,0.224384695295,biweekly,weighted,0.0,region_09
2021-02-20,9,Other,0.31308062002,0.45472289621999995,0.196271572265,biweekly,weighted,,region_09
2021-02-27,9,Other,0.294697888195,0.45843657851499997,0.168158449235,biweekly,weighted,0.0,region_09
2021-03-06,9,Other,0.87248319387,0.89938765764,0.83966684341,weekly,weighted,0.0,region_09
2021-03-13,9,Other,0.79113942385,0.84819799662,0.71972084045,weekly,weighted,0.0,region_09
2021-03-20,9,Other,0.71222192049,0.77745205164,0.63680428267,weekly,weighted,0.0,region_09
2021-03-27,9,Other,0.62484115362,0.65417098999,0.59456551075,weekly,weighted,0.0,region_09
2021-04-03,9,Other,0.47579669952,0.55025428534,0.40239977837,weekly,weighted,0.0,region_09
2021-04-10,9,Other,0.35976135731,0.43552792072,0.29039466381,weekly,weighted,0.0,region_09
2021-04-17,9,Other,0.26542386413,0.32398813963,0.2140930593,weekly,weighted,0.0,region_09
2021-04-24,9,Other,0.19485324621,0.2571643889,0.14469914138,weekly,weighted,0.0,region_09
2021-05-01,9,Other,0.15002527833,0.1721495986,0.13029679656,weekly,weighted,0.0,region_09
2021-05-08,9,Other,0.10741729289,0.1442334801,0.07912964374,weekly,weighted,0.0,region_09
2021-05-15,9,Other,0.09722708911,0.15057723224,0.06141250953,weekly,weighted,0.0,region_09
2021-05-22,9,Other,0.08836071193,0.16562701762,0.04518761486,weekly,weighted,0.0,region_09
2021-05-29,9,Other,0.06967702508,0.09083523601,0.05315902829,weekly,weighted,0.0,region_09
2021-06-05,9,Other,0.05508156121,0.06646592915,0.04555197433,weekly,weighted,0.0,region_09
2021-06-12,9,Other,0.04836087674,0.06558600068,0.03548784554,weekly,weighted,0.0,region_09
2021-06-19,9,Other,0.020540433,0.07551598549,0.00535518723,weekly,weighted,0.0,region_09
2021-06-26,9,Other,0.02058089152,0.03606995568,0.01166262571,weekly,weighted,0.0,region_09
2021-07-03,9,Other,0.01189343724,0.02059305832,0.00684332754,weekly,weighted,0.0,region_09
2021-07-10,9,Other,0.00779774925,0.01425825804,0.00425191224,weekly,weighted,0.0,region_09
2021-07-17,9,Other,0.01307213027,0.0261242222,0.00649757078,weekly,weighted,0.0,region_09
2021-07-24,9,Other,0.00694269221,0.02769514173,0.00171301619,weekly,weighted,0.0,region_09
2021-07-31,9,Other,0.004320479,0.01861419529,0.00099172047,weekly,weighted,0.0,region_09
2021-03-06,9,P.1,0.004022846,0.0135192927,0.00118901127,weekly,weighted,0.0,region_09
2021-03-13,9,P.1,0.00967401732,0.01787410676,0.00521589722,weekly,weighted,0.0,region_09
2021-03-20,9,P.1,0.01784924045,0.02155075781,0.01477389131,weekly,weighted,0.0,region_09
2021-03-27,9,P.1,0.0305010397,0.05556701869,0.0165441148,weekly,weighted,0.0,region_09
2021-04-03,9,P.1,0.04624180123,0.06686391681,0.03176344186,weekly,weighted,0.0,region_09
2021-04-10,9,P.1,0.0519294776,0.05699147284,0.04729454219,weekly,weighted,0.0,region_09
2021-04-17,9,P.1,0.07440922409,0.10383102298,0.05283295363,weekly,weighted,0.0,region_09
2021-04-24,9,P.1,0.09765291959,0.13904567063,0.06761472672,weekly,weighted,0.0,region_09
2021-05-01,9,P.1,0.09603802115,0.13291797042,0.06858156621,weekly,weighted,0.0,region_09
2021-05-08,9,P.1,0.09622222185,0.12449522316,0.07382860035,weekly,weighted,0.0,region_09
2021-05-15,9,P.1,0.10835076123,0.20422799885,0.05440684408,weekly,weighted,0.0,region_09
2021-05-22,9,P.1,0.11258261651,0.19136609137,0.06367931515,weekly,weighted,0.0,region_09
2021-05-29,9,P.1,0.13361813128,0.17792151868,0.0990177691,weekly,weighted,0.0,region_09
2021-06-05,9,P.1,0.15009008348,0.20914703608,0.1054848209,weekly,weighted,0.0,region_09
2021-06-12,9,P.1,0.17371790111,0.32203188539,0.0851335153,weekly,weighted,0.0,region_09
2021-06-19,9,P.1,0.11687911302,0.17698550224,0.07531750947,weekly,weighted,0.0,region_09
2021-06-26,9,P.1,0.09590859711,0.19450241327,0.04452941567,weekly,weighted,0.0,region_09
2021-07-03,9,P.1,0.07480809093,0.14224599302,0.03792832792,weekly,weighted,0.0,region_09
2021-07-10,9,P.1,0.04060824588,0.06703682989,0.02432717569,weekly,weighted,0.0,region_09
2021-07-17,9,P.1,0.02461916022,0.06649491191,0.00886460301,weekly,weighted,0.0,region_09
2021-07-24,9,P.1,0.01233135909,0.02319568768,0.00652165897,weekly,weighted,0.0,region_09
2021-07-31,9,P.1,0.00545396237,0.01146012917,0.00258734333,weekly,weighted,0.0,region_09
2021-07-10,10,AY.3,0.02746214718,0.11816196144,0.00591548532,weekly,weighted,0.0,region_10
2021-07-17,10,AY.3,0.0487303175,0.0746576041,0.03150060773,weekly,weighted,0.0,region_10
2021-07-24,10,AY.3,0.11529698223,0.56129473448,0.01310073305,weekly,weighted,0.0,region_10
2021-07-31,10,AY.3,0.06377112865,0.16953864694,0.02222159691,weekly,weighted,0.0,region_10
2021-02-27,10,B.1.1.519,0.04082997143,0.31721782684,0.00388508872,biweekly,weighted,0.0,region_10
2021-02-27,10,B.1.1.7,0.07935664058,0.332704246045,0.014659472275,biweekly,weighted,0.0,region_10
2021-03-06,10,B.1.1.7,0.12103059143,0.48088660836249997,0.0182201147525,biweekly,weighted,,region_10
2021-03-13,10,B.1.1.7,0.16270454228,0.62906897068,0.02178075723,weekly,weighted,0.0,region_10
2021-03-20,10,B.1.1.7,0.25257360935,0.36517548561,0.16563342512,weekly,weighted,0.0,region_10
2021-03-27,10,B.1.1.7,0.27079632878,0.43822550774,0.15022911131,weekly,weighted,0.0,region_10
2021-04-03,10,B.1.1.7,0.29843339324,0.49296990037,0.15690807998,weekly,weighted,0.0,region_10
2021-04-10,10,B.1.1.7,0.43047097325,0.59835344553,0.27718487382,weekly,weighted,0.0,region_10
2021-04-17,10,B.1.1.7,0.44389289618,0.60885202885,0.2904407382,weekly,weighted,0.0,region_10
2021-04-24,10,B.1.1.7,0.49544012547,0.58556956053,0.40560606122,weekly,weighted,0.0,region_10
2021-05-01,10,B.1.1.7,0.56250393391,0.65703988075,0.46319928765,weekly,weighted,0.0,region_10
2021-05-08,10,B.1.1.7,0.60715526342,0.77047872543,0.41574248672,weekly,weighted,0.0,region_10
2021-05-15,10,B.1.1.7,0.59770768881,0.77015966177,0.39714691043,weekly,weighted,0.0,region_10
2021-05-22,10,B.1.1.7,0.52796643972,0.72904884815,0.31738039851,weekly,weighted,0.0,region_10
2021-05-29,10,B.1.1.7,0.49766781926,0.58235222101,0.41311702132,weekly,weighted,0.0,region_10
2021-06-05,10,B.1.1.7,0.50081890821,0.58876019716,0.41282689571,weekly,weighted,0.0,region_10
2021-06-12,10,B.1.1.7,0.53968948126,0.766015172,0.29572048783,weekly,weighted,0.0,region_10
2021-06-19,10,B.1.1.7,0.49769875407,0.70873880386,0.28747549653,weekly,weighted,0.0,region_10
2021-06-26,10,B.1.1.7,0.37911701202,0.55127596855,0.23282583058,weekly,weighted,0.0,region_10
2021-07-03,10,B.1.1.7,0.25980329514,0.4687229991,0.12252744287,weekly,weighted,0.0,region_10
2021-07-10,10,B.1.1.7,0.15188251436,0.35743317008,0.05451091751,weekly,weighted,0.0,region_10
2021-07-17,10,B.1.1.7,0.07790192962,0.33989426494,0.01367203705,weekly,weighted,0.0,region_10
2021-07-24,10,B.1.1.7,0.03372025862,0.16420793533,0.00616022386,weekly,weighted,0.0,region_10
2021-01-30,10,B.1.2,0.44894167781,0.72871077061,0.19813580811,biweekly,weighted,0.0,region_10
2021-02-06,10,B.1.2,0.40810169279499997,0.624172717335,0.2178080678,biweekly,weighted,,region_10
2021-02-13,10,B.1.2,0.36726170778,0.51963466406,0.23748032749,biweekly,weighted,0.0,region_10
2021-02-20,10,B.1.2,0.34410558641,0.517732828855,0.20540796965500002,biweekly,weighted,,region_10
2021-02-27,10,B.1.2,0.32094946504,0.51583099365,0.17333561182,biweekly,weighted,0.0,region_10
2021-04-10,10,B.1.351,0.02457069419,0.17380698025,0.00300711207,weekly,weighted,0.0,region_10
2021-04-17,10,B.1.351,0.02237916458,0.11797802336499999,0.004686148835,weekly,weighted,,region_10
2021-04-24,10,B.1.351,0.02018763497,0.06214906648,0.0063651856,weekly,weighted,0.0,region_10
2021-05-01,10,B.1.351,0.02925684489,0.0522454083,0.01621049456,weekly,weighted,0.0,region_10
2021-05-08,10,B.1.351,0.01455793809,0.03225354105,0.00650559692,weekly,weighted,0.0,region_10
2021-01-30,10,B.1.427,0.06299306452,0.18890710175,0.01903597824,biweekly,weighted,0.0,region_10
2021-02-06,10,B.1.427,0.09389797784250001,0.24719242751499998,0.031784585675,biweekly,weighted,,region_10
2021-02-13,10,B.1.427,0.124802891165,0.30547775328,0.044533193109999994,biweekly,weighted,0.0,region_10
2021-02-20,10,B.1.427,0.1249363254775,0.24197204411,0.0657019186775,biweekly,weighted,,region_10
2021-02-27,10,B.1.427,0.12506975979,0.17846633494,0.086870644245,biweekly,weighted,0.0,region_10
2021-01-30,10,B.1.429,0.094111964105,0.16770042479,0.050902994349999994,biweekly,weighted,0.0,region_10
2021-02-06,10,B.1.429,0.1421509496875,0.23621714115000003,0.08148510661,biweekly,weighted,,region_10
2021-02-13,10,B.1.429,0.19018993527,0.30473385751000004,0.11206721887000001,biweekly,weighted,0.0,region_10
2021-02-20,10,B.1.429,0.187650807205,0.29430717229750003,0.115288078785,biweekly,weighted,,region_10
2021-02-27,10,B.1.429,0.18511167913999999,0.283880487085,0.1185089387,biweekly,weighted,0.0,region_10
2021-04-03,10,B.1.526,0.07204050571,0.1553697139,0.03172449768,weekly,weighted,0.0,region_10
2021-04-10,10,B.1.526,0.06607060879,0.09734076262,0.04435222596,weekly,weighted,0.0,region_10
2021-04-17,10,B.1.526,0.02913333476,0.17241893709,0.00430342089,weekly,weighted,0.0,region_10
2021-04-24,10,B.1.526,0.04469584674,0.20295086503,0.00852368772,weekly,weighted,0.0,region_10
2021-05-01,10,B.1.526,0.05935418233,0.1810991168,0.01768544316,weekly,weighted,0.0,region_10
2021-05-08,10,B.1.526,0.0614820905,0.16725645959,0.02091985941,weekly,weighted,0.0,region_10
2021-05-15,10,B.1.526,0.06604297459,0.16268914938,0.02508951724,weekly,weighted,0.0,region_10
2021-05-22,10,B.1.526,0.08345047385,0.12769292295,0.05359512195,weekly,weighted,0.0,region_10
2021-05-29,10,B.1.526,0.08809392154,0.11514975876,0.0669144392,weekly,weighted,0.0,region_10
2021-06-05,10,B.1.526,0.11607464403,0.23527047038,0.05307610705,weekly,weighted,0.0,region_10
2021-06-12,10,B.1.526,0.11283170432,0.15233515203,0.08257436007,weekly,weighted,0.0,region_10
2021-06-19,10,B.1.526,0.09819673002,0.19061645865,0.04793272167,weekly,weighted,0.0,region_10
2021-06-26,10,B.1.526,0.07758709043,0.27899131179,0.01795597561,weekly,weighted,0.0,region_10
2021-07-03,10,B.1.526,0.06246207654,0.14089624584,0.02635139413,weekly,weighted,0.0,region_10
2021-07-10,10,B.1.526,0.02020024508,0.03803545982,0.01063568052,weekly,weighted,0.0,region_10
2021-05-08,10,B.1.617.2,0.0122716492,0.09436051548,0.0014792888,weekly,weighted,0.0,region_10
2021-05-15,10,B.1.617.2,0.01889911853,0.13876189291,0.00229778653,weekly,weighted,0.0,region_10
2021-05-22,10,B.1.617.2,0.02283519693,0.21010662615,0.00204885844,weekly,weighted,0.0,region_10
2021-05-29,10,B.1.617.2,0.03814875335,0.11237545311,0.01227269042,weekly,weighted,0.0,region_10
2021-06-05,10,B.1.617.2,0.08383726329,0.27714580297,0.02137411013,weekly,weighted,0.0,region_10
2021-06-12,10,B.1.617.2,0.11077687144,0.46698486805,0.01740554906,weekly,weighted,0.0,region_10
2021-06-19,10,B.1.617.2,0.16701893508,0.43931925297,0.04880519956,weekly,weighted,0.0,region_10
2021-06-26,10,B.1.617.2,0.3117262125,0.74212646484,0.06653513014,weekly,weighted,0.0,region_10
2021-07-03,10,B.1.617.2,0.52373713255,0.73564428091,0.3029242456,weekly,weighted,0.0,region_10
2021-07-10,10,B.1.617.2,0.6742901206,0.83627104759,0.45625367761,weekly,weighted,0.0,region_10
2021-07-17,10,B.1.617.2,0.76675665379,0.8644540906,0.62887340784,weekly,weighted,0.0,region_10
2021-07-24,10,B.1.617.2,0.80228829384,0.94862109423,0.47141474485,weekly,weighted,0.0,region_10
2021-07-31,10,B.1.617.2,0.89055252075,0.96360170841,0.71435660124,weekly,weighted,0.0,region_10
2021-06-26,10,B.1.621,0.02358316816,0.110280402,0.00468435138,weekly,weighted,0.0,region_10
2021-07-03,10,B.1.621,0.036194776185,0.20163044706,0.00549883395,weekly,weighted,,region_10
2021-07-10,10,B.1.621,0.04880638421,0.29298049212,0.00631331652,weekly,weighted,0.0,region_10
2021-07-17,10,B.1.621,0.03906169161,0.21618895233,0.00595518108,weekly,weighted,0.0,region_10
2021-07-24,10,B.1.621,0.01108421292,0.0325287804,0.00372255989,weekly,weighted,0.0,region_10
2021-07-31,10,B.1.621,0.012799263,0.10930523276,0.00136789412,weekly,weighted,0.0,region_10
2021-01-30,10,Other,0.570388585325,0.66750234365,0.44800119847000003,biweekly,weighted,0.0,region_10
2021-02-06,10,Other,0.519086830315,0.6315314173675001,0.41235851310250005,biweekly,weighted,,region_10
2021-02-13,10,Other,0.467785075305,0.5955604910850001,0.376715827735,biweekly,weighted,0.0,region_10
2021-02-20,10,Other,0.43948823585999996,0.6194278448825,0.3168134083975,biweekly,weighted,,region_10
2021-02-27,10,Other,0.41119139641499997,0.64329519868,0.25691098906,biweekly,weighted,0.0,region_10
2021-03-06,10,Other,0.96436345577,0.9886879921,0.89337414503,weekly,weighted,0.0,region_10
2021-03-13,10,Other,0.82348549366,0.96987456083,0.40335342288,weekly,weighted,0.0,region_10
2021-03-20,10,Other,0.73583543301,0.80817425251,0.64809554815,weekly,weighted,0.0,region_10
2021-03-27,10,Other,0.64800840616,0.82573729753,0.41699546576,weekly,weighted,0.0,region_10
2021-04-03,10,Other,0.58822083473,0.75174307823,0.4025863409,weekly,weighted,0.0,region_10
2021-04-10,10,Other,0.43451657891,0.65914946795,0.23390339315,weekly,weighted,0.0,region_10
2021-04-17,10,Other,0.43783038855,0.63094609976,0.26187968254,weekly,weighted,0.0,region_10
2021-04-24,10,Other,0.34827679396,0.51655399799,0.21090398729,weekly,weighted,0.0,region_10
2021-05-01,10,Other,0.229626894,0.32512030005,0.15571019053,weekly,weighted,0.0,region_10
2021-05-08,10,Other,0.20068831742,0.35043880343,0.10462267697,weekly,weighted,0.0,region_10
2021-05-15,10,Other,0.17030251026,0.41810455918,0.05538804457,weekly,weighted,0.0,region_10
2021-05-22,10,Other,0.13960497081,0.37178051472,0.04259197414,weekly,weighted,0.0,region_10
2021-05-29,10,Other,0.10157769918,0.18045212328,0.05487054959,weekly,weighted,0.0,region_10
2021-06-05,10,Other,0.04430395365,0.09068509936,0.02109427564,weekly,weighted,0.0,region_10
2021-06-12,10,Other,0.04498388618,0.06670229882,0.03010890447,weekly,weighted,0.0,region_10
2021-06-19,10,Other,0.0721635446,0.21089679003,0.02213281021,weekly,weighted,0.0,region_10
2021-06-26,10,Other,0.03770663589,0.29186448455,0.0037114264,weekly,weighted,0.0,region_10
2021-04-17,10,P.1,0.06359817833,0.20527359843,0.01754534431,weekly,weighted,0.0,region_10
2021-04-24,10,P.1,0.07377978414,0.1403657496,0.03740605712,weekly,weighted,0.0,region_10
2021-05-01,10,P.1,0.10677503049,0.14031156898,0.08050359786,weekly,weighted,0.0,region_10
2021-05-08,10,P.1,0.09729983658,0.19731676579,0.04512963444,weekly,weighted,0.0,region_10
2021-05-15,10,P.1,0.12884759903,0.16687698662,0.09846045077,weekly,weighted,0.0,region_10
2021-05-22,10,P.1,0.18975271285,0.26322239637,0.13308547437,weekly,weighted,0.0,region_10
2021-05-29,10,P.1,0.24014817178,0.32229092717,0.17357903719,weekly,weighted,0.0,region_10
2021-06-05,10,P.1,0.22017246485,0.43235638738,0.09474053234,weekly,weighted,0.0,region_10
2021-06-12,10,P.1,0.16608440876,0.25958949327,0.10163680464,weekly,weighted,0.0,region_10
2021-06-19,10,P.1,0.12854929268,0.22295092046,0.07049293071,weekly,weighted,0.0,region_10
2021-06-26,10,P.1,0.15982550383,0.45318132639,0.04183730856,weekly,weighted,0.0,region_10
2021-07-03,10,P.1,0.10341977328,0.20889538527,0.04797156528,weekly,weighted,0.0,region_10
2021-07-10,10,P.1,0.04850105196,0.13290175796,0.01666950621,weekly,weighted,0.0,region_10
2021-07-17,10,P.1,0.02247069962,0.14320789278,0.00315145636,weekly,weighted,0.0,region_10
2021-07-24,10,P.1,0.01465219539,0.04195974022,0.00502331229,weekly,weighted,0.0,region_10
2021-07-10,1,AY.3,0.06190950796,0.10054810718,0.03749991022,weekly,weighted,0.0,region_01
2021-07-17,1,AY.3,0.12081513554000001,0.226407684385,0.060611810535,weekly,weighted,0.0,region_01
2021-07-24,1,AY.3,0.086163606495,0.108916945755,0.067802757025,weekly,weighted,0.0,region_01
2021-07-31,1,AY.3,0.10895317048,0.16564679146,0.07003456354,weekly,weighted,0.0,region_01
2021-01-30,1,B.1,0.07895244434399999,0.127429167925,0.048436260408999995,biweekly,weighted,0.0,region_01
2021-02-06,1,B.1,0.069911549706,0.10376951750300001,0.0474492017175,biweekly,weighted,,region_01
2021-02-13,1,B.1,0.060870655068000004,0.080109867081,0.046462143026,biweekly,weighted,0.0,region_01
2021-02-20,1,B.1,0.0504101671285,0.070413239487,0.036316939351,biweekly,weighted,,region_01
2021-02-27,1,B.1,0.039949679189,0.060716611893,0.026171735676,biweekly,weighted,0.0,region_01
2021-02-13,1,B.1.1,0.01539897453,0.02588327229,0.00912168715,biweekly,weighted,0.0,region_01
2021-02-20,1,B.1.1,0.01105811866,0.02055532625,0.006035317315,biweekly,weighted,,region_01
2021-02-27,1,B.1.1,0.00671726279,0.01522738021,0.00294894748,biweekly,weighted,0.0,region_01
2021-02-13,1,B.1.1.519,0.01362541793888889,0.026653776153333333,0.006943634401111111,biweekly,weighted,0.0,region_01
2021-02-20,1,B.1.1.519,0.01773786027388889,0.030708770579444447,0.010310434736666667,biweekly,weighted,,region_01
2021-02-27,1,B.1.1.519,0.02185030260888889,0.03476376500555556,0.013677235072222222,biweekly,weighted,0.0,region_01
2021-12-04,1,B.1.1.529,0.003286858886382979,0.005544468076382979,0.0017824963659574468,weekly,weighted,0.0,region_01
2021-12-11,1,B.1.1.529,0.015509385444929578,0.021693241821267605,0.010711657945492958,weekly,weighted,0.0,region_01
2021-12-18,1,B.1.1.529,0.159594034936,0.21020238782728573,0.11700009618442857,weekly,weighted,0.0,region_01
2021-12-25,1,B.1.1.529,0.46677787969130435,0.525971711978116,0.40749172283275364,weekly,weighted,0.0,region_01
2022-01-01,1,B.1.1.529,0.6537141107460294,0.6959718211613235,0.6046541184189705,weekly,weighted,0.0,region_01
2022-01-08,1,B.1.1.529,0.6805382944755224,0.6992552035783582,0.6596886822537313,weekly,weighted,0.0,region_01
2022-01-15,1,B.1.1.529,0.6722279764823881,0.6877160797371642,0.6554491764580597,weekly,weighted,0.0,region_01
2022-01-22,1,B.1.1.529,0.6469145877796969,0.6606124910442424,0.632507644820303,weekly,weighted,0.0,region_01
2022-01-29,1,B.1.1.529,0.63044067285875,0.6441647312604688,0.6168668209575,weekly,weighted,0.0,region_01
2022-02-05,1,B.1.1.529,0.591054296819375,0.6028084827125,0.5787240006032812,weekly,weighted,0.0,region_01
2022-02-12,1,B.1.1.529,0.5506364223026984,0.5877269740612698,0.49770339661142854,weekly,weighted,0.0,region_01
2022-02-19,1,B.1.1.529,0.49761300221483873,0.5462408217216129,0.4463604074572581,weekly,weighted,0.0,region_01
2022-02-26,1,B.1.1.529,0.46308647633606553,0.49629392071852463,0.4233253672722951,weekly,weighted,0.0,region_01
2022-03-05,1,B.1.1.529,0.4117609606436667,0.44756780316416667,0.3729375882695,weekly,weighted,0.0,region_01
2022-03-12,1,B.1.1.529,0.29980122121220343,0.33965179993491523,0.26253996972593224,weekly,weighted,0.0,region_01
2022-03-19,1,B.1.1.529,0.2157052985296552,0.2537625205927586,0.18175859701120692,weekly,weighted,0.0,region_01
2022-03-26,1,B.1.1.529,0.1351600734091228,0.16221513546894736,0.11095279265649123,weekly,weighted,0.0,region_01
2022-04-02,1,B.1.1.529,0.21021608805136366,0.2617219063381818,0.16476158255954546,weekly,weighted,0.0,region_01
2022-04-09,1,B.1.1.529,0.11827144239619047,0.1499714248252381,0.09122210102523809,weekly,weighted,0.0,region_01
2022-04-16,1,B.1.1.529,0.06357550658149999,0.08191937171,0.0484692001715,weekly,weighted,0.0,region_01
2022-04-23,1,B.1.1.529,0.03707992226631579,0.050958670872631576,0.026250322594210528,weekly,weighted,0.0,region_01
2022-04-30,1,B.1.1.529,0.017216821474705882,0.02666632634,0.010456909534117646,weekly,weighted,0.0,region_01
2022-05-07,1,B.1.1.529,0.005174417944615385,0.009135187386923076,0.002629453727692308,weekly,weighted,0.0,region_01
2022-05-14,1,B.1.1.529,0.00683649922,0.011698160652857142,0.00363782519,weekly,weighted,0.0,region_01
2021-02-13,1,B.1.1.7,0.034757880494166664,0.05577912771333333,0.021492538507500002,biweekly,weighted,0.0,region_01
2021-02-20,1,B.1.1.7,0.07450822802833335,0.11610197011958334,0.046810341145,biweekly,weighted,,region_01
2021-02-27,1,B.1.1.7,0.1142585755625,0.17642481252583334,0.0721281437825,biweekly,weighted,0.0,region_01
2021-03-06,1,B.1.1.7,0.170923769474,0.238584023714,0.119496196506,weekly,weighted,0.0,region_01
2021-03-13,1,B.1.1.7,0.25339758098200005,0.328538185358,0.19057198763,weekly,weighted,0.0,region_01
2021-03-20,1,B.1.1.7,0.33382473588,0.377747744324,0.292667001486,weekly,weighted,0.0,region_01
2021-03-27,1,B.1.1.7,0.382066750526,0.47507273554800006,0.296679371596,weekly,weighted,0.0,region_01
2021-04-03,1,B.1.1.7,0.417671525478,0.51886458993,0.322722285988,weekly,weighted,0.0,region_01
2021-04-10,1,B.1.1.7,0.45006122589,0.544159930944,0.358907067776,weekly,weighted,0.0,region_01
2021-04-17,1,B.1.1.7,0.49829559326399997,0.558471524716,0.43863159418,weekly,weighted,0.0,region_01
2021-04-24,1,B.1.1.7,0.511068511008,0.576613545418,0.445195943118,weekly,weighted,0.0,region_01
2021-05-01,1,B.1.1.7,0.531718009712,0.58078482151,0.48196375369800004,weekly,weighted,0.0,region_01
2021-05-08,1,B.1.1.7,0.5233020101257143,0.5742556282457143,0.47167622617142857,weekly,weighted,0.0,region_01
2021-05-15,1,B.1.1.7,0.5140215092244445,0.563659429551111,0.4638347162144445,weekly,weighted,0.0,region_01
2021-05-22,1,B.1.1.7,0.552793794871,0.643313074111,0.45804896056699995,weekly,weighted,0.0,region_01
2021-05-29,1,B.1.1.7,0.43986481428199997,0.526848980784,0.357245233654,weekly,weighted,0.0,region_01
2021-06-05,1,B.1.1.7,0.44489555656899993,0.5835054934020001,0.31485321223699997,weekly,weighted,0.0,region_01
2021-06-12,1,B.1.1.7,0.39645495679666665,0.5217504931833333,0.28262163533,weekly,weighted,0.0,region_01
2021-06-19,1,B.1.1.7,0.25464296341000003,0.33851581480666665,0.1847543815777778,weekly,weighted,0.0,region_01
2021-06-26,1,B.1.1.7,0.14616526994444445,0.23539402418666666,0.08617323388777778,weekly,weighted,0.0,region_01
2021-07-03,1,B.1.1.7,0.14929648406,0.23947245710333334,0.08757860793222222,weekly,weighted,0.0,region_01
2021-07-10,1,B.1.1.7,0.08653440021166667,0.1430784433875,0.049783203699444445,weekly,weighted,,region_01
2021-07-17,1,B.1.1.7,0.023772316363333334,0.046684429671666666,0.011987799466666666,weekly,weighted,0.0,region_01
2021-01-30,1,B.1.2,0.3202540837225,0.44786415994375,0.21499132365125,biweekly,weighted,0.0,region_01
2021-02-06,1,B.1.2,0.3081584461025,0.430295478553125,0.208018501290625,biweekly,weighted,,region_01
2021-02-13,1,B.1.2,0.2960628084825,0.4127267971625,0.20104567893,biweekly,weighted,0.0,region_01
2021-02-20,1,B.1.2,0.273479877038125,0.38818053528624996,0.18256976082937498,biweekly,weighted,,region_01
2021-02-27,1,B.1.2,0.25089694559375,0.36363427341,0.16409384272875,biweekly,weighted,0.0,region_01
2021-02-27,1,B.1.351,0.00624623731875,0.0180714,0.0021525761975,biweekly,weighted,0.0,region_01
2021-03-06,1,B.1.351,0.006505600293958334,0.0181951023,0.0023295995729166667,biweekly,weighted,,region_01
2021-03-13,1,B.1.351,0.006764963269166667,0.018318804600000002,0.0025066229483333333,biweekly,weighted,,region_01
2021-03-20,1,B.1.351,0.007024326244375,0.018442506900000002,0.0026836463237500004,biweekly,weighted,,region_01
2021-03-27,1,B.1.351,0.007283689219583334,0.0185662092,0.002860669699166667,biweekly,weighted,,region_01
2021-04-03,1,B.1.351,0.007543052194791667,0.0186899115,0.0030376930745833336,biweekly,weighted,,region_01
2021-04-10,1,B.1.351,0.00780241517,0.0188136138,0.00321471645,weekly,weighted,0.0,region_01
2021-04-17,1,B.1.351,0.00552501809,0.02231933735,0.00135023263,weekly,weighted,0.0,region_01
2021-02-13,1,B.1.427,0.011456696471666666,0.02860429339833333,0.0045783125875,biweekly,weighted,0.0,region_01
2021-02-20,1,B.1.427,0.01148319419,0.0232301274475,0.006003404172083334,biweekly,weighted,,region_01
2021-02-27,1,B.1.427,0.011509691908333335,0.017855961496666666,0.007428495756666667,biweekly,weighted,0.0,region_01
2021-03-06,1,B.1.427,0.02058517374,0.05344963446,0.00776229985,weekly,weighted,0.0,region_01
2021-03-13,1,B.1.427,0.01079151034,0.01557966787,0.00746375788,weekly,weighted,0.0,region_01
2021-03-20,1,B.1.427,0.01689125411,0.03785854205,0.00744645623,weekly,weighted,0.0,region_01
2021-03-27,1,B.1.427,0.01342244726,0.02407368645,0.00744781224,weekly,weighted,0.0,region_01
2021-04-03,1,B.1.427,0.00707971444,0.02279002406,0.00217520446,weekly,weighted,0.0,region_01
2021-04-10,1,B.1.427,0.0075046278050000005,0.01848090766,0.00329984003,weekly,weighted,,region_01
2021-04-17,1,B.1.427,0.00792954117,0.01417179126,0.0044244756,weekly,weighted,0.0,region_01
2021-04-24,1,B.1.427,0.0045286282,0.02309311554,0.00087471452,weekly,weighted,0.0,region_01
2021-05-01,1,B.1.427,0.00222436385,0.00867983792,0.00056728564,weekly,weighted,0.0,region_01
2021-01-30,1,B.1.429,0.03816493569583334,0.10206660876666666,0.0137988353775,biweekly,weighted,0.0,region_01
2021-02-06,1,B.1.429,0.030601009805000003,0.07043093768958333,0.0137352977175,biweekly,weighted,,region_01
2021-02-13,1,B.1.429,0.02303708391416667,0.0387952666125,0.013671760057500001,biweekly,weighted,0.0,region_01
2021-02-20,1,B.1.429,0.027013901465833337,0.042360109433333334,0.017242905954583332,biweekly,weighted,,region_01
2021-02-27,1,B.1.429,0.0309907190175,0.04592495225416667,0.020814051851666664,biweekly,weighted,0.0,region_01
2021-03-06,1,B.1.429,0.0560397692,0.09416311234,0.03279247135,weekly,weighted,0.0,region_01
2021-03-13,1,B.1.429,0.03939355165,0.06819021702,0.02246451378,weekly,weighted,0.0,region_01
2021-03-20,1,B.1.429,0.03181044385,0.06162616983,0.01617144421,weekly,weighted,0.0,region_01
2021-03-27,1,B.1.429,0.02741702273,0.05427141488,0.01365871541,weekly,weighted,0.0,region_01
2021-04-03,1,B.1.429,0.02706900239,0.07485375553,0.00947637204,weekly,weighted,0.0,region_01
2021-04-10,1,B.1.429,0.01234175917,0.04329367355,0.00343873701,weekly,weighted,0.0,region_01
2021-04-17,1,B.1.429,0.01461303607,0.03621449322,0.00581876514,weekly,weighted,0.0,region_01
2021-04-24,1,B.1.429,0.01157315541,0.02086303197,0.00639286079,weekly,weighted,0.0,region_01
2021-05-01,1,B.1.429,0.00848461129,0.03124836832,0.00226498512,weekly,weighted,0.0,region_01
2021-02-13,1,B.1.525,0.0107926419,0.03035757318,0.00378771545,biweekly,weighted,0.0,region_01
2021-02-20,1,B.1.525,0.0090914430525,0.056550776275,0.0022009423849999998,biweekly,weighted,,region_01
2021-02-27,1,B.1.525,0.007390244205,0.08274397937,0.00061416932,biweekly,weighted,0.0,region_01
2021-03-06,1,B.1.525,0.0109183057225,0.02527942648,0.0046789476175,weekly,weighted,0.0,region_01
2021-03-13,1,B.1.525,0.008834064705,0.041928865947500005,0.0018127816125,weekly,weighted,0.0,region_01
2021-03-20,1,B.1.525,0.008458998112500001,0.03510731761375,0.00204471417125,weekly,weighted,,region_01
2021-03-27,1,B.1.525,0.00808393152,0.028285769279999998,0.00227664673,weekly,weighted,0.0,region_01
2021-04-03,1,B.1.525,0.007302503685,0.033269559965,0.0015705972,weekly,weighted,0.0,region_01
2021-04-10,1,B.1.525,0.008390555392499999,0.02886486752,0.0024030003100000003,weekly,weighted,0.0,region_01
2021-04-17,1,B.1.525,0.008586033015000001,0.035328016615,0.0020438084325,weekly,weighted,0.0,region_01
2021-04-24,1,B.1.525,0.015014023752500001,0.0687485300025,0.0031368923375,weekly,weighted,0.0,region_01
2021-05-01,1,B.1.525,0.0148542055425,0.041998883707500004,0.0051591121575,weekly,weighted,0.0,region_01
2021-05-08,1,B.1.525,0.01087948121,0.050494550725000004,0.002269634105,weekly,weighted,0.0,region_01
2021-05-15,1,B.1.525,0.009211074325,0.057382274417500004,0.0014175759575,weekly,weighted,0.0,region_01
2021-05-22,1,B.1.525,0.01138723432,0.031498926225,0.0040626307025,weekly,weighted,0.0,region_01
2021-01-30,1,B.1.526,0.01722421125,0.0282302238,0.01046287362,biweekly,weighted,0.0,region_01
2021-02-06,1,B.1.526,0.029631846509166664,0.07176717386041667,0.012492189128750001,biweekly,weighted,,region_01
2021-02-13,1,B.1.526,0.04203948176833333,0.11530412392083333,0.0145215046375,biweekly,weighted,0.0,region_01
2021-02-20,1,B.1.526,0.05868047111125,0.13982953270833332,0.025172297630416667,biweekly,weighted,,region_01
2021-02-27,1,B.1.526,0.07532146045416667,0.16435494149583332,0.03582309062333333,biweekly,weighted,0.0,region_01
2021-03-06,1,B.1.526,0.14113309607,0.2937109544875,0.061487379485,weekly,weighted,0.0,region_01
2021-03-13,1,B.1.526,0.1821678504375,0.3145722486075,0.0978110730625,weekly,weighted,0.0,region_01
2021-03-20,1,B.1.526,0.16483468935,0.2698592171075,0.095500133,weekly,weighted,0.0,region_01
2021-03-27,1,B.1.526,0.2189104072775,0.4259751960625,0.09759022016,weekly,weighted,0.0,region_01
2021-04-03,1,B.1.526,0.23029223829249998,0.4316091313975,0.1061602383875,weekly,weighted,0.0,region_01
2021-04-10,1,B.1.526,0.2261620536425,0.355607785285,0.1343443859375,weekly,weighted,0.0,region_01
2021-04-17,1,B.1.526,0.2332431674,0.3592454344025,0.1420574709775,weekly,weighted,0.0,region_01
2021-04-24,1,B.1.526,0.2323476001625,0.33860738202999996,0.15089810267249998,weekly,weighted,0.0,region_01
2021-05-01,1,B.1.526,0.2301148772225,0.3868641108275,0.123982163145,weekly,weighted,0.0,region_01
2021-05-08,1,B.1.526,0.22679295763500001,0.36481865867749996,0.1292514391225,weekly,weighted,0.0,region_01
2021-05-15,1,B.1.526,0.21856086328500002,0.3237596501916667,0.13986551637333333,weekly,weighted,0.0,region_01
2021-05-22,1,B.1.526,0.16515261804166667,0.2771989280983333,0.09384426039833334,weekly,weighted,0.0,region_01
2021-05-29,1,B.1.526,0.209886529795,0.41000398744999994,0.08785831059,weekly,weighted,0.0,region_01
2021-06-05,1,B.1.526,0.16645424068166667,0.31208867331333334,0.08048862467166668,weekly,weighted,0.0,region_01
2021-06-12,1,B.1.526,0.17636187871166667,0.2711958487833333,0.11061094018166667,weekly,weighted,0.0,region_01
2021-06-19,1,B.1.526,0.1310473941275,0.209662970155,0.07883217372000001,weekly,weighted,0.0,region_01
2021-06-26,1,B.1.526,0.12204694300800001,0.29203435778599995,0.04511195123,weekly,weighted,0.0,region_01
2021-07-03,1,B.1.526,0.05124426261,0.141602806745,0.0173774017,weekly,weighted,0.0,region_01
2021-02-13,1,B.1.526.1,0.008924720496666667,0.028261291795,0.0028301027300000003,biweekly,weighted,0.0,region_01
2021-02-20,1,B.1.526.1,0.014759215836666667,0.031797008433333336,0.0073808608583333345,biweekly,weighted,,region_01
2021-02-27,1,B.1.526.1,0.020593711176666668,0.03533272507166667,0.011931618986666668,biweekly,weighted,0.0,region_01
2021-02-13,1,B.1.526.2,0.007116803902,0.021821789818000002,0.00230552177,biweekly,weighted,0.0,region_01
2021-02-20,1,B.1.526.2,0.021646722841833332,0.037216878994,0.01353043200666667,biweekly,weighted,,region_01
2021-02-27,1,B.1.526.2,0.036176641781666664,0.05261196817,0.024755342243333336,biweekly,weighted,0.0,region_01
2021-01-30,1,B.1.596,0.063954884185,0.1037703175125,0.038754815235000004,biweekly,weighted,0.0,region_01
2021-02-06,1,B.1.596,0.05540404794625,0.09029036155125,0.0337282905825,biweekly,weighted,,region_01
2021-02-13,1,B.1.596,0.046853211707499995,0.07681040559,0.028701765929999998,biweekly,weighted,0.0,region_01
2021-02-20,1,B.1.596,0.044767460319999994,0.074558154215,0.026789945783749998,biweekly,weighted,,region_01
2021-02-27,1,B.1.596,0.0426817089325,0.07230590284,0.024878125637499998,biweekly,weighted,0.0,region_01
2021-04-17,1,B.1.617.2,0.003017095522,0.008613107912000002,0.001113050954,weekly,weighted,0.0,region_01
2021-04-24,1,B.1.617.2,0.0036596584619999995,0.013192298824000002,0.0010086197039999999,weekly,weighted,0.0,region_01
2021-05-01,1,B.1.617.2,0.009979030861999999,0.018259412796,0.00543450201,weekly,weighted,0.0,region_01
2021-05-08,1,B.1.617.2,0.01609965893717647,0.023529684149411763,0.010593674156470587,weekly,weighted,0.0,region_01
2021-05-15,1,B.1.617.2,0.024888707688850573,0.04204319498850575,0.013621995075287358,weekly,weighted,0.0,region_01
2021-05-22,1,B.1.617.2,0.04320084511022727,0.06548525189875,0.027398178840795453,weekly,weighted,0.0,region_01
2021-05-29,1,B.1.617.2,0.06021991317113637,0.09307698075727272,0.03687829253340909,weekly,weighted,0.0,region_01
2021-06-05,1,B.1.617.2,0.07639671430736843,0.1727252532,0.03188823124210526,weekly,weighted,0.0,region_01
2021-06-12,1,B.1.617.2,0.04863965194505747,0.08369205566655172,0.026020556024367814,weekly,weighted,0.0,region_01
2021-06-19,1,B.1.617.2,0.2504640089713793,0.3275931508372414,0.18414598720505748,weekly,weighted,0.0,region_01
2021-06-26,1,B.1.617.2,0.3358475946148276,0.4343667119402299,0.24719045028609193,weekly,weighted,0.0,region_01
2021-07-03,1,B.1.617.2,0.5133930094710465,0.593153998602093,0.4330952285332558,weekly,weighted,0.0,region_01
2021-07-10,1,B.1.617.2,0.7770748802202273,0.8419242379346591,0.6978373209178409,weekly,weighted,0.0,region_01
2021-07-17,1,B.1.617.2,0.9142926030379069,0.9422901217331395,0.877209589925465,weekly,weighted,0.0,region_01
2021-07-24,1,B.1.617.2,0.9532057175582955,0.9707643525164773,0.9289828288282954,weekly,weighted,0.0,region_01
2021-07-31,1,B.1.617.2,0.9540662059832185,0.9699120685966667,0.9328280406439081,weekly,weighted,0.0,region_01
2021-08-07,1,B.1.617.2,0.9781089030032557,0.9860762212163954,0.9671782622506977,weekly,weighted,0.0,region_01
2021-08-14,1,B.1.617.2,0.9864616805604762,0.9915280285333333,0.9793997456630953,weekly,weighted,0.0,region_01
2021-08-21,1,B.1.617.2,0.9859221336390476,0.992804489674762,0.9747577565061905,weekly,weighted,0.0,region_01
2021-08-28,1,B.1.617.2,0.9898518423239285,0.9967616434608333,0.9759745115328571,weekly,weighted,0.0,region_01
2021-09-04,1,B.1.617.2,0.9952576487529269,0.9982114441507317,0.9897409234104879,weekly,weighted,0.0,region_01
2021-09-11,1,B.1.617.2,0.9982353098692499,0.999330097436375,0.9961867675183751,weekly,weighted,0.0,region_01
2021-09-18,1,B.1.617.2,0.997404498818395,0.9992989235451851,0.9932664905060494,weekly,weighted,0.0,region_01
2021-09-25,1,B.1.617.2,0.9952684323507792,0.9991985358198702,0.9848602561207791,weekly,weighted,0.0,region_01
2021-10-02,1,B.1.617.2,0.9929823465645,0.99870198816075,0.9785745881495,weekly,weighted,0.0,region_01
2021-10-09,1,B.1.617.2,0.9958741253535212,0.9992796510042252,0.9868721198030986,weekly,weighted,0.0,region_01
2021-10-16,1,B.1.617.2,0.996294431872078,0.999221400007013,0.9889298096881818,weekly,weighted,0.0,region_01
2021-10-23,1,B.1.617.2,0.9949506458485525,0.9991899650346052,0.9833699417747369,weekly,weighted,0.0,region_01
2021-10-30,1,B.1.617.2,0.9929942011834667,0.9986027201021334,0.9792955589292001,weekly,weighted,0.0,region_01
2021-11-06,1,B.1.617.2,0.9948298415617568,0.9990182639785135,0.9843170328717566,weekly,weighted,0.0,region_01
2021-11-13,1,B.1.617.2,0.9923320742883784,0.9981925527794594,0.978919521377027,weekly,weighted,0.0,region_01
2021-11-20,1,B.1.617.2,0.990056417277973,0.9975738968398649,0.9730752029933785,weekly,weighted,0.0,region_01
2021-11-27,1,B.1.617.2,0.9922727673021918,0.9983832623867123,0.9776454772038355,weekly,weighted,0.0,region_01
2021-12-04,1,B.1.617.2,0.9951456257274286,0.9977400115555715,0.9909013986588572,weekly,weighted,0.0,region_01
2021-12-11,1,B.1.617.2,0.9817279157508451,0.987589723627324,0.9740978227530985,weekly,weighted,0.0,region_01
2021-12-18,1,B.1.617.2,0.8091822658265715,0.8554477504321429,0.7555960416797143,weekly,weighted,0.0,region_01
2021-12-25,1,B.1.617.2,0.42050331615028985,0.4897499943986956,0.35349170842,weekly,weighted,0.0,region_01
2022-01-01,1,B.1.617.2,0.1365324716789706,0.19293888921235294,0.09161024989897058,weekly,weighted,0.0,region_01
2022-01-08,1,B.1.617.2,0.05037388889432836,0.07088673654179105,0.03441077893328358,weekly,weighted,0.0,region_01
2022-01-15,1,B.1.617.2,0.020722812931492536,0.03185980625313433,0.012687016612835821,weekly,weighted,0.0,region_01
2022-01-22,1,B.1.617.2,0.011677649019365079,0.020695095393968254,0.005890966711269841,weekly,weighted,0.0,region_01
2022-01-29,1,B.1.617.2,0.004338819454354838,0.007568651607419354,0.0022467711617741937,weekly,weighted,0.0,region_01
2022-02-05,1,B.1.617.2,0.0030698526114285715,0.005238811751428571,0.001639140487142857,weekly,weighted,0.0,region_01
2021-05-01,1,B.1.621,0.002277866005,0.013776167295,0.0003730004075,weekly,weighted,0.0,region_01
2021-05-08,1,B.1.621,0.005621752118125,0.017156120738125,0.0021472289,weekly,weighted,,region_01
2021-05-15,1,B.1.621,0.00896563823125,0.02053607418125,0.0039214573925,weekly,weighted,0.0,region_01
2021-05-22,1,B.1.621,0.01374233669,0.025751685726666668,0.007364539119999999,weekly,weighted,0.0,region_01
2021-05-29,1,B.1.621,0.034259486943333334,0.06788838033666666,0.016601855553333333,weekly,weighted,0.0,region_01
2021-06-05,1,B.1.621,0.13159000377,0.20924552778333336,0.07750939329333334,weekly,weighted,0.0,region_01
2021-06-12,1,B.1.621,0.08613693760624999,0.16083386260875,0.043125863885,weekly,weighted,0.0,region_01
2021-06-19,1,B.1.621,0.17417088647666668,0.29158248504333334,0.09372907379999999,weekly,weighted,0.0,region_01
2021-06-26,1,B.1.621,0.18983280162000002,0.27658225099,0.12278767923666667,weekly,weighted,0.0,region_01
2021-07-03,1,B.1.621,0.10940808523250001,0.167781380935,0.07061870303250001,weekly,weighted,0.0,region_01
2021-07-10,1,B.1.621,0.097953923045,0.26926949433875,0.03174733463625,weekly,weighted,0.0,region_01
2021-07-17,1,B.1.621,0.02334025502,0.09134401381,0.00564915687,weekly,weighted,0.0,region_01
2021-07-24,1,B.1.621,0.01110816263875,0.019301417285,0.00640194246,weekly,weighted,0.0,region_01
2021-07-31,1,B.1.621,0.013198486530000001,0.027273155482857143,0.006292976437142857,weekly,weighted,0.0,region_01
2021-08-07,1,B.1.621,0.00269685251,0.014297830873333334,0.00050895472,weekly,weighted,0.0,region_01
2021-08-14,1,B.1.621,0.0030228872,0.011777348351666668,0.00085796234,weekly,weighted,,region_01
2021-08-21,1,B.1.621,0.00334892189,0.00925686583,0.00120696996,weekly,weighted,0.0,region_01
2021-05-01,1,B.1.621.1,0.00533407566,0.0118178366675,0.002398912385,weekly,weighted,0.0,region_01
2021-05-08,1,B.1.621.1,0.00799238938,0.016845141535,0.0037744501599999997,weekly,weighted,0.0,region_01
2021-05-15,1,B.1.621.1,0.007699619745,0.01506094588,0.0039233599675,weekly,weighted,0.0,region_01
2021-05-22,1,B.1.621.1,0.009704040130000001,0.019507321065,0.00480314414,weekly,weighted,0.0,region_01
2021-05-29,1,B.1.621.1,0.02777823014,0.0528432177375,0.0144194520525,weekly,weighted,0.0,region_01
2021-06-05,1,B.1.621.1,0.1279669217775,0.2633990161125,0.0568861197675,weekly,weighted,0.0,region_01
2021-06-12,1,B.1.621.1,0.145508781075,0.2983326688425,0.0637683756675,weekly,weighted,0.0,region_01
2021-06-19,1,B.1.621.1,0.168873019515,0.350978180765,0.07078418322,weekly,weighted,0.0,region_01
2021-06-26,1,B.1.621.1,0.1504677832125,0.30527056753500004,0.0666293520475,weekly,weighted,0.0,region_01
2021-07-03,1,B.1.621.1,0.068275582045,0.139677897095,0.0320141408575,weekly,weighted,0.0,region_01
2021-07-10,1,B.1.621.1,0.088174577805,0.44373000412999997,0.011587205575,weekly,weighted,0.0,region_01
2021-05-29,1,B.1.626,0.011373054705,0.048855638130000004,0.002569825385,weekly,weighted,0.0,region_01
2021-05-15,1,B.1.628,0.00485913316,0.01593843289,0.00146989501,weekly,weighted,0.0,region_01
2021-05-22,1,B.1.628,0.00649106223,0.03834438324,0.00106940197,weekly,weighted,0.0,region_01
2021-05-29,1,B.1.628,0.01255448442,0.06259443611,0.00241497811,weekly,weighted,0.0,region_01
2021-06-05,1,B.1.628,0.01154537373074074,0.05762912229592593,0.002220589745925926,weekly,weighted,,region_01
2021-06-12,1,B.1.628,0.010536263041481482,0.05266380848185185,0.002026201381851852,weekly,weighted,,region_01
2021-06-19,1,B.1.628,0.009527152352222222,0.04769849466777777,0.0018318130177777778,weekly,weighted,,region_01
2021-06-26,1,B.1.628,0.008518041662962963,0.0427331808537037,0.0016374246537037038,weekly,weighted,,region_01
2021-07-03,1,B.1.628,0.007508930973703703,0.03776786703962963,0.0014430362896296297,weekly,weighted,,region_01
2021-07-10,1,B.1.628,0.0064998202844444445,0.03280255322555555,0.0012486479255555557,weekly,weighted,,region_01
2021-07-17,1,B.1.628,0.005490709595185186,0.027837239411481477,0.0010542595614814816,weekly,weighted,,region_01
2021-07-24,1,B.1.628,0.004481598905925926,0.022871925597407403,0.0008598711974074076,weekly,weighted,,region_01
2021-07-31,1,B.1.628,0.0034724882166666665,0.01790661178333333,0.0006654828333333334,weekly,weighted,0.0,region_01
2021-05-15,1,B.1.637,0.06942716986,0.144351318475,0.033671820535,weekly,weighted,0.0,region_01
2021-05-22,1,B.1.637,0.07232387364,0.29683870077,0.01419373415,weekly,weighted,0.0,region_01
2021-05-29,1,B.1.637,0.10692898184,0.33276110888,0.02794214338,weekly,weighted,0.0,region_01
2021-06-05,1,B.1.637,0.04532044381,0.24707448483,0.00682063494,weekly,weighted,0.0,region_01
2021-12-18,1,BA.1.1,0.05448087425323529,0.07246844054147059,0.03993065567647059,weekly,weighted,0.0,region_01
2021-12-25,1,BA.1.1,0.2166531901152941,0.25463123751058825,0.18199246858823528,weekly,weighted,0.0,region_01
2022-01-01,1,BA.1.1,0.40531585847588236,0.4398697860108824,0.37148219171617647,weekly,weighted,0.0,region_01
2022-01-08,1,BA.1.1,0.5262586386761764,0.5475556640067647,0.5048854333511764,weekly,weighted,0.0,region_01
2022-01-15,1,BA.1.1,0.5989530910464707,0.6171616666461766,0.5805384481652941,weekly,weighted,0.0,region_01
2022-01-22,1,BA.1.1,0.6569814253584375,0.675580138340625,0.6380140278484375,weekly,weighted,0.0,region_01
2022-01-29,1,BA.1.1,0.6941643122472727,0.7174708608427273,0.6700921492145454,weekly,weighted,0.0,region_01
2022-02-05,1,BA.1.1,0.7232574154347059,0.7402162674597059,0.7058015763752942,weekly,weighted,0.0,region_01
2022-02-12,1,BA.1.1,0.7239361230064706,0.7768075168123529,0.6659860558364706,weekly,weighted,0.0,region_01
2022-02-19,1,BA.1.1,0.7684026851373529,0.8442899111435294,0.6771669668302941,weekly,weighted,0.0,region_01
2022-02-26,1,BA.1.1,0.739503485315,0.7913993263947059,0.682140892042647,weekly,weighted,0.0,region_01
2022-03-05,1,BA.1.1,0.6608660010726471,0.7226926228576471,0.5947081306397058,weekly,weighted,0.0,region_01
2022-03-12,1,BA.1.1,0.5425756170467647,0.597894924527647,0.4864668434155882,weekly,weighted,0.0,region_01
2022-03-19,1,BA.1.1,0.4024176904391177,0.4448848962782353,0.3610107977602941,weekly,weighted,0.0,region_01
2022-03-26,1,BA.1.1,0.2687504028567647,0.31248010957911765,0.2281220358085294,weekly,weighted,0.0,region_01
2022-04-02,1,BA.1.1,0.19575377816617645,0.24047509493205882,0.15610015742970587,weekly,weighted,0.0,region_01
2022-04-09,1,BA.1.1,0.10604981048117647,0.12682153109235295,0.08763690029911764,weekly,weighted,0.0,region_01
2022-04-16,1,BA.1.1,0.0568668436917647,0.0707706103432353,0.04498443369147059,weekly,weighted,0.0,region_01
2022-04-23,1,BA.1.1,0.03335685896470588,0.04352387742029412,0.025004792684411765,weekly,weighted,0.0,region_01
2022-04-30,1,BA.1.1,0.012479244128823529,0.02051453960764706,0.006993779596764706,weekly,weighted,0.0,region_01
2022-01-22,1,BA.2,0.003128574691969697,0.004914242132575757,0.001869714308030303,weekly,weighted,0.0,region_01
2022-01-29,1,BA.2,0.007051588107538461,0.009597554144,0.005040288487076923,weekly,weighted,0.0,region_01
2022-02-05,1,BA.2,0.02088754373859375,0.0297220484059375,0.0141281685059375,weekly,weighted,0.0,region_01
2022-02-12,1,BA.2,0.049276181001089325,0.08332777345627063,0.026276467362119693,weekly,weighted,,region_01
2022-02-19,1,BA.2,0.0776648182635849,0.13693349850660377,0.03842476621830188,weekly,weighted,0.0,region_01
2022-02-26,1,BA.2,0.12145907688311475,0.18898003047655737,0.07147147579737705,weekly,weighted,0.0,region_01
2022-03-05,1,BA.2,0.21127524053033334,0.2783302495871667,0.15403076459999998,weekly,weighted,0.0,region_01
2022-03-12,1,BA.2,0.38310758340118645,0.4404578663535593,0.3280807132435593,weekly,weighted,0.0,region_01
2022-03-19,1,BA.2,0.5330318547133333,0.5917720198635087,0.47360432357087723,weekly,weighted,0.0,region_01
2022-03-26,1,BA.2,0.6602220556191228,0.7200172773577193,0.5963852416005263,weekly,weighted,0.0,region_01
2022-04-02,1,BA.2,0.7114075922539286,0.7679709696346428,0.6495161982519643,weekly,weighted,0.0,region_01
2022-04-09,1,BA.2,0.7157687566492728,0.7587301785294545,0.6695523370396363,weekly,weighted,0.0,region_01
2022-04-16,1,BA.2,0.6982327589287037,0.7559937349075926,0.6352516412724074,weekly,weighted,0.0,region_01
2022-04-23,1,BA.2,0.6557722530277359,0.7046140151209433,0.6033968284439623,weekly,weighted,0.0,region_01
2022-04-30,1,BA.2,0.5815401977190197,0.6424661325474509,0.5176751356501961,weekly,weighted,0.0,region_01
2022-05-07,1,BA.2,0.46454749405400003,0.5082438081504,0.4210938930514,weekly,weighted,0.0,region_01
2022-05-14,1,BA.2,0.39843070507042555,0.4180328459187234,0.3790693346487234,weekly,weighted,0.0,region_01
2022-05-21,1,BA.2,0.3317422720848979,0.3657272050577551,0.299047852657551,weekly,weighted,0.0,region_01
2022-05-28,1,BA.2,0.22599809803,0.26156972659166666,0.19316692991791665,weekly,weighted,0.0,region_01
2022-06-04,1,BA.2,0.205545597253617,0.23324837424531916,0.17987131248148935,weekly,weighted,0.0,region_01
2022-06-11,1,BA.2,0.13423235487673912,0.15716425621108696,0.11355999905739131,weekly,weighted,0.0,region_01
2022-06-18,1,BA.2,0.11658514426477273,0.1467140442268182,0.09075463546318181,weekly,weighted,0.0,region_01
2022-06-25,1,BA.2,0.08306082875209302,0.10652705784418605,0.06334218521511628,weekly,weighted,0.0,region_01
2022-07-02,1,BA.2,0.04409954003813954,0.06794846863558139,0.0268051979072093,weekly,weighted,0.0,region_01
2022-07-09,1,BA.2,0.020481221379999998,0.033200746405,0.011687138585,weekly,weighted,0.0,region_01
2022-07-16,1,BA.2,0.014075321356,0.022791029698500002,0.008051218826,weekly,weighted,0.0,region_01
2022-07-23,1,BA.2,0.017842950005263158,0.02803878216578947,0.010629271892894736,weekly,weighted,0.0,region_01
2022-03-26,1,BA.2.12.1,0.04320943904254545,0.066423380646,0.026373372904363635,weekly,weighted,0.0,region_01
2022-04-02,1,BA.2.12.1,0.07725661749181818,0.09787792685327272,0.059795742210909095,weekly,weighted,0.0,region_01
2022-04-09,1,BA.2.12.1,0.16412458054036363,0.19833945984218182,0.1339440405361818,weekly,weighted,0.0,region_01
2022-04-16,1,BA.2.12.1,0.23493199381555557,0.2936657838248148,0.18313376205425927,weekly,weighted,0.0,region_01
2022-04-23,1,BA.2.12.1,0.304879642319434,0.35749652813018873,0.25688717626773583,weekly,weighted,0.0,region_01
2022-04-30,1,BA.2.12.1,0.3974296307338462,0.46296898734076924,0.33557381137000003,weekly,weighted,0.0,region_01
2022-05-07,1,BA.2.12.1,0.5213062404371429,0.5646386389836734,0.47791767606938773,weekly,weighted,0.0,region_01
2022-05-14,1,BA.2.12.1,0.5797131213734042,0.5996417263723405,0.559587639697234,weekly,weighted,0.0,region_01
2022-05-21,1,BA.2.12.1,0.6395133299129167,0.6695022396747916,0.6086588638527083,weekly,weighted,0.0,region_01
2022-05-28,1,BA.2.12.1,0.7075252868239583,0.7430007532229167,0.6700235952933333,weekly,weighted,0.0,region_01
2022-06-04,1,BA.2.12.1,0.6616530874938298,0.6932557250597873,0.628883181734468,weekly,weighted,0.0,region_01
2022-06-11,1,BA.2.12.1,0.6167697217731111,0.6554514143202222,0.5769412994382221,weekly,weighted,0.0,region_01
2022-06-18,1,BA.2.12.1,0.5398059500584445,0.6214657187453334,0.4563551565015556,weekly,weighted,0.0,region_01
2022-06-25,1,BA.2.12.1,0.36097567460727276,0.4092736460945455,0.3146796619343182,weekly,weighted,0.0,region_01
2022-07-02,1,BA.2.12.1,0.26672069832395345,0.29776064947627906,0.23734749576255815,weekly,weighted,0.0,region_01
2022-07-09,1,BA.2.12.1,0.15124212134428572,0.17554032660690475,0.1291661972095238,weekly,weighted,0.0,region_01
2022-07-16,1,BA.2.12.1,0.09070976651666667,0.11232644415102563,0.07215830502333333,weekly,weighted,0.0,region_01
2022-07-23,1,BA.2.12.1,0.06753407251075,0.083037985303,0.054146427196000005,weekly,weighted,0.0,region_01
2022-07-30,1,BA.2.12.1,0.02366772029289474,0.039710289848157894,0.012868535215789473,weekly,weighted,0.0,region_01
2022-08-06,1,BA.2.12.1,0.01639910949894737,0.027960644051162283,0.00873132661997807,weekly,weighted,,region_01
2022-08-13,1,BA.2.12.1,0.009130498705,0.016210998254166668,0.004594118024166666,weekly,weighted,0.0,region_01
2022-05-14,1,BA.4,0.009327935546764707,0.014924592447647059,0.005427772987352941,weekly,weighted,0.0,region_01
2022-05-21,1,BA.4,0.016527232971702128,0.026796968178936172,0.009432382682978723,weekly,weighted,0.0,region_01
2022-05-28,1,BA.4,0.029912926891276597,0.03852832190531915,0.02277382716787234,weekly,weighted,0.0,region_01
2022-06-04,1,BA.4,0.05793521949595745,0.07228999378808511,0.04573148901085106,weekly,weighted,0.0,region_01
2022-06-11,1,BA.4,0.08155204488177778,0.107868603368,0.05993180581266667,weekly,weighted,0.0,region_01
2022-06-18,1,BA.4,0.09156686304659091,0.11855769106590909,0.06899518841363637,weekly,weighted,0.0,region_01
2022-06-25,1,BA.4,0.13190149278727273,0.1588148877702273,0.10810757682318183,weekly,weighted,0.0,region_01
2022-07-02,1,BA.4,0.1412452214535714,0.16268365510904761,0.12166030190547618,weekly,weighted,0.0,region_01
2022-07-09,1,BA.4,0.10852131371690475,0.1300325276597619,0.08954037530761905,weekly,weighted,0.0,region_01
2022-07-16,1,BA.4,0.09651309941,0.11577423885525,0.07951611951025,weekly,weighted,0.0,region_01
2022-07-23,1,BA.4,0.079292004182,0.099856342935,0.06182552333875,weekly,weighted,0.0,region_01
2022-07-30,1,BA.4,0.08699297375657894,0.11035826665,0.06718953914578947,weekly,weighted,0.0,region_01
2022-08-06,1,BA.4,0.0654536479627027,0.08638103970756757,0.04830529721945946,weekly,weighted,0.0,region_01
2022-08-13,1,BA.4,0.054487076898333334,0.07559648818305556,0.03785639732277778,weekly,weighted,0.0,region_01
2022-08-20,1,BA.4,0.060689375922,0.10076339058549999,0.033088075183,weekly,weighted,0.0,region_01
2022-08-27,1,BA.4,0.02927113286029412,0.04693640406970588,0.016913541374117647,weekly,weighted,0.0,region_01
2022-09-03,1,BA.4,0.02946439690151515,0.04151971502666667,0.020133715912121212,weekly,weighted,0.0,region_01
2022-09-10,1,BA.4,0.020855167279677417,0.03265820515709677,0.01245840077064516,weekly,weighted,0.0,region_01
2022-09-17,1,BA.4,0.02666105041580645,0.03822035714870968,0.01783615603,weekly,weighted,0.0,region_01
2022-09-24,1,BA.4,0.017318897383666664,0.027376527153,0.010225091873666665,weekly,weighted,0.0,region_01
2022-07-09,1,BA.4.6,0.024778583064878047,0.03644606743609756,0.016054713780487805,weekly,weighted,0.0,region_01
2022-07-16,1,BA.4.6,0.026134174043902437,0.03730790671439024,0.01758463773878049,weekly,weighted,0.0,region_01
2022-07-23,1,BA.4.6,0.0362704659815,0.048429019935,0.02645259974575,weekly,weighted,0.0,region_01
2022-07-30,1,BA.4.6,0.031287145574324327,0.04760018937459459,0.019382114345945948,weekly,weighted,0.0,region_01
2022-08-06,1,BA.4.6,0.05410277914054055,0.0694519664,0.0412868627827027,weekly,weighted,0.0,region_01
2022-08-13,1,BA.4.6,0.06461877054972222,0.08193550527944445,0.05001382809083334,weekly,weighted,0.0,region_01
2022-08-20,1,BA.4.6,0.09194917678828572,0.11059551004857143,0.07555399207057144,weekly,weighted,0.0,region_01
2022-08-27,1,BA.4.6,0.08510408484735293,0.10936891682029412,0.06475832455647058,weekly,weighted,0.0,region_01
2022-09-03,1,BA.4.6,0.10803605480636364,0.13640764355666665,0.08380402263363636,weekly,weighted,0.0,region_01
2022-09-10,1,BA.4.6,0.1288917008796875,0.1573831443678125,0.103902010013125,weekly,weighted,0.0,region_01
2022-09-17,1,BA.4.6,0.1405004546532258,0.1810487826016129,0.10608092743645162,weekly,weighted,0.0,region_01
2022-09-24,1,BA.4.6,0.11647884498099999,0.15238631019933332,0.08655276869666667,weekly,weighted,0.0,region_01
2022-10-01,1,BA.4.6,0.10921786006172414,0.1451950520275862,0.07958130923896552,weekly,weighted,0.0,region_01
2022-10-08,1,BA.4.6,0.11497073833464286,0.14270759799607144,0.09101754347142857,weekly,weighted,0.0,region_01
2022-10-15,1,BA.4.6,0.10444203902185185,0.1324864380337037,0.08064551154814815,weekly,weighted,0.0,region_01
2022-10-22,1,BA.4.6,0.1105040907864,0.1579423850784,0.0733994653816,weekly,weighted,0.0,region_01
2022-10-29,1,BA.4.6,0.08909487217720001,0.13373719573,0.055609696358000005,weekly,weighted,0.0,region_01
2022-11-05,1,BA.4.6,0.06956147940611111,0.10275836537222222,0.044759743950555556,weekly,weighted,0.0,region_01
2022-11-12,1,BA.4.6,0.054416385196956525,0.08170932401782609,0.03418348316608696,weekly,weighted,0.0,region_01
2022-11-19,1,BA.4.6,0.05644783868590909,0.08701340413772728,0.034197512844545454,weekly,weighted,0.0,region_01
2022-11-26,1,BA.4.6,0.026746294417142855,0.047273004515714284,0.013460524512857144,weekly,weighted,0.0,region_01
2022-12-03,1,BA.4.6,0.02613479972764706,0.04273551921647059,0.014719942748235293,weekly,weighted,0.0,region_01
2022-05-14,1,BA.5,0.004863652541395349,0.00842044784,0.0025412203141860464,weekly,weighted,0.0,region_01
2022-05-21,1,BA.5,0.020669448170484907,0.02719844007851064,0.015505114938050471,weekly,weighted,,region_01
2022-05-28,1,BA.5,0.03647524379957447,0.045976432317021275,0.028469009561914893,weekly,weighted,0.0,region_01
2022-06-04,1,BA.5,0.06695837610355555,0.08818280100822222,0.04954049438222222,weekly,weighted,0.0,region_01
2022-06-11,1,BA.5,0.16040178971413044,0.19363263411369563,0.13096969266913042,weekly,weighted,0.0,region_01
2022-06-18,1,BA.5,0.2411398275028889,0.29719669487755557,0.1913417834377778,weekly,weighted,0.0,region_01
2022-06-25,1,BA.5,0.4107807691802273,0.44151771000886364,0.38061672855477274,weekly,weighted,0.0,region_01
2022-07-02,1,BA.5,0.5381909733593023,0.5756709811297674,0.5003832405390697,weekly,weighted,0.0,region_01
2022-07-09,1,BA.5,0.6847084874195237,0.7166860784797618,0.6513027648135714,weekly,weighted,0.0,region_01
2022-07-16,1,BA.5,0.7717320322987805,0.7970484611453659,0.7447787188897561,weekly,weighted,0.0,region_01
2022-07-23,1,BA.5,0.7951022019748718,0.8233107634082051,0.7645490903115384,weekly,weighted,0.0,region_01
2022-07-30,1,BA.5,0.8440883975271053,0.870144509956579,0.8150890861684211,weekly,weighted,0.0,region_01
2022-08-06,1,BA.5,0.8412487007470271,0.8720953802816215,0.8062676706837838,weekly,weighted,0.0,region_01
2022-08-13,1,BA.5,0.8547283079891667,0.8766818708841666,0.8304574704827777,weekly,weighted,0.0,region_01
2022-08-20,1,BA.5,0.824590272564,0.8603764057154285,0.78386369603,weekly,weighted,0.0,region_01
2022-08-27,1,BA.5,0.856813539477647,0.8833789702726471,0.8267509358767647,weekly,weighted,0.0,region_01
2022-09-03,1,BA.5,0.8322548065328125,0.858016328886875,0.8038499355315625,weekly,weighted,0.0,region_01
2022-09-10,1,BA.5,0.8145292568946875,0.8441691379990625,0.7818778976796875,weekly,weighted,0.0,region_01
2022-09-17,1,BA.5,0.7687674472409678,0.8047413999035484,0.7295975646667743,weekly,weighted,0.0,region_01
2022-09-24,1,BA.5,0.7940144836903333,0.8427607337633333,0.7380168557166668,weekly,weighted,0.0,region_01
2022-10-01,1,BA.5,0.7993204634762069,0.8405784224634483,0.7527153430303448,weekly,weighted,0.0,region_01
2022-10-08,1,BA.5,0.7397141265021429,0.7728005817960714,0.7044462902207143,weekly,weighted,0.0,region_01
2022-10-15,1,BA.5,0.6916111045418518,0.7297624548277777,0.6513932899196296,weekly,weighted,0.0,region_01
2022-10-22,1,BA.5,0.647538981438,0.7380493354788,0.54845302701,weekly,weighted,0.0,region_01
2022-10-29,1,BA.5,0.5843688726428,0.6516339564320001,0.5146866297724,weekly,weighted,0.0,region_01
2022-11-05,1,BA.5,0.4994987721245834,0.5581576128791667,0.44085517898166665,weekly,weighted,0.0,region_01
2022-11-12,1,BA.5,0.4229550452343478,0.4698576084943479,0.37707150371086956,weekly,weighted,0.0,region_01
2022-11-19,1,BA.5,0.27383101257500003,0.33179794929227274,0.22106189416181818,weekly,weighted,0.0,region_01
2022-11-26,1,BA.5,0.2611268829733333,0.3564280058642857,0.18029985789809524,weekly,weighted,0.0,region_01
2022-12-03,1,BA.5,0.20654841288950002,0.25809795260400004,0.16118211299250002,weekly,weighted,0.0,region_01
2022-12-10,1,BA.5,0.14562882561473683,0.18781052137789472,0.11001074274842104,weekly,weighted,0.0,region_01
2022-12-17,1,BA.5,0.11695665617833334,0.17220321628888888,0.07472390495277777,weekly,weighted,0.0,region_01
2022-12-24,1,BA.5,0.172225277127,0.282646182179,0.09180823638999999,weekly,weighted,0.0,region_01
2022-12-31,1,BA.5,0.05242010206,0.077610068025,0.03352679871,weekly,weighted,0.0,region_01
2023-01-07,1,BA.5,0.059538044532666666,0.08253151873733335,0.04151465805933333,weekly,weighted,0.0,region_01
2023-01-14,1,BA.5,0.03418954555125,0.060184060595,0.01726060872875,weekly,weighted,0.0,region_01
2022-09-17,1,BA.5.2.6,0.01096664788,0.019330698065,0.00557246944,weekly,weighted,0.0,region_01
2022-09-24,1,BA.5.2.6,0.012873192456333334,0.022677083344166668,0.006542265461999999,weekly,weighted,,region_01
2022-10-01,1,BA.5.2.6,0.014779737032666667,0.026023468623333334,0.007512061483999999,weekly,weighted,0.0,region_01
2022-10-08,1,BA.5.2.6,0.030139579126666666,0.04712564870666667,0.01800524505333333,weekly,weighted,0.0,region_01
2022-08-20,1,BF.7,0.008729332920370371,0.01558897696,0.004355842523333333,weekly,weighted,0.0,region_01
2022-08-27,1,BF.7,0.01278912005826165,0.021762223971532258,0.006846406989435483,weekly,weighted,,region_01
2022-09-03,1,BF.7,0.01684890719615293,0.027935470983064516,0.009336971455537635,weekly,weighted,,region_01
2022-09-10,1,BF.7,0.020908694334044207,0.03410871799459678,0.011827535921639785,weekly,weighted,,region_01
2022-09-17,1,BF.7,0.024968481471935484,0.04028196500612903,0.014318100387741936,weekly,weighted,0.0,region_01
2022-09-24,1,BF.7,0.026163061040074882,0.04288408812520737,0.014683795233335253,weekly,weighted,,region_01
2022-10-01,1,BF.7,0.027357640608214284,0.045486211244285715,0.01504949007892857,weekly,weighted,0.0,region_01
2022-10-08,1,BF.7,0.041378917838214284,0.063738905825,0.025184482735000003,weekly,weighted,0.0,region_01
2022-10-15,1,BF.7,0.06442924202518518,0.08433795554740742,0.0480224606062963,weekly,weighted,0.0,region_01
2022-10-22,1,BF.7,0.043901320858333336,0.07478681020583333,0.023177787971666666,weekly,weighted,0.0,region_01
2022-10-29,1,BF.7,0.0661733439735294,0.10946722810764706,0.036338502869411766,weekly,weighted,0.0,region_01
2022-11-05,1,BF.7,0.09772852777166667,0.16254710126666666,0.05251025579208333,weekly,weighted,0.0,region_01
2022-11-12,1,BF.7,0.1165178254245,0.1868453234435,0.06565835625000001,weekly,weighted,0.0,region_01
2022-11-19,1,BF.7,0.14310698617636364,0.2147016267881818,0.08838933029045454,weekly,weighted,0.0,region_01
2022-11-26,1,BF.7,0.06468983349333333,0.09674628433761906,0.04073430544619048,weekly,weighted,0.0,region_01
2022-12-03,1,BF.7,0.0764041047535,0.108689577131,0.05129842571899999,weekly,weighted,0.0,region_01
2022-12-10,1,BF.7,0.047077298165,0.06654066126875,0.0320777181775,weekly,weighted,0.0,region_01
2022-12-17,1,BF.7,0.04956414178,0.079029959625,0.0286990685875,weekly,weighted,0.0,region_01
2022-12-24,1,BF.7,0.0499544194875,0.08526391908625,0.0262421313675,weekly,weighted,0.0,region_01
2022-12-31,1,BF.7,0.02892438509,0.05143775791,0.01441068575,weekly,weighted,0.0,region_01
2023-01-07,1,BF.7,0.020646000436666666,0.03444383821166667,0.011317545935833333,weekly,weighted,0.0,region_01
2022-11-26,1,BN.1,0.03450402431222222,0.05700040360277778,0.01909259768888889,weekly,weighted,0.0,region_01
2022-12-03,1,BN.1,0.0250862746505,0.0367413090545,0.016366872284,weekly,weighted,0.0,region_01
2022-12-10,1,BN.1,0.021045722812,0.037305164335999993,0.010564932693999999,weekly,weighted,0.0,region_01
2022-10-01,1,BQ.1,0.017521257222068966,0.02780529741137931,0.01029199971862069,weekly,weighted,0.0,region_01
2022-10-08,1,BQ.1,0.03904317944678571,0.06343253781714285,0.022124719340357143,weekly,weighted,0.0,region_01
2022-10-15,1,BQ.1,0.06085355495227273,0.09971158308136364,0.03390374390227273,weekly,weighted,0.0,region_01
2022-10-22,1,BQ.1,0.08628473939893637,0.1317896997050818,0.052759847780136364,weekly,weighted,,region_01
2022-10-29,1,BQ.1,0.1117159238456,0.1638678163288,0.071615951658,weekly,weighted,0.0,region_01
2022-11-05,1,BQ.1,0.14348585468916666,0.1919313998275,0.10342425635708334,weekly,weighted,0.0,region_01
2022-11-12,1,BQ.1,0.15626878841913044,0.21762606177608695,0.10673181421086957,weekly,weighted,0.0,region_01
2022-11-19,1,BQ.1,0.23123512687954542,0.27973963320136364,0.18751069158363637,weekly,weighted,0.0,region_01
2022-11-26,1,BQ.1,0.22538101034571428,0.2916734772071429,0.1679914558204762,weekly,weighted,0.0,region_01
2022-12-03,1,BQ.1,0.24964720979399999,0.355163295567,0.1622911818315,weekly,weighted,0.0,region_01
2022-12-10,1,BQ.1,0.22746330499631578,0.28745632108894736,0.1747775360163158,weekly,weighted,0.0,region_01
2022-12-17,1,BQ.1,0.19801663607277778,0.24573827700444445,0.15593844238166665,weekly,weighted,0.0,region_01
2022-12-24,1,BQ.1,0.149899995327,0.240795855223,0.08348072394600001,weekly,weighted,0.0,region_01
2022-12-31,1,BQ.1,0.18280921876466666,0.2845913360506666,0.10579541673266667,weekly,weighted,0.0,region_01
2023-01-07,1,BQ.1,0.11739652007866666,0.161544659734,0.08187046051,weekly,weighted,0.0,region_01
2023-01-14,1,BQ.1,0.097925195205,0.14478449097642856,0.06260131139785714,weekly,weighted,0.0,region_01
2023-01-21,1,BQ.1,0.07228411906,0.10055334808769231,0.050074652410769235,weekly,weighted,0.0,region_01
2023-01-28,1,BQ.1,0.042164203151,0.066152080148,0.02501166053,weekly,weighted,0.0,region_01
2022-10-15,1,BQ.1.1,0.012098938186956521,0.02109178827826087,0.0062449172573913045,weekly,weighted,0.0,region_01
2022-10-22,1,BQ.1.1,0.054658354074,0.0911915713548,0.0296626067904,weekly,weighted,0.0,region_01
2022-10-29,1,BQ.1.1,0.0876740843056,0.127257184386,0.0573369522388,weekly,weighted,0.0,region_01
2022-11-05,1,BQ.1.1,0.11232573445874999,0.18367240391749998,0.0617847091825,weekly,weighted,0.0,region_01
2022-11-12,1,BQ.1.1,0.16560862569652174,0.24039201179304345,0.10683766169347826,weekly,weighted,0.0,region_01
2022-11-19,1,BQ.1.1,0.16684323481636365,0.21875694732818182,0.12303242087272727,weekly,weighted,0.0,region_01
2022-11-26,1,BQ.1.1,0.23671881854523807,0.29804220937523807,0.18258513297428572,weekly,weighted,0.0,region_01
2022-12-03,1,BQ.1.1,0.2685755684985,0.311282236874,0.2288430772725,weekly,weighted,0.0,region_01
2022-12-10,1,BQ.1.1,0.28720533534105264,0.33458060653684213,0.24309909657421053,weekly,weighted,0.0,region_01
2022-12-17,1,BQ.1.1,0.2620434098766667,0.3087297860127778,0.21923332164777778,weekly,weighted,0.0,region_01
2022-12-24,1,BQ.1.1,0.22877576245941175,0.30831134845294117,0.16231583979294117,weekly,weighted,0.0,region_01
2022-12-31,1,BQ.1.1,0.203608952465,0.31802803278,0.11600036919000001,weekly,weighted,0.0,region_01
2023-01-07,1,BQ.1.1,0.20470262070666667,0.2543294390033333,0.16094278494533334,weekly,weighted,0.0,region_01
2023-01-14,1,BQ.1.1,0.11898587910214285,0.15768590037214286,0.08700054617857143,weekly,weighted,0.0,region_01
2023-01-21,1,BQ.1.1,0.12265683538615385,0.15683327615307693,0.09370150818384615,weekly,weighted,0.0,region_01
2023-01-28,1,BQ.1.1,0.083182207494,0.133029331266,0.047541380673,weekly,weighted,0.0,region_01
2023-02-04,1,BQ.1.1,0.05727543628428571,0.09866447001714286,0.029599087844285717,weekly,weighted,0.0,region_01
2023-02-11,1,BQ.1.1,0.03663150469444445,0.0583243320388889,0.021351427151111112,weekly,weighted,0.0,region_01
2023-02-11,1,CH.1.1,0.032936011628,0.05780480057,0.016711982338,weekly,weighted,0.0,region_01
2023-06-10,1,EG.5,0.10356227767000001,0.18128383618230767,0.05123834054076923,biweekly,weighted,0.0,region_01
2023-06-17,1,EG.5,0.12135151638876088,0.19698785444346822,0.06904993508662709,biweekly,weighted,,region_01
2023-06-24,1,EG.5,0.13914075510752175,0.21269187270462875,0.08686152963248495,biweekly,weighted,,region_01
2023-07-01,1,EG.5,0.15692999382628262,0.22839589096578927,0.1046731241783428,biweekly,weighted,,region_01
2023-07-08,1,EG.5,0.17471923254504346,0.24409990922694982,0.12248471872420066,biweekly,weighted,,region_01
2023-07-15,1,EG.5,0.19250847126380433,0.2598039274881104,0.14029631327005854,biweekly,weighted,,region_01
2023-07-22,1,EG.5,0.2102977099825652,0.2755079457492709,0.15810790781591638,biweekly,weighted,,region_01
2023-07-29,1,EG.5,0.22808694870132606,0.2912119640104314,0.17591950236177423,biweekly,weighted,,region_01
2023-08-05,1,EG.5,0.24587618742008693,0.306915982271592,0.1937310969076321,biweekly,weighted,,region_01
2023-08-12,1,EG.5,0.2636654261388478,0.3226200005327525,0.21154269145348997,biweekly,weighted,,region_01
2023-08-19,1,EG.5,0.28145466485760867,0.33832401879391305,0.22935428599934782,biweekly,weighted,0.0,region_01
2023-08-26,1,EG.5,0.26212408462691544,0.350402225294401,0.18804027676811835,biweekly,weighted,,region_01
2023-09-02,1,EG.5,0.24279350439622222,0.3624804317948889,0.1467262675368889,biweekly,weighted,0.0,region_01
2023-09-09,1,EG.5,0.26096006241220204,0.3449151590463081,0.1905820471094672,biweekly,weighted,,region_01
2023-09-16,1,EG.5,0.2791266204281818,0.32734988629772727,0.23443782668204546,biweekly,weighted,0.0,region_01
2023-09-23,1,EG.5,0.2752136497288583,0.3229144064838636,0.23105340845579017,biweekly,weighted,,region_01
2023-09-30,1,EG.5,0.27130067902953486,0.31847892667,0.22766899022953488,biweekly,weighted,0.0,region_01
2023-10-07,1,EG.5,0.24323584026310074,0.2921973450952381,0.19899284940750553,biweekly,weighted,,region_01
2023-10-14,1,EG.5,0.21517100149666665,0.2659157635204762,0.17031670858547618,biweekly,weighted,0.0,region_01
2023-10-21,1,EG.5,0.1995749453170833,0.2934466399964881,0.1289650114877381,biweekly,weighted,,region_01
2023-10-28,1,EG.5,0.1839788891375,0.3209775164725,0.08761331439,biweekly,weighted,0.0,region_01
2023-11-04,1,EG.5,0.1997984370215,0.33299540802850003,0.10269797733050001,biweekly,weighted,,region_01
2023-11-11,1,EG.5,0.2156179849055,0.3450132995845,0.11778264027100001,biweekly,weighted,0.0,region_01
2023-11-18,1,EG.5,0.17862374173871776,0.2841686718407984,0.09965515733082259,biweekly,weighted,,region_01
2023-11-25,1,EG.5,0.1416294985719355,0.22332404409709677,0.08152767439064516,biweekly,weighted,0.0,region_01
2023-12-02,1,EG.5,0.13369411577596774,0.20994312409660393,0.07750082539907258,biweekly,weighted,,region_01
2023-12-09,1,EG.5,0.12575873297999998,0.1965622040961111,0.0734739764075,biweekly,weighted,0.0,region_01
2023-12-16,1,EG.5,0.084497024925,0.13666325228305556,0.04747189834875,biweekly,weighted,,region_01
2023-12-23,1,EG.5,0.04323531687,0.07676430047,0.02146982029,biweekly,weighted,0.0,region_01
2023-07-22,1,FL.1.5.1,0.12266536305291666,0.20501948830875003,0.0648019550525,biweekly,weighted,0.0,region_01
2023-07-29,1,FL.1.5.1,0.12074635238539402,0.1927820500991712,0.06900414364660326,biweekly,weighted,,region_01
2023-08-05,1,FL.1.5.1,0.11882734171787138,0.1805446118895924,0.07320633224070652,biweekly,weighted,,region_01
2023-08-12,1,FL.1.5.1,0.11690833105034873,0.16830717368001358,0.07740852083480979,biweekly,weighted,,region_01
2023-08-19,1,FL.1.5.1,0.1149893203828261,0.15606973547043476,0.08161070942891305,biweekly,weighted,0.0,region_01
2023-08-26,1,FL.1.5.1,0.1260686003227464,0.1665293261984396,0.09250221567012319,biweekly,weighted,,region_01
2023-09-02,1,FL.1.5.1,0.13714788026266667,0.17698891692644445,0.10339372191133334,biweekly,weighted,0.0,region_01
2023-09-09,1,FL.1.5.1,0.13302604152303787,0.17205686034833587,0.1000452097129394,biweekly,weighted,,region_01
2023-09-16,1,FL.1.5.1,0.12890420278340908,0.1671248037702273,0.09669669751454545,biweekly,weighted,0.0,region_01
2023-09-23,1,FL.1.5.1,0.12396902623670454,0.1609832923897648,0.09287229864378435,biweekly,weighted,,region_01
2023-09-30,1,FL.1.5.1,0.11903384969,0.15484178100930232,0.08904789977302326,biweekly,weighted,0.0,region_01
2023-10-07,1,FL.1.5.1,0.1330867709629762,0.18569817925822257,0.09114182618127353,biweekly,weighted,,region_01
2023-10-14,1,FL.1.5.1,0.14713969223595239,0.21655457750714285,0.09323575258952381,biweekly,weighted,0.0,region_01
2023-10-21,1,FL.1.5.1,0.13395299703390873,0.20060343735924602,0.08313976668742064,biweekly,weighted,,region_01
2023-10-28,1,FL.1.5.1,0.12076630183186508,0.1846522972113492,0.07304378078531745,biweekly,weighted,,region_01
2023-11-04,1,FL.1.5.1,0.10757960662982144,0.1687011570634524,0.06294779488321428,biweekly,weighted,,region_01
2023-11-11,1,FL.1.5.1,0.09439291142777778,0.15275001691555556,0.05285180898111111,biweekly,weighted,0.0,region_01
2023-11-18,1,FL.1.5.1,0.07626581709444444,0.12756422741555556,0.040954209139999996,biweekly,weighted,,region_01
2023-11-25,1,FL.1.5.1,0.05813872276111111,0.10237843791555555,0.029056609298888886,biweekly,weighted,0.0,region_01
2023-09-16,1,GK.1.1,0.03896564335810811,0.06819059639324325,0.01981219302,biweekly,weighted,0.0,region_01
2023-09-16,1,GK.2,0.028888835499487182,0.05117525876666667,0.014477786321025641,biweekly,weighted,0.0,region_01
2023-10-14,1,HK.3,0.05148352723888889,0.08479930874444445,0.028591924863333333,biweekly,weighted,0.0,region_01
2023-10-21,1,HK.3,0.05240304572880952,0.0878018169179762,0.028378771905535713,biweekly,weighted,,region_01
2023-10-28,1,HK.3,0.05332256421873016,0.09080432509150795,0.028165618947738093,biweekly,weighted,,region_01
2023-11-04,1,HK.3,0.0542420827086508,0.09380683326503969,0.027952465989940476,biweekly,weighted,,region_01
2023-11-11,1,HK.3,0.055161601198571435,0.09680934143857144,0.027739313032142856,biweekly,weighted,0.0,region_01
2023-11-18,1,HK.3,0.062431537472063495,0.10914642745123017,0.031484067292738095,biweekly,weighted,,region_01
2023-11-25,1,HK.3,0.06970147374555555,0.1214835134638889,0.03522882155333333,biweekly,weighted,0.0,region_01
2023-12-02,1,HK.3,0.08614293837685671,0.1442789939604971,0.04602040838456141,biweekly,weighted,,region_01
2023-12-09,1,HK.3,0.1025844030081579,0.16707447445710527,0.05681199521578948,biweekly,weighted,0.0,region_01
2023-12-16,1,HK.3,0.07445598336796784,0.11903407830994153,0.042603524107061405,biweekly,weighted,,region_01
2023-12-23,1,HK.3,0.04632756372777778,0.07099368216277778,0.02839505299833333,biweekly,weighted,0.0,region_01
2023-09-02,1,HV.1,0.0381166514175,0.06319673350886364,0.020968762480227273,biweekly,weighted,0.0,region_01
2023-09-09,1,HV.1,0.06023261674909092,0.0879304696465909,0.039519508453863636,biweekly,weighted,,region_01
2023-09-16,1,HV.1,0.08234858208068183,0.11266420578431818,0.0580702544275,biweekly,weighted,0.0,region_01
2023-09-23,1,HV.1,0.09310475511777994,0.142610490214842,0.0569034699582622,biweekly,weighted,,region_01
2023-09-30,1,HV.1,0.10386092815487805,0.17255677464536584,0.05573668548902439,biweekly,weighted,0.0,region_01
2023-10-07,1,HV.1,0.1728703883261295,0.23199054370375435,0.12637510791855983,biweekly,weighted,,region_01
2023-10-14,1,HV.1,0.24187984849738098,0.29142431276214287,0.19701353034809524,biweekly,weighted,0.0,region_01
2023-10-21,1,HV.1,0.30728919697641777,0.40666297097516235,0.2181981032258658,biweekly,weighted,,region_01
2023-10-28,1,HV.1,0.37269854545545456,0.5219016291881818,0.23938267610363637,biweekly,weighted,0.0,region_01
2023-11-04,1,HV.1,0.31808329336297725,0.4399253119123409,0.2112056063833182,biweekly,weighted,,region_01
2023-11-11,1,HV.1,0.2634680412705,0.3579489946365,0.183028536663,biweekly,weighted,0.0,region_01
2023-11-18,1,HV.1,0.3090977739544167,0.4209682524203333,0.211228167079,biweekly,weighted,,region_01
2023-11-25,1,HV.1,0.35472750663833336,0.4839875102041667,0.239427797495,biweekly,weighted,0.0,region_01
2023-12-02,1,HV.1,0.3325316549139035,0.4383828236080044,0.2377416189557895,biweekly,weighted,,region_01
2023-12-09,1,HV.1,0.3103358031894737,0.3927781370118421,0.23605544041657897,biweekly,weighted,0.0,region_01
2023-12-16,1,HV.1,0.26646744697284497,0.3348708123409211,0.20534205045085707,biweekly,weighted,,region_01
2023-12-23,1,HV.1,0.22259909075621623,0.27696348767,0.17462866048513515,biweekly,weighted,0.0,region_01
2023-12-30,1,HV.1,0.17346910788574701,0.21630356915555554,0.13601092786701202,biweekly,weighted,,region_01
2024-01-06,1,HV.1,0.12433912501527779,0.1556436506411111,0.09739319524888888,biweekly,weighted,0.0,region_01
2023-12-09,1,JD.1.1,0.07914453450763158,0.10947074349026316,0.05511098590342105,biweekly,weighted,0.0,region_01
2023-12-16,1,JD.1.1,0.07204805684839913,0.10103854848013158,0.049322987686016076,biweekly,weighted,,region_01
2023-12-23,1,JD.1.1,0.06495157918916666,0.09260635347,0.04353498946861111,biweekly,weighted,0.0,region_01
2023-12-30,1,JD.1.1,0.048876625278333335,0.07409782221305555,0.030527314429583334,biweekly,weighted,,region_01
2024-01-06,1,JD.1.1,0.0328016713675,0.055589290956111106,0.017519639390555553,biweekly,weighted,0.0,region_01
2023-12-23,1,JG.3,0.034415675325000006,0.061606820675,0.016941422595,biweekly,weighted,0.0,region_01
2023-12-09,1,JN.1,0.20824813883,0.3143150315091892,0.12515368816,biweekly,weighted,0.0,region_01
2023-12-16,1,JN.1,0.3392355125897297,0.42504646125702705,0.2653031876762162,biweekly,weighted,,region_01
2023-12-23,1,JN.1,0.47022288634945947,0.5357778910048648,0.40545268719243244,biweekly,weighted,0.0,region_01
2023-12-30,1,JN.1,0.5967231244997298,0.6511653331257181,0.5409464204982162,biweekly,weighted,,region_01
2024-01-06,1,JN.1,0.72322336265,0.7665527752465715,0.676440153804,biweekly,weighted,0.0,region_01
2024-01-13,1,JN.1,0.7802208057471428,0.8214811044082857,0.7339401423934286,biweekly,weighted,,region_01
2024-01-20,1,JN.1,0.8372182488442856,0.87640943357,0.7914401309828571,biweekly,weighted,0.0,region_01
2024-01-27,1,JN.1,0.8416426371124369,0.881676294022647,0.7926294242377521,biweekly,weighted,,region_01
2024-02-03,1,JN.1,0.8460670253805882,0.8869431544752941,0.7938187174926471,biweekly,weighted,0.0,region_01
2024-02-10,1,JN.1,0.8335697860724816,0.8735299140548346,0.7839399593166361,biweekly,weighted,,region_01
2024-02-17,1,JN.1,0.821072546764375,0.860116673634375,0.774061201140625,biweekly,weighted,0.0,region_01
2024-02-24,1,JN.1,0.7713151685890625,0.833172217011875,0.697919985279375,biweekly,weighted,,region_01
2024-03-02,1,JN.1,0.72155779041375,0.806227760389375,0.621778769418125,biweekly,weighted,0.0,region_01
2024-03-09,1,JN.1,0.7069860306970537,0.7908312442841519,0.610408671332991,biweekly,weighted,,region_01
2024-03-16,1,JN.1,0.6924142709803572,0.7754347281789286,0.5990385732478571,biweekly,weighted,0.0,region_01
2024-03-23,1,JN.1,0.6221527425308929,0.7038686307408928,0.5342069784446428,biweekly,weighted,,region_01
2024-03-30,1,JN.1,0.5518912140814286,0.6323025333028571,0.4693753836414286,biweekly,weighted,0.0,region_01
2024-04-06,1,JN.1,0.4862045913582143,0.6022695778380953,0.3742136690944643,biweekly,weighted,,region_01
2024-04-13,1,JN.1,0.420517968635,0.5722366223733334,0.2790519545475,biweekly,weighted,0.0,region_01
2024-04-20,1,JN.1,0.34578315572218754,0.5009704281891667,0.21258159012875,biweekly,weighted,,region_01
2024-04-27,1,JN.1,0.271048342809375,0.429704234005,0.14611122571000001,biweekly,weighted,0.0,region_01
2024-05-04,1,JN.1,0.23205746803343752,0.3730656281125,0.1242877300825,biweekly,weighted,,region_01
2024-05-11,1,JN.1,0.1930665932575,0.31642702222,0.102464234455,biweekly,weighted,0.0,region_01
2024-05-18,1,JN.1,0.16491538099875,0.26983985305,0.0884782439075,biweekly,weighted,,region_01
2024-05-25,1,JN.1,0.13676416874,0.22325268388,0.07449225336,biweekly,weighted,0.0,region_01
2024-04-27,1,JN.1.13.1,0.13577950964882354,0.22807380294235297,0.07071724227235293,biweekly,weighted,0.0,region_01
2024-03-02,1,JN.1.7,0.07106279315642858,0.12168254304071428,0.03688146493214285,biweekly,weighted,0.0,region_01
2024-03-09,1,JN.1.7,0.07546991845988096,0.12914273812535715,0.0391311468977381,biweekly,weighted,,region_01
2024-03-16,1,JN.1.7,0.07987704376333334,0.13660293321,0.04138082886333334,biweekly,weighted,0.0,region_01
2024-03-23,1,JN.1.7,0.11160670531291667,0.19506305580375002,0.054819097120416674,biweekly,weighted,,region_01
2024-03-30,1,JN.1.7,0.1433363668625,0.25352317839750005,0.0682573653775,biweekly,weighted,0.0,region_01
2024-04-06,1,JN.1.7,0.18504339270125,0.32166351750375,0.08807284943875,biweekly,weighted,,region_01
2024-04-13,1,JN.1.7,0.22675041854,0.38980385661,0.1078883335,biweekly,weighted,0.0,region_01
2024-04-20,1,JN.1.7,0.1712140449795238,0.29698928090738097,0.08199778988619048,biweekly,weighted,,region_01
2024-04-27,1,JN.1.7,0.11567767141904761,0.2041747052047619,0.05610724627238096,biweekly,weighted,0.0,region_01
2024-02-17,1,JN.1.8.1,0.06121193897,0.108643922955,0.0301863597725,biweekly,weighted,0.0,region_01
2024-02-24,1,JN.1.8.1,0.07282133242133333,0.1201694641265,0.040102599158416664,biweekly,weighted,,region_01
2024-03-02,1,JN.1.8.1,0.08443072587266666,0.131695005298,0.05001883854433333,biweekly,weighted,0.0,region_01
2024-03-09,1,JN.1.8.1,0.10169368311883334,0.1579515427365,0.06026923234216666,biweekly,weighted,,region_01
2024-03-16,1,JN.1.8.1,0.118956640365,0.184208080175,0.07051962614,biweekly,weighted,0.0,region_01
2024-04-13,1,KP.2,0.1039152425524,0.1775609678032,0.053400847017600006,biweekly,weighted,0.0,region_01
2024-04-20,1,KP.2,0.1385682657800889,0.2267100567290074,0.07504293967102223,biweekly,weighted,,region_01
2024-04-27,1,KP.2,0.17322128900777778,0.27585914565481484,0.09668503232444445,biweekly,weighted,0.0,region_01
2024-05-04,1,KP.2,0.20403490905388888,0.3376159808724074,0.10506467286722222,biweekly,weighted,,region_01
2024-05-11,1,KP.2,0.2348485291,0.39937281609,0.11344431341,biweekly,weighted,0.0,region_01
2024-05-18,1,KP.2,0.2065250337696154,0.342407461258077,0.10596886922115384,biweekly,weighted,,region_01
2024-05-25,1,KP.2,0.17820153843923076,0.28544210642615386,0.09849342503230768,biweekly,weighted,0.0,region_01
2024-06-01,1,KP.2,0.15920735140354397,0.2620600376812912,0.08490617592758241,biweekly,weighted,,region_01
2024-06-08,1,KP.2,0.14021316436785716,0.2386779689364286,0.07131892682285715,biweekly,weighted,0.0,region_01
2024-06-22,1,KP.2.3,0.21460133791,0.35922789574,0.10810413212,biweekly,weighted,0.0,region_01
2024-06-29,1,KP.2.3,0.14964604564,0.2535792374996875,0.07524432638,biweekly,weighted,,region_01
2024-07-06,1,KP.2.3,0.08469075337,0.147930579259375,0.04238452064,biweekly,weighted,0.0,region_01
2024-07-13,1,KP.2.3,0.08131280230958333,0.14177239329203126,0.04086057193833333,biweekly,weighted,,region_01
2024-07-20,1,KP.2.3,0.07793485124916666,0.13561420732468749,0.03933662323666667,biweekly,weighted,,region_01
2024-07-27,1,KP.2.3,0.07455690018875,0.12945602135734374,0.037812674535,biweekly,weighted,,region_01
2024-08-03,1,KP.2.3,0.07117894912833334,0.12329783539,0.036288725833333334,biweekly,weighted,0.0,region_01
2024-08-10,1,KP.2.3,0.10107741566972223,0.1751707245911111,0.05062456118611111,biweekly,weighted,,region_01
2024-08-17,1,KP.2.3,0.13097588221111112,0.22704361379222224,0.0649603965388889,biweekly,weighted,0.0,region_01
2024-08-24,1,KP.2.3,0.11344922178618055,0.18063516728611112,0.06543746738100695,biweekly,weighted,,region_01
2024-08-31,1,KP.2.3,0.09592256136125,0.13422672078,0.065914538223125,biweekly,weighted,0.0,region_01
2024-09-07,1,KP.2.3,0.10575752475529167,0.15844506385399998,0.06634802419422917,biweekly,weighted,,region_01
2024-09-14,1,KP.2.3,0.11559248814933333,0.18266340692799998,0.06678151016533333,biweekly,weighted,0.0,region_01
2024-06-22,1,KP.3,0.21701731532833335,0.3700150400405555,0.10593676360111111,biweekly,weighted,0.0,region_01
2024-06-29,1,KP.3,0.20070796869716667,0.34072493836402773,0.09948338502005555,biweekly,weighted,,region_01
2024-07-06,1,KP.3,0.184398622066,0.3114348366875,0.093030006439,biweekly,weighted,0.0,region_01
2024-07-13,1,KP.3,0.202308008633875,0.3222721885905,0.112993619963875,biweekly,weighted,,region_01
2024-07-20,1,KP.3,0.22021739520175,0.3331095404935,0.13295723348875,biweekly,weighted,,region_01
2024-07-27,1,KP.3,0.23812678176962498,0.3439468923965,0.152920847013625,biweekly,weighted,,region_01
2024-08-03,1,KP.3,0.2560361683375,0.3547842442995,0.17288446053849998,biweekly,weighted,0.0,region_01
2024-08-10,1,KP.3,0.2176647588614583,0.30479201724195837,0.14549686138837498,biweekly,weighted,,region_01
2024-08-17,1,KP.3,0.17929334938541666,0.2547997901844167,0.11810926223825,biweekly,weighted,,region_01
2024-08-24,1,KP.3,0.14092193990937502,0.204807563126875,0.09072166308812499,biweekly,weighted,,region_01
2024-08-31,1,KP.3,0.10255053043333334,0.15481533606933334,0.063334063938,biweekly,weighted,0.0,region_01
2024-09-07,1,KP.3,0.09895547537308642,0.1498212112972716,0.06091609867477777,biweekly,weighted,,region_01
2024-09-14,1,KP.3,0.09536042031283952,0.1448270865252099,0.05849813341155555,biweekly,weighted,,region_01
2024-09-21,1,KP.3,0.0917653652525926,0.13983296175314816,0.056080168148333324,biweekly,weighted,,region_01
2024-09-28,1,KP.3,0.08817031019234568,0.13483883698108642,0.0536622028851111,biweekly,weighted,,region_01
2024-10-05,1,KP.3,0.08457525513209878,0.1298447122090247,0.051244237621888886,biweekly,weighted,,region_01
2024-10-12,1,KP.3,0.08098020007185186,0.12485058743696296,0.04882627235866666,biweekly,weighted,,region_01
2024-10-19,1,KP.3,0.07738514501160494,0.11985646266490124,0.04640830709544444,biweekly,weighted,,region_01
2024-10-26,1,KP.3,0.07379008995135804,0.1148623378928395,0.04399034183222222,biweekly,weighted,,region_01
2024-11-02,1,KP.3,0.07019503489111112,0.10986821312077778,0.041572376568999994,biweekly,weighted,,region_01
2024-11-09,1,KP.3,0.0665999798308642,0.10487408834871606,0.03915441130577777,biweekly,weighted,,region_01
2024-11-16,1,KP.3,0.0630049247706173,0.09987996357665432,0.03673644604255555,biweekly,weighted,,region_01
2024-11-23,1,KP.3,0.05940986971037038,0.0948858388045926,0.03431848077933333,biweekly,weighted,,region_01
2024-11-30,1,KP.3,0.055814814650123466,0.08989171403253086,0.03190051551611111,biweekly,weighted,,region_01
2024-12-07,1,KP.3,0.052219759589876555,0.08489758926046914,0.029482550252888887,biweekly,weighted,,region_01
2024-12-14,1,KP.3,0.048624704529629637,0.0799034644884074,0.027064584989666664,biweekly,weighted,,region_01
2024-12-21,1,KP.3,0.045029649469382725,0.07490933971634568,0.02464661972644444,biweekly,weighted,,region_01
2024-12-28,1,KP.3,0.041434594409135814,0.06991521494428396,0.022228654463222218,biweekly,weighted,,region_01
2025-01-04,1,KP.3,0.03783953934888889,0.06492109017222222,0.0198106892,biweekly,weighted,0.0,region_01
2024-07-20,1,KP.3.1.1,0.1424852973888889,0.22535506139333336,0.08137714159111112,biweekly,weighted,0.0,region_01
2024-07-27,1,KP.3.1.1,0.16706849679290597,0.2740185479524359,0.08910587393363248,biweekly,weighted,,region_01
2024-08-03,1,KP.3.1.1,0.19165169619692307,0.3226820345115385,0.09683460627615384,biweekly,weighted,0.0,region_01
2024-08-10,1,KP.3.1.1,0.26485141387022626,0.37960628072900454,0.17294612097042986,biweekly,weighted,,region_01
2024-08-17,1,KP.3.1.1,0.33805113154352945,0.4365305269464706,0.24905763566470587,biweekly,weighted,0.0,region_01
2024-08-24,1,KP.3.1.1,0.37821747450358456,0.4764054968731342,0.2871134146116544,biweekly,weighted,,region_01
2024-08-31,1,KP.3.1.1,0.41838381746363973,0.5162804667997978,0.32516919355860296,biweekly,weighted,,region_01
2024-09-07,1,KP.3.1.1,0.4585501604236949,0.5561554367264614,0.36322497250555147,biweekly,weighted,,region_01
2024-09-14,1,KP.3.1.1,0.49871650338375,0.596030406653125,0.40128075145250003,biweekly,weighted,0.0,region_01
2024-09-21,1,KP.3.1.1,0.512414413904375,0.6141389847862053,0.4094876376908929,biweekly,weighted,,region_01
2024-09-28,1,KP.3.1.1,0.526112324425,0.6322475629192857,0.41769452392928574,biweekly,weighted,0.0,region_01
2024-10-05,1,KP.3.1.1,0.5757538639417308,0.6841352446057967,0.46082997493925826,biweekly,weighted,,region_01
2024-10-12,1,KP.3.1.1,0.6253954034584616,0.7360229262923077,0.5039654259492308,biweekly,weighted,0.0,region_01
2024-10-19,1,KP.3.1.1,0.5655132550263141,0.6634768406153205,0.462113521228782,biweekly,weighted,,region_01
2024-10-26,1,KP.3.1.1,0.5056311065941667,0.5909307549383334,0.4202616165083333,biweekly,weighted,0.0,region_01
2024-11-02,1,KP.3.1.1,0.45925086364125,0.5462190397075,0.3742244951425,biweekly,weighted,,region_01
2024-11-09,1,KP.3.1.1,0.4128706206883333,0.5015073244766667,0.3281873737766667,biweekly,weighted,0.0,region_01
2024-11-16,1,KP.3.1.1,0.4216219907008333,0.51220196858125,0.3347711053983333,biweekly,weighted,,region_01
2024-11-23,1,KP.3.1.1,0.4303733607133333,0.5228966126858333,0.34135483701999997,biweekly,weighted,0.0,region_01
2024-11-30,1,KP.3.1.1,0.3849887446021212,0.47184200878473487,0.303085898585,biweekly,weighted,,region_01
2024-12-07,1,KP.3.1.1,0.3396041284909091,0.4207874048836364,0.26481696015,biweekly,weighted,0.0,region_01
2024-12-14,1,KP.3.1.1,0.31570974669636365,0.3969122225581818,0.24250218407545454,biweekly,weighted,,region_01
2024-12-21,1,KP.3.1.1,0.2918153649018182,0.37303704023272727,0.2201874080009091,biweekly,weighted,0.0,region_01
2024-12-28,1,KP.3.1.1,0.24164256265257578,0.33315510385580804,0.16670885794934345,biweekly,weighted,,region_01
2025-01-04,1,KP.3.1.1,0.19146976040333333,0.2932731674788889,0.11323030789777778,biweekly,weighted,0.0,region_01
2025-01-11,1,KP.3.1.1,0.16213645123666665,0.26307816886444446,0.0888858127088889,biweekly,weighted,,region_01
2025-01-18,1,KP.3.1.1,0.13280314207,0.23288317025,0.06454131752,biweekly,weighted,0.0,region_01
2025-01-25,1,KP.3.1.1,0.11009234624583333,0.18046914724166668,0.060469634519999996,biweekly,weighted,,region_01
2025-02-01,1,KP.3.1.1,0.08738155042166666,0.12805512423333335,0.056397951519999996,biweekly,weighted,0.0,region_01
2025-02-08,1,KP.3.1.1,0.08365099641083333,0.13190128964766668,0.049120573762,biweekly,weighted,,region_01
2025-02-15,1,KP.3.1.1,0.0799204424,0.13574745506199998,0.041843196004,biweekly,weighted,0.0,region_01
2024-05-25,1,LB.1,0.10060283542,0.17874006182000002,0.04863830842,biweekly,weighted,0.0,region_01
2024-06-01,1,LB.1,0.12509860318738636,0.2110372255134091,0.06518647409056819,biweekly,weighted,,region_01
2024-06-08,1,LB.1,0.14959437095477274,0.24333438920681819,0.08173463976113636,biweekly,weighted,,region_01
2024-06-15,1,LB.1,0.1740901387221591,0.2756315529002273,0.09828280543170453,biweekly,weighted,,region_01
2024-06-22,1,LB.1,0.19858590648954547,0.30792871659363635,0.11483097110227272,biweekly,weighted,0.0,region_01
2024-06-29,1,LB.1,0.2244912460443182,0.34153751351568185,0.13242548585613634,biweekly,weighted,,region_01
2024-07-06,1,LB.1,0.2503965855990909,0.3751463104377273,0.15002000060999998,biweekly,weighted,0.0,region_01
2024-07-13,1,LB.1,0.23789991970044316,0.35168748453929544,0.14610347460825,biweekly,weighted,,region_01
2024-07-20,1,LB.1,0.22540325380179543,0.32822865864086365,0.1421869486065,biweekly,weighted,,region_01
2024-07-27,1,LB.1,0.21290658790314773,0.30476983274243186,0.13827042260474998,biweekly,weighted,,region_01
2024-08-03,1,LB.1,0.2004099220045,0.281311006844,0.13435389660299998,biweekly,weighted,0.0,region_01
2024-08-10,1,LB.1,0.17262212112558334,0.2562554451333333,0.10804955493583332,biweekly,weighted,,region_01
2024-08-17,1,LB.1,0.14483432024666668,0.23119988342266667,0.08174521326866667,biweekly,weighted,0.0,region_01
2024-08-24,1,LB.1,0.13729810666509804,0.21334066858545098,0.08080235574992156,biweekly,weighted,,region_01
2024-08-31,1,LB.1,0.1297618930835294,0.19548145374823528,0.07985949823117647,biweekly,weighted,0.0,region_01
2024-09-07,1,LB.1,0.12200172879330315,0.18957442378988687,0.07203724961789593,biweekly,weighted,,region_01
2024-09-14,1,LB.1,0.11424156450307692,0.18366739383153846,0.06421500100461539,biweekly,weighted,0.0,region_01
2024-09-21,1,LB.1,0.0991165865065934,0.16120350266722527,0.05497769347703297,biweekly,weighted,,region_01
2024-09-28,1,LB.1,0.0839916085101099,0.13873961150291209,0.045740385949450554,biweekly,weighted,,region_01
2024-10-05,1,LB.1,0.06886663051362638,0.11627572033859891,0.03650307842186813,biweekly,weighted,,region_01
2024-10-12,1,LB.1,0.05374165251714286,0.09381182917428572,0.027265770894285717,biweekly,weighted,0.0,region_01
2024-12-21,1,LB.1.3.1,0.04639894059888889,0.07814227044555555,0.024886492845555556,biweekly,weighted,0.0,region_01
2024-12-28,1,LB.1.3.1,0.03942086785527778,0.06800420644444444,0.020478148737777778,biweekly,weighted,,region_01
2025-01-04,1,LB.1.3.1,0.032442795111666665,0.05786614244333333,0.01606980463,biweekly,weighted,0.0,region_01
2025-01-11,1,LB.1.3.1,0.04379632910625,0.075495288708,0.0227091752,biweekly,weighted,,region_01
2025-01-18,1,LB.1.3.1,0.055149863100833335,0.09312443497266668,0.029348545769999998,biweekly,weighted,,region_01
2025-01-25,1,LB.1.3.1,0.06650339709541667,0.11075358123733334,0.03598791634,biweekly,weighted,,region_01
2025-02-01,1,LB.1.3.1,0.07785693109,0.128382727502,0.04262728691,biweekly,weighted,0.0,region_01
2025-02-08,1,LB.1.3.1,0.08062642651333334,0.132266664256,0.04444475416166667,biweekly,weighted,,region_01
2025-02-15,1,LB.1.3.1,0.08339592193666667,0.13615060101,0.04626222141333333,biweekly,weighted,0.0,region_01
2025-02-01,1,LF.7,0.0449376869925,0.07822599075875,0.022974449675,biweekly,weighted,0.0,region_01
2024-12-07,1,LP.8.1,0.0761281483711111,0.12465771204888888,0.04213901774888889,biweekly,weighted,0.0,region_01
2024-12-14,1,LP.8.1,0.08954347670138889,0.13729232094305555,0.054753440329444444,biweekly,weighted,,region_01
2024-12-21,1,LP.8.1,0.10295880503166668,0.14992692983722222,0.06736786291,biweekly,weighted,,region_01
2024-12-28,1,LP.8.1,0.11637413336194447,0.1625615387313889,0.07998228549055555,biweekly,weighted,,region_01
2025-01-04,1,LP.8.1,0.12978946169222225,0.17519614762555558,0.09259670807111112,biweekly,weighted,0.0,region_01
2025-01-11,1,LP.8.1,0.1447592545297917,0.19223141421729167,0.10531397784645834,biweekly,weighted,,region_01
2025-01-18,1,LP.8.1,0.15972904736736113,0.20926668080902777,0.11803124762180556,biweekly,weighted,,region_01
2025-01-25,1,LP.8.1,0.17469884020493057,0.2263019474007639,0.13074851739715276,biweekly,weighted,,region_01
2025-02-01,1,LP.8.1,0.1896686330425,0.2433372139925,0.1434657871725,biweekly,weighted,0.0,region_01
2025-02-08,1,LP.8.1,0.24497019339767856,0.3220322877169643,0.17809848168124998,biweekly,weighted,,region_01
2025-02-15,1,LP.8.1,0.30027175375285714,0.40072736144142856,0.21273117618999998,biweekly,weighted,0.0,region_01
2025-02-22,1,LP.8.1,0.3544892899329762,0.4584981923310714,0.25984543579749997,biweekly,weighted,,region_01
2025-03-01,1,LP.8.1,0.40870682611309517,0.5162690232207142,0.306959695405,biweekly,weighted,,region_01
2025-03-08,1,LP.8.1,0.4629243622932142,0.5740398541103571,0.35407395501250005,biweekly,weighted,,region_01
2025-03-15,1,LP.8.1,0.5171418984733333,0.6318106849999999,0.40118821462000004,biweekly,weighted,0.0,region_01
2025-03-22,1,LP.8.1,0.5214908520366666,0.64038012425,0.40078593294,biweekly,weighted,,region_01
2025-03-29,1,LP.8.1,0.5258398056,0.6489495635,0.40038365126,biweekly,weighted,0.0,region_01
2025-04-05,1,LP.8.1,0.537518426775,0.6663289219124999,0.40479318797749997,biweekly,weighted,,region_01
2025-04-12,1,LP.8.1,0.54919704795,0.683708280325,0.40920272469499996,biweekly,weighted,0.0,region_01
2025-04-19,1,LP.8.1,0.54811498150375,0.675999339669375,0.41516586765687497,biweekly,weighted,,region_01
2025-04-26,1,LP.8.1,0.5470329150575,0.66829039901375,0.42112901061874997,biweekly,weighted,,region_01
2025-05-03,1,LP.8.1,0.54595084861125,0.660581458358125,0.42709215358062497,biweekly,weighted,,region_01
2025-05-10,1,LP.8.1,0.544868782165,0.6528725177025,0.43305529654249997,biweekly,weighted,,region_01
2025-05-17,1,LP.8.1,0.54378671571875,0.645163577046875,0.439018439504375,biweekly,weighted,,region_01
2025-05-24,1,LP.8.1,0.5427046492725001,0.63745463639125,0.44498158246625,biweekly,weighted,,region_01
2025-05-31,1,LP.8.1,0.54162258282625,0.629745695735625,0.450944725428125,biweekly,weighted,,region_01
2025-06-07,1,LP.8.1,0.54054051638,0.62203675508,0.45690786839,4_week,empiric,0.0,region_01
2024-11-23,1,MC.1,0.07956175785375,0.1383802331975,0.04018333787125,biweekly,weighted,0.0,region_01
2024-12-21,1,MC.10.1,0.0688232816775,0.1196322310725,0.034932177512499996,biweekly,weighted,0.0,region_01
2024-12-28,1,MC.10.1,0.06413865294462501,0.111709540989875,0.032514064478374995,biweekly,weighted,,region_01
2025-01-04,1,MC.10.1,0.05945402421175,0.10378685090725001,0.030095951444249997,biweekly,weighted,,region_01
2025-01-11,1,MC.10.1,0.054769395478875,0.09586416082462501,0.027677838410125,biweekly,weighted,,region_01
2025-01-18,1,MC.10.1,0.050084766746,0.08794147074200001,0.025259725376,biweekly,weighted,0.0,region_01
2025-01-25,1,MC.10.1,0.050879590588,0.08702954054100001,0.026675379648,biweekly,weighted,,region_01
2025-02-01,1,MC.10.1,0.05167441443,0.08611761034,0.02809103392,biweekly,weighted,0.0,region_01
2025-02-08,1,MC.10.1,0.05317710961166667,0.08973891536833334,0.028389275383333336,biweekly,weighted,,region_01
2025-02-15,1,MC.10.1,0.054679804793333335,0.09336022039666667,0.028687516846666667,biweekly,weighted,,region_01
2025-02-22,1,MC.10.1,0.056182499975,0.09698152542499999,0.028985758309999998,biweekly,weighted,,region_01
2025-03-01,1,MC.10.1,0.05768519515666667,0.10060283045333333,0.029283999773333333,biweekly,weighted,,region_01
2025-03-08,1,MC.10.1,0.059187890338333334,0.10422413548166667,0.029582241236666668,biweekly,weighted,,region_01
2025-03-15,1,MC.10.1,0.06069058552,0.10784544051,0.0298804827,biweekly,weighted,0.0,region_01
2025-10-25,1,NB.1.8.1,0.16161616147,0.25221338868,0.09799959511,4_week,empiric,0.0,region_01
2021-01-30,1,Other,0.6240712975475,0.7195811122658333,0.5245289628716666,biweekly,weighted,0.0,region_01
2021-02-06,1,Other,0.6054037176066667,0.6877748842041667,0.5198812521995833,biweekly,weighted,,region_01
2021-02-13,1,Other,0.5867361376658333,0.6559686561425,0.5152335415275,biweekly,weighted,0.0,region_01
2021-02-20,1,Other,0.53689151133,0.5948477449516667,0.4739255358770833,biweekly,weighted,,region_01
2021-02-27,1,Other,0.48704688499416665,0.5337268337608333,0.43261753022666666,biweekly,weighted,0.0,region_01
2021-03-06,1,Other,0.686065495014,0.8024266838999999,0.5447747886200001,weekly,weighted,0.0,region_01
2021-03-13,1,Other,0.56064556837,0.68800393343,0.428503847124,weekly,weighted,0.0,region_01
2021-03-20,1,Other,0.48890553712599993,0.5831851482379999,0.397648876906,weekly,weighted,0.0,region_01
2021-03-27,1,Other,0.37887862920800003,0.44297996163400005,0.315048772096,weekly,weighted,0.0,region_01
2021-04-03,1,Other,0.326891407372,0.40093436241200003,0.258098593354,weekly,weighted,0.0,region_01
2021-04-10,1,Other,0.28731565773400003,0.412236338852,0.19088775366799998,weekly,weighted,0.0,region_01
2021-04-17,1,Other,0.234803315996,0.29829833507399994,0.18072000891,weekly,weighted,0.0,region_01
2021-04-24,1,Other,0.200650322438,0.24607294350799996,0.160453222694,weekly,weighted,0.0,region_01
2021-05-01,1,Other,0.149142471702,0.203337439896,0.10835616849199999,weekly,weighted,0.0,region_01
2021-05-08,1,Other,0.9226680458909412,0.9308754021636471,0.9133558238256471,weekly,weighted,0.0,region_01
2021-05-15,1,Other,0.8931990485936782,0.9078288426857472,0.8748286274828735,weekly,weighted,0.0,region_01
2021-05-22,1,Other,0.8678448597734092,0.8888623490929546,0.8446511436693181,weekly,weighted,0.0,region_01
2021-05-29,1,Other,0.8568367482342528,0.885581168892069,0.8228233211793103,weekly,weighted,0.0,region_01
2021-06-05,1,Other,0.8701286827817647,0.9142900172399999,0.8084784114398823,weekly,weighted,0.0,region_01
2021-06-12,1,Other,0.881156963534535,0.9096254901315116,0.8463704393915117,weekly,weighted,0.0,region_01
2021-06-19,1,Other,0.7196989438786585,0.7866687820084146,0.6465784411017074,weekly,weighted,0.0,region_01
2021-06-26,1,Other,0.642584034582317,0.7316556794614635,0.5453582493263415,weekly,weighted,0.0,region_01
2021-07-03,1,Other,0.4659511350451807,0.5471337288621687,0.3892855106080723,weekly,weighted,0.0,region_01
2021-07-10,1,Other,0.21479291818682927,0.2861583936147561,0.15631813176585366,weekly,weighted,0.0,region_01
2021-07-17,1,Other,0.07890322313588236,0.11302464306364707,0.05385483073882353,weekly,weighted,0.0,region_01
2021-07-24,1,Other,0.043598496253292686,0.06648295459036585,0.02702740377731707,weekly,weighted,0.0,region_01
2021-07-31,1,Other,0.041907971308235294,0.061109179082941174,0.02748971783070588,weekly,weighted,0.0,region_01
2021-08-07,1,Other,0.020847385299764706,0.03225873352682353,0.012926663386705882,weekly,weighted,0.0,region_01
2021-08-14,1,Other,0.012969381542705882,0.019651386887058822,0.008126902459529411,weekly,weighted,0.0,region_01
2021-08-21,1,Other,0.013841170209305555,0.02584468102486111,0.007029302844027778,weekly,weighted,0.0,region_01
2021-08-28,1,Other,0.00661161682,0.03376463056,0.001266042,weekly,weighted,0.0,region_01
2021-09-04,1,Other,0.00671530794,0.02759188972,0.00160824601,weekly,weighted,0.0,region_01
2021-09-11,1,Other,0.0066145468581686045,0.026922548547536337,0.0016133146840843022,weekly,weighted,,region_01
2021-09-18,1,Other,0.006513785776337209,0.02625320737507267,0.0016183833581686047,weekly,weighted,,region_01
2021-09-25,1,Other,0.006413024694505814,0.02558386620260901,0.001623452032252907,weekly,weighted,,region_01
2021-10-02,1,Other,0.006312263612674418,0.024914525030145348,0.0016285207063372093,weekly,weighted,,region_01
2021-10-09,1,Other,0.006211502530843023,0.024245183857681686,0.0016335893804215115,weekly,weighted,,region_01
2021-10-16,1,Other,0.006110741449011628,0.02357584268521802,0.001638658054505814,weekly,weighted,,region_01
2021-10-23,1,Other,0.006009980367180232,0.02290650151275436,0.0016437267285901163,weekly,weighted,,region_01
2021-10-30,1,Other,0.005909219285348837,0.022237160340290697,0.0016487954026744185,weekly,weighted,,region_01
2021-11-06,1,Other,0.0058084582035174415,0.021567819167827032,0.001653864076758721,weekly,weighted,,region_01
2021-11-13,1,Other,0.005707697121686046,0.02089847799536337,0.0016589327508430233,weekly,weighted,,region_01
2021-11-20,1,Other,0.0056069360398546516,0.02022913682289971,0.0016640014249273256,weekly,weighted,,region_01
2021-11-27,1,Other,0.005506174958023256,0.019559795650436047,0.0016690700990116278,weekly,weighted,,region_01
2021-12-04,1,Other,0.005405413876191861,0.01889045447797238,0.0016741387730959303,weekly,weighted,,region_01
2021-12-11,1,Other,0.005304652794360465,0.01822111330550872,0.0016792074471802326,weekly,weighted,,region_01
2021-12-18,1,Other,0.00520389171252907,0.017551772133045058,0.0016842761212645348,weekly,weighted,,region_01
2021-12-25,1,Other,0.005103130630697675,0.016882430960581396,0.0016893447953488373,weekly,weighted,,region_01
2022-01-01,1,Other,0.005002369548866279,0.01621308978811773,0.0016944134694331396,weekly,weighted,,region_01
2022-01-08,1,Other,0.004901608467034884,0.015543748615654069,0.0016994821435174418,weekly,weighted,,region_01
2022-01-15,1,Other,0.0048008473852034885,0.014874407443190405,0.0017045508176017441,weekly,weighted,,region_01
2022-01-22,1,Other,0.004700086303372093,0.014205066270726744,0.0017096194916860466,weekly,weighted,,region_01
2022-01-29,1,Other,0.004599325221540698,0.01353572509826308,0.0017146881657703489,weekly,weighted,,region_01
2022-02-05,1,Other,0.004498564139709302,0.012866383925799418,0.0017197568398546511,weekly,weighted,,region_01
2022-02-12,1,Other,0.004397803057877907,0.012197042753335755,0.0017248255139389534,weekly,weighted,,region_01
2022-02-19,1,Other,0.0042970419760465116,0.011527701580872091,0.0017298941880232559,weekly,weighted,,region_01
2022-02-26,1,Other,0.004196280894215116,0.01085836040840843,0.0017349628621075581,weekly,weighted,,region_01
2022-03-05,1,Other,0.004095519812383721,0.010189019235944766,0.0017400315361918604,weekly,weighted,,region_01
2022-03-12,1,Other,0.003994758730552325,0.009519678063481104,0.0017451002102761629,weekly,weighted,,region_01
2022-03-19,1,Other,0.0038939976487209304,0.00885033689101744,0.0017501688843604651,weekly,weighted,,region_01
2022-03-26,1,Other,0.003793236566889535,0.008180995718553779,0.0017552375584447674,weekly,weighted,,region_01
2022-04-02,1,Other,0.0036924754850581397,0.007511654546090115,0.0017603062325290697,weekly,weighted,,region_01
2022-04-09,1,Other,0.0035917144032267443,0.006842313373626453,0.0017653749066133722,weekly,weighted,,region_01
2022-04-16,1,Other,0.003490953321395349,0.006172972201162791,0.0017704435806976744,weekly,weighted,0.0,region_01
2021-03-13,1,P.1,0.01563103292,0.07006209343599999,0.00333527536,weekly,weighted,0.0,region_01
2021-03-20,1,P.1,0.028503670170000002,0.064163360744,0.012438165210000001,weekly,weighted,0.0,region_01
2021-03-27,1,P.1,0.045311705768,0.173943313956,0.010598397068,weekly,weighted,0.0,region_01
2021-04-03,1,P.1,0.047615285964,0.141985745728,0.014867180958000001,weekly,weighted,0.0,region_01
2021-04-10,1,P.1,0.065052651612,0.12990168929,0.031828479098000004,weekly,weighted,0.0,region_01
2021-04-17,1,P.1,0.056985545902,0.160070252418,0.019290371982000003,weekly,weighted,0.0,region_01
2021-04-24,1,P.1,0.079310688376,0.191481983662,0.030646579712,weekly,weighted,0.0,region_01
2021-05-01,1,P.1,0.102578490974,0.22836551964399998,0.04226918444,weekly,weighted,0.0,region_01
2021-05-08,1,P.1,0.099941353502,0.21127239167399997,0.0440888606,weekly,weighted,0.0,region_01
2021-05-15,1,P.1,0.1087566111225,0.1880202936025,0.0615755212475,weekly,weighted,0.0,region_01
2021-05-22,1,P.1,0.12012292165249999,0.21290100459,0.064658326095,weekly,weighted,0.0,region_01
2021-05-29,1,P.1,0.11793874856125,0.20686607249125,0.0645217522975,weekly,weighted,0.0,region_01
2021-06-05,1,P.1,0.1171401459725,0.18727863207375,0.07109227403875,weekly,weighted,0.0,region_01
2021-06-12,1,P.1,0.10058958549,0.171043641865,0.056296372321249996,weekly,weighted,0.0,region_01
2021-06-19,1,P.1,0.09667387480666667,0.295195197065,0.026602319753333336,weekly,weighted,0.0,region_01
2021-06-26,1,P.1,0.11339405737875,0.20080564357375,0.06022796453875,weekly,weighted,0.0,region_01
2021-07-03,1,P.1,0.055509714875000005,0.17422715853875,0.01759867579625,weekly,weighted,0.0,region_01
2021-07-10,1,P.1,0.033011828316250005,0.10641047824187501,0.010202146426875001,weekly,weighted,,region_01
2021-07-17,1,P.1,0.010513941757499999,0.038593797945,0.0028056170575000003,weekly,weighted,0.0,region_01
2021-07-24,1,P.1,0.005805340015,0.0287269442375,0.0011513213375,weekly,weighted,0.0,region_01
2021-07-31,1,P.1,0.010832394474285715,0.019194140762857144,0.00595291072,weekly,weighted,0.0,region_01
2021-08-07,1,P.1,0.0060963670275,0.0144289135925,0.002568472525,weekly,weighted,0.0,region_01
2021-02-13,1,P.2,0.010256279465555554,0.03011319227777778,0.0034470829811111114,biweekly,weighted,0.0,region_01
2021-02-20,1,P.2,0.009718129720555555,0.026537072329444446,0.0035433936611111113,biweekly,weighted,,region_01
2021-02-27,1,P.2,0.009179979975555556,0.02296095238111111,0.0036397043411111113,biweekly,weighted,0.0,region_01
2022-11-05,1,XBB,0.023100752382,0.04130076766,0.011444515176,weekly,weighted,0.0,region_01
2022-11-12,1,XBB,0.03532708240178947,0.06178936730842106,0.017977392188526318,weekly,weighted,,region_01
2022-11-19,1,XBB,0.04755341242157895,0.08227796695684211,0.024510269201052634,weekly,weighted,0.0,region_01
2022-11-26,1,XBB,0.043475260767039475,0.06790569085417106,0.026304927263026315,weekly,weighted,,region_01
2022-12-03,1,XBB,0.0393971091125,0.053533414751499996,0.028099585325,weekly,weighted,0.0,region_01
2022-12-10,1,XBB,0.02586774028105263,0.03919858563894737,0.01619004860263158,weekly,weighted,0.0,region_01
2022-12-17,1,XBB,0.02550851797230769,0.04405521200384615,0.013289743676153846,weekly,weighted,0.0,region_01
2022-12-24,1,XBB,0.024603379246153845,0.043045440546923074,0.012582811813076923,weekly,weighted,,region_01
2022-12-31,1,XBB,0.02369824052,0.04203566909,0.01187587995,weekly,weighted,0.0,region_01
2023-01-07,1,XBB,0.026365174724,0.045391412826,0.013790928014,weekly,weighted,0.0,region_01
2023-01-14,1,XBB,0.0273248800075,0.0440248455875,0.015683027917500002,weekly,weighted,0.0,region_01
2023-01-21,1,XBB,0.02159599610375,0.03623631317375,0.011766707058750001,weekly,weighted,,region_01
2023-01-28,1,XBB,0.0158671122,0.02844778076,0.0078503862,weekly,weighted,0.0,region_01
2023-04-15,1,XBB.1.16,0.04881380498,0.08398173004,0.02535441145,biweekly,weighted,0.0,region_01
2023-04-22,1,XBB.1.16,0.054061850681683676,0.09200423104122449,0.028479553129642857,biweekly,weighted,,region_01
2023-04-29,1,XBB.1.16,0.059309896383367346,0.10002673204244898,0.03160469480928572,biweekly,weighted,,region_01
2023-05-06,1,XBB.1.16,0.06455794208505101,0.10804923304367348,0.03472983648892857,biweekly,weighted,,region_01
2023-05-13,1,XBB.1.16,0.06980598778673469,0.11607173404489797,0.03785497816857143,biweekly,weighted,0.0,region_01
2023-05-20,1,XBB.1.16,0.07505157795153061,0.12620072545693878,0.03995747385255102,biweekly,weighted,,region_01
2023-05-27,1,XBB.1.16,0.08029716811632653,0.1363297168689796,0.042059969536530614,biweekly,weighted,0.0,region_01
2023-06-03,1,XBB.1.16,0.08099892615755952,0.13829191614410716,0.04206483447440476,biweekly,weighted,,region_01
2023-06-10,1,XBB.1.16,0.08170068419879252,0.14025411541923472,0.042069699412278914,biweekly,weighted,,region_01
2023-06-17,1,XBB.1.16,0.08240244224002552,0.14221631469436224,0.04207456435015306,biweekly,weighted,,region_01
2023-06-24,1,XBB.1.16,0.0831042002812585,0.1441785139694898,0.042079429288027215,biweekly,weighted,,region_01
2023-07-01,1,XBB.1.16,0.08380595832249149,0.14614071324461736,0.04208429422590136,biweekly,weighted,,region_01
2023-07-08,1,XBB.1.16,0.08450771636372449,0.1481029125197449,0.04208915916377551,biweekly,weighted,,region_01
2023-07-15,1,XBB.1.16,0.08520947440495749,0.15006511179487245,0.04209402410164966,biweekly,weighted,,region_01
2023-07-22,1,XBB.1.16,0.08591123244619048,0.15202731107,0.04209888903952381,biweekly,weighted,0.0,region_01
2023-07-29,1,XBB.1.16,0.08238067855815873,0.14552054396383335,0.040534249868103174,biweekly,weighted,,region_01
2023-08-05,1,XBB.1.16,0.07885012467012699,0.13901377685766667,0.03896961069668254,biweekly,weighted,,region_01
2023-08-12,1,XBB.1.16,0.07531957078209524,0.1325070097515,0.037404971525261906,biweekly,weighted,,region_01
2023-08-19,1,XBB.1.16,0.07178901689406349,0.12600024264533333,0.03584033235384127,biweekly,weighted,,region_01
2023-08-26,1,XBB.1.16,0.06825846300603175,0.11949347553916667,0.03427569318242064,biweekly,weighted,,region_01
2023-09-02,1,XBB.1.16,0.064727909118,0.112986708433,0.032711054011,biweekly,weighted,0.0,region_01
2023-09-09,1,XBB.1.16,0.059457179167295454,0.09643351610104546,0.033784096141068184,biweekly,weighted,,region_01
2023-09-16,1,XBB.1.16,0.05418644921659091,0.07988032376909092,0.034857138271136366,biweekly,weighted,0.0,region_01
2023-05-27,1,XBB.1.16.1,0.07574890685411764,0.1310729673682353,0.03860847684852941,biweekly,weighted,0.0,region_01
2023-06-03,1,XBB.1.16.1,0.07361961096663305,0.12693984301782166,0.03775500045031699,biweekly,weighted,,region_01
2023-06-10,1,XBB.1.16.1,0.07149031507914845,0.12280671866740803,0.036901524052104576,biweekly,weighted,,region_01
2023-06-17,1,XBB.1.16.1,0.06936101919166386,0.1186735943169944,0.036048047653892155,biweekly,weighted,,region_01
2023-06-24,1,XBB.1.16.1,0.06723172330417927,0.11454046996658077,0.035194571255679735,biweekly,weighted,,region_01
2023-07-01,1,XBB.1.16.1,0.06510242741669467,0.11040734561616714,0.03434109485746732,biweekly,weighted,,region_01
2023-07-08,1,XBB.1.16.1,0.06297313152921008,0.1062742212657535,0.0334876184592549,biweekly,weighted,,region_01
2023-07-15,1,XBB.1.16.1,0.060843835641725484,0.10214109691533987,0.03263414206104248,biweekly,weighted,,region_01
2023-07-22,1,XBB.1.16.1,0.05871453975424089,0.09800797256492624,0.03178066566283007,biweekly,weighted,,region_01
2023-07-29,1,XBB.1.16.1,0.0565852438667563,0.0938748482145126,0.030927189264617648,biweekly,weighted,,region_01
2023-08-05,1,XBB.1.16.1,0.0544559479792717,0.08974172386409897,0.03007371286640523,biweekly,weighted,,region_01
2023-08-12,1,XBB.1.16.1,0.05232665209178711,0.08560859951368534,0.02922023646819281,biweekly,weighted,,region_01
2023-08-19,1,XBB.1.16.1,0.05019735620430252,0.08147547516327171,0.028366760069980394,biweekly,weighted,,region_01
2023-08-26,1,XBB.1.16.1,0.04806806031681792,0.07734235081285808,0.027513283671767978,biweekly,weighted,,region_01
2023-09-02,1,XBB.1.16.1,0.045938764429333326,0.07320922646244445,0.026659807273555557,biweekly,weighted,0.0,region_01
2023-09-16,1,XBB.1.16.11,0.04896771881790697,0.08310661343604651,0.025952080523720934,biweekly,weighted,0.0,region_01
2023-09-16,1,XBB.1.16.15,0.028173766543095242,0.048205931892380954,0.014860991498809524,biweekly,weighted,0.0,region_01
2023-08-19,1,XBB.1.16.6,0.06920590847711111,0.10866046912155555,0.040756867909111115,biweekly,weighted,0.0,region_01
2023-08-26,1,XBB.1.16.6,0.0700082028071111,0.1054947629571111,0.04368346569455556,biweekly,weighted,,region_01
2023-09-02,1,XBB.1.16.6,0.0708104971371111,0.10232905679266667,0.04661006348,biweekly,weighted,0.0,region_01
2023-09-09,1,XBB.1.16.6,0.06336098800274159,0.09202759296924032,0.04147320962883721,biweekly,weighted,,region_01
2023-09-16,1,XBB.1.16.6,0.05591147886837209,0.08172612914581395,0.03633635577767442,biweekly,weighted,0.0,region_01
2023-09-23,1,XBB.1.16.6,0.06669452501192415,0.09486146143766888,0.04487856817955149,biweekly,weighted,,region_01
2023-09-30,1,XBB.1.16.6,0.0774775711554762,0.1079967937295238,0.05342078058142857,biweekly,weighted,0.0,region_01
2022-11-26,1,XBB.1.5,0.043783246228,0.07723132421666667,0.021958076580666668,weekly,weighted,0.0,region_01
2022-12-03,1,XBB.1.5,0.07506523281421053,0.09694183696315789,0.057052380160000006,weekly,weighted,0.0,region_01
2022-12-10,1,XBB.1.5,0.18110249309210524,0.22669734531263158,0.14136520577157893,weekly,weighted,0.0,region_01
2022-12-17,1,XBB.1.5,0.290394086390625,0.414298815653125,0.185734337195625,weekly,weighted,0.0,region_01
2022-12-24,1,XBB.1.5,0.3224079425530769,0.43311469600846153,0.22455431521,weekly,weighted,0.0,region_01
2022-12-31,1,XBB.1.5,0.50384709239,0.627558141945,0.379779934885,weekly,weighted,0.0,region_01
2023-01-07,1,XBB.1.5,0.5342059294373332,0.6039012551286667,0.4635665714746667,weekly,weighted,0.0,region_01
2023-01-14,1,XBB.1.5,0.6620091199892857,0.7333753832735714,0.5847332690442857,weekly,weighted,0.0,region_01
2023-01-21,1,XBB.1.5,0.7164344191553845,0.7659524633338461,0.6626932070792309,weekly,weighted,0.0,region_01
2023-01-28,1,XBB.1.5,0.8130656679466667,0.8760437915716667,0.735122963785,weekly,weighted,0.0,region_01
2023-02-04,1,XBB.1.5,0.8484160520818181,0.8834203210727272,0.8074854016309092,weekly,weighted,0.0,region_01
2023-02-11,1,XBB.1.5,0.889762336015,0.9267573297009999,0.842561268807,weekly,weighted,0.0,region_01
2023-02-18,1,XBB.1.5,0.9029558764566666,0.9531343513088889,0.8272627923222222,weekly,weighted,0.0,region_01
2023-02-25,1,XBB.1.5,0.94414341449625,0.97779077291375,0.88648356497375,weekly,weighted,0.0,region_01
2023-03-04,1,XBB.1.5,0.8758319616333333,0.9160574674583334,0.8252868254983333,weekly,weighted,0.0,region_01
2023-03-11,1,XBB.1.5,0.9082032203659999,0.947327899934,0.853318595884,weekly,weighted,0.0,region_01
2023-03-18,1,XBB.1.5,0.87004198134,0.9210536628975,0.802287116645,weekly,weighted,0.0,region_01
2023-03-25,1,XBB.1.5,0.8545579079205454,0.9040318167355341,0.7908265006120682,weekly,weighted,,region_01
2023-04-01,1,XBB.1.5,0.8390738345010909,0.8870099705735681,0.7793658845791364,weekly,weighted,,region_01
2023-04-08,1,XBB.1.5,0.8235897610816364,0.8699881244116022,0.7679052685462046,weekly,weighted,,region_01
2023-04-15,1,XBB.1.5,0.8081056876621818,0.8529662782496363,0.7564446525132728,biweekly,weighted,0.0,region_01
2023-04-22,1,XBB.1.5,0.7721940896733765,0.8237313953316754,0.713834549235065,biweekly,weighted,,region_01
2023-04-29,1,XBB.1.5,0.7362824916845714,0.7944965124137143,0.6712244459568572,biweekly,weighted,0.0,region_01
2023-05-06,1,XBB.1.5,0.637129126967097,0.7229045077320458,0.5464383865630512,biweekly,weighted,,region_01
2023-05-13,1,XBB.1.5,0.5379757622496226,0.6513125030503774,0.4216523271692453,biweekly,weighted,0.0,region_01
2023-05-20,1,XBB.1.5,0.47796021364941915,0.5826437282829338,0.3740197076289363,biweekly,weighted,,region_01
2023-05-27,1,XBB.1.5,0.4179446650492157,0.5139749535154902,0.32638708808862743,biweekly,weighted,0.0,region_01
2023-06-03,1,XBB.1.5,0.37195289527120784,0.4658616892613451,0.28472526435471374,biweekly,weighted,,region_01
2023-06-10,1,XBB.1.5,0.3259611254932,0.4177484250072,0.24306344062080001,biweekly,weighted,0.0,region_01
2023-06-17,1,XBB.1.5,0.3368492496387875,0.43544931205641246,0.24777708268394166,biweekly,weighted,,region_01
2023-06-24,1,XBB.1.5,0.34773737378437497,0.453150199105625,0.25249072474708334,biweekly,weighted,0.0,region_01
2023-07-01,1,XBB.1.5,0.2713048641262351,0.3853161866288839,0.17832766247068452,biweekly,weighted,,region_01
2023-07-08,1,XBB.1.5,0.19487235446809525,0.31748217415214286,0.10416460019428571,biweekly,weighted,0.0,region_01
2023-07-15,1,XBB.1.5,0.18441516362769345,0.28526833036971727,0.10775754941120536,biweekly,weighted,,region_01
2023-07-22,1,XBB.1.5,0.17395797278729166,0.2530544865872917,0.111350498628125,biweekly,weighted,0.0,region_01
2023-07-29,1,XBB.1.5,0.14773241996400135,0.21567897026851224,0.09434598307234375,biweekly,weighted,,region_01
2023-08-05,1,XBB.1.5,0.12150686714071104,0.1783034539497328,0.0773414675165625,biweekly,weighted,,region_01
2023-08-12,1,XBB.1.5,0.09528131431742073,0.14092793763095335,0.060336951960781246,biweekly,weighted,,region_01
2023-08-19,1,XBB.1.5,0.06905576149413042,0.10355242131217392,0.043332436405,biweekly,weighted,0.0,region_01
2023-02-04,1,XBB.1.5.1,0.0256874677725,0.045811710877499995,0.012760098325,weekly,weighted,0.0,region_01
2023-04-29,1,XBB.1.9.1,0.07044295047666667,0.12190244669733333,0.03599355841733333,biweekly,weighted,0.0,region_01
2023-05-06,1,XBB.1.9.1,0.09200822468040881,0.1498515052032893,0.05120027638640252,biweekly,weighted,,region_01
2023-05-13,1,XBB.1.9.1,0.11357349888415096,0.17780056370924527,0.0664069943554717,biweekly,weighted,0.0,region_01
2023-05-20,1,XBB.1.9.1,0.09701095841370813,0.15715199991839815,0.054292990874062384,biweekly,weighted,,region_01
2023-05-27,1,XBB.1.9.1,0.08044841794326531,0.13650343612755103,0.042178987392653064,biweekly,weighted,0.0,region_01
2023-06-03,1,XBB.1.9.1,0.08814623225617238,0.14904049639826966,0.046292919501457884,biweekly,weighted,,region_01
2023-06-10,1,XBB.1.9.1,0.09584404656907947,0.16157755666898826,0.050406851610262704,biweekly,weighted,,region_01
2023-06-17,1,XBB.1.9.1,0.10354186088198654,0.1741146169397069,0.054520783719067524,biweekly,weighted,,region_01
2023-06-24,1,XBB.1.9.1,0.11123967519489361,0.18665167721042553,0.058634715827872344,biweekly,weighted,0.0,region_01
2023-07-01,1,XBB.1.9.1,0.10325489136690424,0.1734714063791557,0.054375193939516925,biweekly,weighted,,region_01
2023-07-08,1,XBB.1.9.1,0.09527010753891489,0.16029113554788588,0.05011567205116151,biweekly,weighted,,region_01
2023-07-15,1,XBB.1.9.1,0.08728532371092552,0.14711086471661605,0.04585615016280609,biweekly,weighted,,region_01
2023-07-22,1,XBB.1.9.1,0.07930053988293617,0.13393059388534623,0.04159662827445068,biweekly,weighted,,region_01
2023-07-29,1,XBB.1.9.1,0.0713157560549468,0.1207503230540764,0.03733710638609526,biweekly,weighted,,region_01
2023-08-05,1,XBB.1.9.1,0.06333097222695744,0.10757005222280658,0.03307758449773984,biweekly,weighted,,region_01
2023-08-12,1,XBB.1.9.1,0.05534618839896808,0.09438978139153675,0.028818062609384427,biweekly,weighted,,region_01
2023-08-19,1,XBB.1.9.1,0.04736140457097872,0.08120951056026693,0.02455854072102901,biweekly,weighted,,region_01
2023-08-26,1,XBB.1.9.1,0.03937662074298936,0.0680292397289971,0.020299018832673595,biweekly,weighted,,region_01
2023-09-02,1,XBB.1.9.1,0.031391836915,0.05484896889772727,0.01603949694431818,biweekly,weighted,0.0,region_01
2023-09-09,1,XBB.1.9.1,0.029111889805227272,0.050902258731590905,0.014869975148522726,biweekly,weighted,,region_01
2023-09-16,1,XBB.1.9.1,0.026831942695454546,0.046955548565454544,0.013700453352727272,biweekly,weighted,0.0,region_01
2023-09-23,1,XBB.1.9.1,0.03066279269748337,0.051895133684068735,0.016427686627217296,biweekly,weighted,,region_01
2023-09-30,1,XBB.1.9.1,0.034493642699512196,0.056834718802682926,0.019154919901707316,biweekly,weighted,0.0,region_01
2023-10-07,1,XBB.1.9.1,0.036168925424093494,0.06028550186023577,0.019758415341589432,biweekly,weighted,,region_01
2023-10-14,1,XBB.1.9.1,0.0378442081486748,0.06373628491778861,0.020361910781471544,biweekly,weighted,,region_01
2023-10-21,1,XBB.1.9.1,0.0395194908732561,0.06718706797534146,0.020965406221353657,biweekly,weighted,,region_01
2023-10-28,1,XBB.1.9.1,0.041194773597837395,0.07063785103289431,0.021568901661235772,biweekly,weighted,,region_01
2023-11-04,1,XBB.1.9.1,0.0428700563224187,0.07408863409044715,0.02217239710111789,biweekly,weighted,,region_01
2023-11-11,1,XBB.1.9.1,0.044545339047,0.077539417148,0.022775892541,biweekly,weighted,0.0,region_01
2023-05-27,1,XBB.2.3,0.07172645876777778,0.12516120655777777,0.03614921453777778,biweekly,weighted,0.0,region_01
2023-06-03,1,XBB.2.3,0.09950215280674603,0.1711765748281746,0.05051285353674603,biweekly,weighted,,region_01
2023-06-10,1,XBB.2.3,0.12727784684571428,0.21719194309857143,0.06487649253571429,biweekly,weighted,0.0,region_01
2023-06-17,1,XBB.2.3,0.12259302034526595,0.20817832157156915,0.06307599004085107,biweekly,weighted,,region_01
2023-06-24,1,XBB.2.3,0.11790819384481763,0.19916470004456688,0.06127548754598784,biweekly,weighted,,region_01
2023-07-01,1,XBB.2.3,0.1132233673443693,0.1901510785175646,0.05947498505112462,biweekly,weighted,,region_01
2023-07-08,1,XBB.2.3,0.10853854084392098,0.18113745699056233,0.0576744825562614,biweekly,weighted,,region_01
2023-07-15,1,XBB.2.3,0.10385371434347264,0.17212383546356003,0.055873980061398175,biweekly,weighted,,region_01
2023-07-22,1,XBB.2.3,0.09916888784302431,0.16311021393655775,0.05407347756653495,biweekly,weighted,,region_01
2023-07-29,1,XBB.2.3,0.09448406134257599,0.15409659240955548,0.05227297507167173,biweekly,weighted,,region_01
2023-08-05,1,XBB.2.3,0.08979923484212766,0.1450829708825532,0.05047247257680851,biweekly,weighted,0.0,region_01
2023-08-12,1,XBB.2.3,0.0815092920365402,0.1312027243959149,0.046137543837328605,biweekly,weighted,,region_01
2023-08-19,1,XBB.2.3,0.07321934923095272,0.1173224779092766,0.0418026150978487,biweekly,weighted,,region_01
2023-08-26,1,XBB.2.3,0.06492940642536525,0.1034422314226383,0.03746768635836879,biweekly,weighted,,region_01
2023-09-02,1,XBB.2.3,0.05663946361977778,0.089561984936,0.03313275761888889,biweekly,weighted,0.0,region_01
2023-09-09,1,XBB.2.3,0.06364242282885772,0.10226883295815854,0.03631290145349594,biweekly,weighted,,region_01
2023-09-16,1,XBB.2.3,0.07064538203793767,0.11497568098031707,0.03949304528810298,biweekly,weighted,,region_01
2023-09-23,1,XBB.2.3,0.07764834124701761,0.12768252900247562,0.04267318912271003,biweekly,weighted,,region_01
2023-09-30,1,XBB.2.3,0.08465130045609756,0.14038937702463417,0.045853332957317076,biweekly,weighted,0.0,region_01
2024-10-26,1,XEC,0.133136852832,0.221178176999,0.070724734292,biweekly,weighted,0.0,region_01
2024-11-02,1,XEC,0.17022698242224998,0.278943877295125,0.09080540025662501,biweekly,weighted,,region_01
2024-11-09,1,XEC,0.2073171120125,0.33670957759125,0.11088606622125,biweekly,weighted,0.0,region_01
2024-11-16,1,XEC,0.2193567411630682,0.339794321325625,0.12647796782107953,biweekly,weighted,,region_01
2024-11-23,1,XEC,0.23139637031363636,0.34287906506,0.14206986942090907,biweekly,weighted,0.0,region_01
2024-11-30,1,XEC,0.2703108679163182,0.36940799165899996,0.18683531988745455,biweekly,weighted,,region_01
2024-12-07,1,XEC,0.309225365519,0.395936918258,0.231600770354,biweekly,weighted,0.0,region_01
2024-12-14,1,XEC,0.3504155149513182,0.4272507664830909,0.2796909041033636,biweekly,weighted,,region_01
2024-12-21,1,XEC,0.39160566438363636,0.4585646147081818,0.3277810378527273,biweekly,weighted,0.0,region_01
2024-12-28,1,XEC,0.4193233213951515,0.5034652329768687,0.33831941238636365,biweekly,weighted,,region_01
2025-01-04,1,XEC,0.4470409784066666,0.5483658512455556,0.34885778691999997,biweekly,weighted,0.0,region_01
2025-01-11,1,XEC,0.4696061448928333,0.5570692310742777,0.38379449678699995,biweekly,weighted,,region_01
2025-01-18,1,XEC,0.492171311379,0.5657726109029999,0.418731206654,biweekly,weighted,0.0,region_01
2025-01-25,1,XEC,0.4814925081206111,0.5530539608659444,0.4102950132547778,biweekly,weighted,,region_01
2025-02-01,1,XEC,0.47081370486222224,0.5403353108288889,0.40185881985555555,biweekly,weighted,0.0,region_01
2025-02-08,1,XEC,0.40928539018825394,0.500100008315873,0.32441409275206345,biweekly,weighted,,region_01
2025-02-15,1,XEC,0.3477570755142857,0.45986470580285715,0.24696936564857142,biweekly,weighted,0.0,region_01
2025-02-22,1,XEC,0.30759293160321427,0.4227037057296429,0.20940488097892856,biweekly,weighted,,region_01
2025-03-01,1,XEC,0.26742878769214284,0.38554270565642856,0.17184039630928571,biweekly,weighted,,region_01
2025-03-08,1,XEC,0.22726464378107142,0.34838170558321424,0.13427591163964286,biweekly,weighted,,region_01
2025-03-15,1,XEC,0.18710049987,0.31122070551,0.09671142697,biweekly,weighted,0.0,region_01
2025-03-22,1,XEC,0.16297702118750002,0.26386570185499997,0.0889844037575,biweekly,weighted,,region_01
2025-03-29,1,XEC,0.138853542505,0.2165106982,0.08125738054500001,biweekly,weighted,0.0,region_01
2025-08-02,1,XFG,0.74251496792,0.80553662777,0.66810196638,4_week,empiric,0.0,region_01
2025-08-09,1,XFG,0.7505093514925001,0.8108597621325,0.6791585758312499,4_week,empiric,,region_01
2025-08-16,1,XFG,0.758503735065,0.816182896495,0.6902151852825,4_week,empiric,,region_01
2025-08-23,1,XFG,0.7664981186375,0.8215060308575,0.70127179473375,4_week,empiric,,region_01
2025-08-30,1,XFG,0.77449250221,0.8268291652199999,0.712328404185,4_week,empiric,0.0,region_01
2025-09-06,1,XFG,0.7559637650825,0.8134480006987499,0.688640210774375,4_week,empiric,,region_01
2025-09-13,1,XFG,0.7374350279549999,0.8000668361775,0.66495201736375,4_week,empiric,,region_01
2025-09-20,1,XFG,0.7189062908275,0.78668567165625,0.641263823953125,4_week,empiric,,region_01
2025-09-27,1,XFG,0.7003775537,0.773304507135,0.6175756305425,4_week,empiric,,region_01
2025-10-04,1,XFG,0.6818488165725,0.7599233426137499,0.593887437131875,4_week,empiric,,region_01
2025-10-11,1,XFG,0.663320079445,0.7465421780925,0.57019924372125,4_week,empiric,,region_01
2025-10-18,1,XFG,0.6447913423175,0.7331610135712501,0.546511050310625,4_week,empiric,,region_01
2025-10-25,1,XFG,0.62626260519,0.71977984905,0.5228228569,4_week,empiric,0.0,region_01
2025-11-01,1,XFG,0.6380642950525,0.7389391064625,0.522972539065,4_week,empiric,,region_01
2025-11-08,1,XFG,0.6498659849149999,0.7580983638750001,0.52312222123,4_week,empiric,,region_01
2025-11-15,1,XFG,0.6616676747775,0.7772576212875,0.523271903395,4_week,empiric,,region_01
2025-11-22,1,XFG,0.67346936464,0.7964168787,0.52342158556,4_week,empiric,0.0,region_01
2021-07-24,10,AY.2,0.01227733027,0.03614620119333333,0.004106543026666667,weekly,weighted,0.0,region_10
2021-07-31,10,AY.2,0.009724386033333332,0.08791951835333334,0.0009993963166666667,weekly,weighted,0.0,region_10
2021-05-08,10,AY.3,0.01063543558,0.08242882788,0.00128469535,weekly,weighted,0.0,region_10
2021-05-15,10,AY.3,0.01690964028,0.12530189753,0.00206103991,weekly,weighted,0.0,region_10
2021-05-22,10,AY.3,0.01522336528,0.1472543478,0.00138196372,weekly,weighted,0.0,region_10
2021-05-29,10,AY.3,0.01587372087,0.13914357126,0.00160703331,weekly,weighted,0.0,region_10
2021-06-05,10,AY.3,0.0545107238,0.28340151906,0.0083346907,weekly,weighted,0.0,region_10
2021-06-12,10,AY.3,0.06303369254,0.43812197447,0.00577073451,weekly,weighted,0.0,region_10
2021-06-19,10,AY.3,0.07655545324,0.50982427597,0.00656449888,weekly,weighted,0.0,region_10
2021-06-26,10,AY.3,0.16465085745,0.74493694305,0.01312747225,weekly,weighted,0.0,region_10
2021-07-03,10,AY.3,0.19766286016,0.78247356415,0.01659251563,weekly,weighted,0.0,region_10
2021-07-10,10,AY.3,0.31437054276,0.84124058485,0.03816155344,weekly,weighted,0.0,region_10
2021-07-17,10,AY.3,0.29004538059,0.77251702547,0.04684622213,weekly,weighted,0.0,region_10
2021-07-24,10,AY.3,0.33884841204,0.78341114521,0.06770323217,weekly,weighted,0.0,region_10
2021-01-30,10,B.1,0.08506742119499999,0.19617111981000002,0.034227134660000005,biweekly,weighted,0.0,region_10
2021-02-06,10,B.1,0.07194635444821429,0.19321030378357143,0.027823598107142862,biweekly,weighted,,region_10
2021-02-13,10,B.1,0.05882528770142857,0.19024948775714284,0.021420061554285715,biweekly,weighted,0.0,region_10
2021-02-20,10,B.1,0.06744987224946428,0.22244708426232143,0.020163942809642857,biweekly,weighted,,region_10
2021-02-27,10,B.1,0.0760744567975,0.2546446807675,0.018907824065000002,biweekly,weighted,0.0,region_10
2021-02-13,10,B.1.1.519,0.01942945272,0.06290010363,0.00581520563,biweekly,weighted,0.0,region_10
2021-02-20,10,B.1.1.519,0.028926924493333332,0.18617112810499997,0.004683667871666667,biweekly,weighted,,region_10
2021-02-27,10,B.1.1.519,0.03842439626666667,0.30944215257999996,0.0035521301133333333,biweekly,weighted,0.0,region_10
2021-12-18,10,B.1.1.529,0.20199091951617648,0.3295514460864706,0.10712934263411765,weekly,weighted,0.0,region_10
2021-12-25,10,B.1.1.529,0.5347819008367647,0.6122189199226471,0.4457845087438235,weekly,weighted,0.0,region_10
2022-01-01,10,B.1.1.529,0.6311617892452942,0.6638820850674999,0.591848203365,weekly,weighted,0.0,region_10
2022-01-08,10,B.1.1.529,0.636210497526,0.6589723366953846,0.6106197811090769,weekly,weighted,0.0,region_10
2022-01-15,10,B.1.1.529,0.6166003017285074,0.6354146755447762,0.5978724691844776,weekly,weighted,0.0,region_10
2022-01-22,10,B.1.1.529,0.597729383544697,0.6141726081112121,0.5815067503489394,weekly,weighted,0.0,region_10
2022-01-29,10,B.1.1.529,0.5633803545954839,0.5929350223274193,0.5241150831983872,weekly,weighted,0.0,region_10
2022-02-05,10,B.1.1.529,0.5536541191403125,0.5732324796264062,0.5326199929703125,weekly,weighted,0.0,region_10
2022-02-12,10,B.1.1.529,0.5221852154519673,0.545894914474754,0.4930583490216393,weekly,weighted,0.0,region_10
2022-02-19,10,B.1.1.529,0.5078125874843549,0.5315320467762904,0.4827847413477419,weekly,weighted,0.0,region_10
2022-02-26,10,B.1.1.529,0.48264283039540984,0.506659916434754,0.4561200232288524,weekly,weighted,0.0,region_10
2022-03-05,10,B.1.1.529,0.41676683103033335,0.4533739909535,0.3751328578836667,weekly,weighted,0.0,region_10
2022-03-12,10,B.1.1.529,0.3692161371391526,0.424436873929661,0.309729962088983,weekly,weighted,0.0,region_10
2022-03-19,10,B.1.1.529,0.29135632065293104,0.3602614418184483,0.22063818753827588,weekly,weighted,0.0,region_10
2022-03-26,10,B.1.1.529,0.31035703679869564,0.3942163625504348,0.23478840745086957,weekly,weighted,0.0,region_10
2022-04-02,10,B.1.1.529,0.11691279217071429,0.15141358794261905,0.08848052540619047,weekly,weighted,0.0,region_10
2022-04-09,10,B.1.1.529,0.11427260344086956,0.13991630069173913,0.09201995101086957,weekly,weighted,0.0,region_10
2022-04-16,10,B.1.1.529,0.056790154985499997,0.0743028286845,0.042618282697499996,weekly,weighted,0.0,region_10
2022-04-23,10,B.1.1.529,0.03016181621277778,0.04806359546944444,0.017581089295555557,weekly,weighted,0.0,region_10
2022-04-30,10,B.1.1.529,0.017066528206875,0.028094931855624998,0.009535271033125,weekly,weighted,0.0,region_10
2021-02-27,10,B.1.1.7,0.080072526634,0.34088215828,0.014432345704,biweekly,weighted,0.0,region_10
2021-03-06,10,B.1.1.7,0.12069655060825,0.48557553738375,0.01784109287075,biweekly,weighted,,region_10
2021-03-13,10,B.1.1.7,0.16132057458250001,0.6302689164874999,0.0212498400375,weekly,weighted,0.0,region_10
2021-03-20,10,B.1.1.7,0.24306928615,0.3616198201966667,0.15442111591666666,weekly,weighted,0.0,region_10
2021-03-27,10,B.1.1.7,0.2634706944225,0.438178382815,0.1410449109975,weekly,weighted,0.0,region_10
2021-04-03,10,B.1.1.7,0.30191077292,0.50066329539,0.1571730636075,weekly,weighted,0.0,region_10
2021-04-10,10,B.1.1.7,0.432084061205,0.6112742274975,0.26881916076,weekly,weighted,0.0,region_10
2021-04-17,10,B.1.1.7,0.4450109899075,0.6106160134075,0.2907738015075,weekly,weighted,0.0,region_10
2021-04-24,10,B.1.1.7,0.49316747983000003,0.5816295345633334,0.4051169951733333,weekly,weighted,0.0,region_10
2021-05-01,10,B.1.1.7,0.55841688812,0.6603464484225,0.451323755085,weekly,weighted,0.0,region_10
2021-05-08,10,B.1.1.7,0.606500089168,0.737150728704,0.45650345087,weekly,weighted,0.0,region_10
2021-05-15,10,B.1.1.7,0.6018666889922222,0.7460195488377778,0.43816434343666666,weekly,weighted,0.0,region_10
2021-05-22,10,B.1.1.7,0.5131999055555556,0.6875945064755555,0.3337768448733333,weekly,weighted,0.0,region_10
2021-05-29,10,B.1.1.7,0.4995510578144444,0.5719519522466666,0.4270222882433333,weekly,weighted,0.0,region_10
2021-06-05,10,B.1.1.7,0.5030376811822221,0.5951949357988888,0.4099272588888889,weekly,weighted,0.0,region_10
2021-06-12,10,B.1.1.7,0.534921333195,0.71473045647125,0.34287961945,weekly,weighted,0.0,region_10
2021-06-19,10,B.1.1.7,0.4977759553333334,0.6657260656366666,0.33002475235333334,weekly,weighted,0.0,region_10
2021-06-26,10,B.1.1.7,0.3915411763722222,0.5385287072922222,0.26209042138444444,weekly,weighted,0.0,region_10
2021-07-03,10,B.1.1.7,0.265788286925,0.43242690339875,0.14910595584625,weekly,weighted,0.0,region_10
2021-07-10,10,B.1.1.7,0.15099210209222222,0.31822548641111115,0.061984832502222226,weekly,weighted,0.0,region_10
2021-07-17,10,B.1.1.7,0.07616055969428571,0.27880306116285714,0.019822239210000002,weekly,weighted,0.0,region_10
2021-07-24,10,B.1.1.7,0.03677377290875,0.132703288925,0.013570147042500001,weekly,weighted,0.0,region_10
2021-07-31,10,B.1.1.7,0.01774738391375,0.0544114678625,0.00698257441375,weekly,weighted,0.0,region_10
2021-08-07,10,B.1.1.7,0.009300430969999999,0.024147355261428572,0.0037508863357142855,weekly,weighted,0.0,region_10
2021-01-30,10,B.1.2,0.4345786145757143,0.7046144349228571,0.1989180147657143,biweekly,weighted,0.0,region_10
2021-02-06,10,B.1.2,0.4027884921857143,0.5861347679578571,0.24149573275142858,biweekly,weighted,,region_10
2021-02-13,10,B.1.2,0.37099836979571427,0.4676551009928572,0.28407345073714285,biweekly,weighted,0.0,region_10
2021-02-20,10,B.1.2,0.33930971154285716,0.518390021155,0.20646568600785714,biweekly,weighted,,region_10
2021-02-27,10,B.1.2,0.30762105329,0.5691249413171429,0.12885792127857143,biweekly,weighted,0.0,region_10
2021-04-10,10,B.1.351,0.02504876349,0.1743541508925,0.0031167892125000003,weekly,weighted,0.0,region_10
2021-04-17,10,B.1.351,0.02270150106833333,0.11839940895791667,0.00477833623625,weekly,weighted,,region_10
2021-04-24,10,B.1.351,0.020354238646666665,0.06244466702333334,0.00643988326,weekly,weighted,0.0,region_10
2021-05-01,10,B.1.351,0.029884191695,0.0527106747025,0.016781167595,weekly,weighted,0.0,region_10
2021-05-08,10,B.1.351,0.014691438836666668,0.03269546975666667,0.006534695936666667,weekly,weighted,0.0,region_10
2021-05-15,10,B.1.351,0.01422134601,0.0425433591,0.00466208812,weekly,weighted,0.0,region_10
2021-01-30,10,B.1.427,0.061956671070000004,0.2606862075625,0.013785689140000001,biweekly,weighted,0.0,region_10
2021-02-06,10,B.1.427,0.07977064447650001,0.23745629601125,0.0290671900865,biweekly,weighted,,region_10
2021-02-13,10,B.1.427,0.097584617883,0.21422638446,0.044348691033,biweekly,weighted,0.0,region_10
2021-02-20,10,B.1.427,0.10936535410566667,0.190709014485,0.06583830298233334,biweekly,weighted,,region_10
2021-02-27,10,B.1.427,0.12114609032833334,0.16719164451000001,0.08732791493166668,biweekly,weighted,0.0,region_10
2021-03-06,10,B.1.427,0.17191903293,0.44955697656,0.05012961105,weekly,weighted,0.0,region_10
2021-03-13,10,B.1.427,0.09513855726,0.37649804354,0.01797815971,weekly,weighted,0.0,region_10
2021-03-20,10,B.1.427,0.03778147325,0.20962330699,0.00577946519,weekly,weighted,0.0,region_10
2021-03-27,10,B.1.427,0.04418079928,0.62398713827,0.00128583098,weekly,weighted,0.0,region_10
2021-04-03,10,B.1.427,0.03397221863,0.38123264909,0.00200324925,weekly,weighted,0.0,region_10
2021-04-10,10,B.1.427,0.03706889227,0.40952694416,0.00213215826,weekly,weighted,0.0,region_10
2021-04-17,10,B.1.427,0.04147486389,0.32228216529,0.00392165221,weekly,weighted,0.0,region_10
2021-04-24,10,B.1.427,0.03946983814,0.09126809239,0.01653425768,weekly,weighted,0.0,region_10
2021-05-01,10,B.1.427,0.03655838966,0.11590034515,0.01086415071,weekly,weighted,0.0,region_10
2021-05-08,10,B.1.427,0.02697542682,0.14939810336,0.00435686391,weekly,weighted,0.0,region_10
2021-05-15,10,B.1.427,0.02361310087,0.15506576002,0.00317678135,weekly,weighted,0.0,region_10
2021-01-30,10,B.1.429,0.09184274263875,0.19142242707374998,0.04283748473875,biweekly,weighted,0.0,region_10
2021-02-06,10,B.1.429,0.144970768876875,0.258204713649875,0.07800400135987501,biweekly,weighted,,region_10
2021-02-13,10,B.1.429,0.198098795115,0.324987000226,0.113170517981,biweekly,weighted,0.0,region_10
2021-02-20,10,B.1.429,0.1968674093485,0.3508697576815,0.1038626009605,biweekly,weighted,,region_10
2021-02-27,10,B.1.429,0.195636023582,0.37675251513700003,0.09455468394,biweekly,weighted,0.0,region_10
2021-03-06,10,B.1.429,0.2652592361,0.53385078907,0.10218024254,weekly,weighted,0.0,region_10
2021-03-13,10,B.1.429,0.2696801424,0.51099205017,0.11542695761,weekly,weighted,0.0,region_10
2021-03-20,10,B.1.429,0.29457890987,0.63173532486,0.09227531403,weekly,weighted,0.0,region_10
2021-03-27,10,B.1.429,0.23731765151,0.47280111909,0.09744151682,weekly,weighted,0.0,region_10
2021-04-03,10,B.1.429,0.23210540414,0.38309589028,0.1282530874,weekly,weighted,0.0,region_10
2021-04-10,10,B.1.429,0.18449299037,0.24961408973,0.13334219158,weekly,weighted,0.0,region_10
2021-04-17,10,B.1.429,0.17499630153,0.29473802447,0.09719707072,weekly,weighted,0.0,region_10
2021-04-24,10,B.1.429,0.13668012619,0.32042044401,0.05047692358,weekly,weighted,0.0,region_10
2021-05-01,10,B.1.429,0.08523610979,0.20511329174,0.03255131468,weekly,weighted,0.0,region_10
2021-05-08,10,B.1.429,0.06072924659,0.18095260859,0.01857024245,weekly,weighted,0.0,region_10
2021-05-15,10,B.1.429,0.0484842658,0.08167500049,0.02836483158,weekly,weighted,0.0,region_10
2021-05-22,10,B.1.429,0.0297304932,0.09501437843,0.00886350032,weekly,weighted,0.0,region_10
2021-05-29,10,B.1.429,0.02594005503,0.11723448336,0.00531186908,weekly,weighted,0.0,region_10
2021-06-05,10,B.1.429,0.02134023793,0.05002222955,0.00894914102,weekly,weighted,0.0,region_10
2021-04-03,10,B.1.526,0.05452643707333333,0.11263765394666668,0.025696747623333332,weekly,weighted,0.0,region_10
2021-04-10,10,B.1.526,0.05614596233,0.08715358749,0.035715098495,weekly,weighted,0.0,region_10
2021-04-17,10,B.1.526,0.025768063963333334,0.13165752589666666,0.00466512128,weekly,weighted,0.0,region_10
2021-04-24,10,B.1.526,0.042357894283333336,0.19685178001666667,0.008130813326666667,weekly,weighted,0.0,region_10
2021-05-01,10,B.1.526,0.054830225803333334,0.20284887155,0.014278425213333334,weekly,weighted,0.0,region_10
2021-05-08,10,B.1.526,0.05564009895333333,0.18319195509,0.01585321563,weekly,weighted,0.0,region_10
2021-05-15,10,B.1.526,0.04714108184,0.137587842344,0.016618288962,weekly,weighted,0.0,region_10
2021-05-22,10,B.1.526,0.055662578344,0.09447502792000001,0.032297721877999994,weekly,weighted,0.0,region_10
2021-05-29,10,B.1.526,0.059192539008,0.157925353944,0.02662124112,weekly,weighted,0.0,region_10
2021-06-05,10,B.1.526,0.060591910033999996,0.09905205071,0.03773626983,weekly,weighted,0.0,region_10
2021-06-12,10,B.1.526,0.06762048900199999,0.18653737604600001,0.03259977838,weekly,weighted,0.0,region_10
2021-06-19,10,B.1.526,0.053206010161999995,0.121748283506,0.022161399758,weekly,weighted,0.0,region_10
2021-06-26,10,B.1.526,0.04997687414333333,0.19936382398,0.011229896916666668,weekly,weighted,0.0,region_10
2021-07-03,10,B.1.526,0.06246150658,0.1408893168,0.02635236457,weekly,weighted,0.0,region_10
2021-07-10,10,B.1.526,0.02526256256,0.05167275295,0.01217741519,weekly,weighted,0.0,region_10
2021-01-30,10,B.1.596,0.059584632515,0.09868206084,0.035369576885000004,biweekly,weighted,0.0,region_10
2021-02-06,10,B.1.596,0.0652123610475,0.121745619925,0.034496574196250004,biweekly,weighted,,region_10
2021-02-13,10,B.1.596,0.07084008958,0.14480917901,0.0336235715075,biweekly,weighted,0.0,region_10
2021-05-08,10,B.1.617.2,0.01329272194,0.101823598145,0.00159832876,weekly,weighted,0.0,region_10
2021-05-15,10,B.1.617.2,0.0193066312925,0.1418110691,0.0023398791675,weekly,weighted,0.0,region_10
2021-05-22,10,B.1.617.2,0.0224115736775,0.20745886862250001,0.00200369145,weekly,weighted,0.0,region_10
2021-05-29,10,B.1.617.2,0.041426926089999996,0.08737789433090909,0.018939854493636363,weekly,weighted,0.0,region_10
2021-06-05,10,B.1.617.2,0.08644223191235294,0.18150928265941177,0.03753552815941177,weekly,weighted,0.0,region_10
2021-06-12,10,B.1.617.2,0.10826495215200001,0.443705004454,0.017511211896000002,weekly,weighted,0.0,region_10
2021-06-19,10,B.1.617.2,0.18422071764493828,0.31885907293172844,0.09166793382679013,weekly,weighted,0.0,region_10
2021-06-26,10,B.1.617.2,0.28545765578599996,0.650294503572,0.071683967114,weekly,weighted,0.0,region_10
2021-07-03,10,B.1.617.2,0.5247201348054118,0.6429557190218823,0.4048155251667059,weekly,weighted,0.0,region_10
2021-07-10,10,B.1.617.2,0.7165419255988236,0.8267536324617647,0.5838352892334118,weekly,weighted,0.0,region_10
2021-07-17,10,B.1.617.2,0.8213348786034524,0.8923985901330953,0.7297444712546428,weekly,weighted,0.0,region_10
2021-07-24,10,B.1.617.2,0.9122137946237646,0.9380514200995295,0.8776087392777647,weekly,weighted,0.0,region_10
2021-07-31,10,B.1.617.2,0.9570381732548235,0.9695118560511765,0.9395450599055295,weekly,weighted,0.0,region_10
2021-08-07,10,B.1.617.2,0.9743664362850589,0.9841382980344705,0.9600301553217647,weekly,weighted,0.0,region_10
2021-08-14,10,B.1.617.2,0.9883014002407792,0.9920408199354546,0.9832564352394806,weekly,weighted,0.0,region_10
2021-08-21,10,B.1.617.2,0.9910253806963292,0.9940120902241771,0.9854883581777214,weekly,weighted,0.0,region_10
2021-08-28,10,B.1.617.2,0.9934459764226923,0.99774871117,0.9847775330916667,weekly,weighted,0.0,region_10
2021-09-04,10,B.1.617.2,0.9976997359596,0.9995137882238667,0.9925090463952,weekly,weighted,0.0,region_10
2021-09-11,10,B.1.617.2,0.9943134150927848,0.9984216260000001,0.9854129077513925,weekly,weighted,0.0,region_10
2021-09-18,10,B.1.617.2,0.9945028691720512,0.99844495379,0.9862224314458974,weekly,weighted,0.0,region_10
2021-09-25,10,B.1.617.2,0.9966570649827273,0.9995070455905195,0.9887933266622078,weekly,weighted,0.0,region_10
2021-10-02,10,B.1.617.2,0.9959486633131508,0.9989001048745205,0.9895654075764384,weekly,weighted,0.0,region_10
2021-10-09,10,B.1.617.2,0.9941790942410169,0.9985317880823729,0.9843799330420339,weekly,weighted,0.0,region_10
2021-10-16,10,B.1.617.2,0.9950839305250001,0.9993158377508107,0.9830811362005405,weekly,weighted,0.0,region_10
2021-10-23,10,B.1.617.2,0.9954071741712677,0.9993681152109859,0.9839359815694366,weekly,weighted,0.0,region_10
2021-10-30,10,B.1.617.2,0.993309297790137,0.9983001106410959,0.9822676124639727,weekly,weighted,0.0,region_10
2021-11-06,10,B.1.617.2,0.9977059511172464,0.9997294968452174,0.9915671685469565,weekly,weighted,0.0,region_10
2021-11-13,10,B.1.617.2,0.9918446206064384,0.9990039451487671,0.9709110357989041,weekly,weighted,0.0,region_10
2021-11-20,10,B.1.617.2,0.9923315056616901,0.998354668349014,0.9780155798078874,weekly,weighted,0.0,region_10
2021-11-27,10,B.1.617.2,0.9972418473321539,0.9998756601273846,0.9856827598356924,weekly,weighted,0.0,region_10
2021-12-04,10,B.1.617.2,0.9991199990115,0.9999835292510001,0.9945899009701668,weekly,weighted,0.0,region_10
2021-12-11,10,B.1.617.2,0.9151428946308451,0.9815020720723944,0.7743057037738028,weekly,weighted,0.0,region_10
2021-12-18,10,B.1.617.2,0.5924083089842285,0.6927509076247793,0.4674028739577223,weekly,weighted,,region_10
2021-12-25,10,B.1.617.2,0.2696737233376119,0.4039997431771642,0.1605000441416418,weekly,weighted,0.0,region_10
2022-01-01,10,B.1.617.2,0.09088079397791045,0.13836583695253732,0.055577414916417905,weekly,weighted,0.0,region_10
2022-01-08,10,B.1.617.2,0.042291447633030305,0.06702479968454544,0.024761426743333332,weekly,weighted,0.0,region_10
2022-01-15,10,B.1.617.2,0.01918110423835821,0.025948430008507464,0.01379834729880597,weekly,weighted,0.0,region_10
2022-01-22,10,B.1.617.2,0.01039541389939394,0.014332293998333332,0.007319998962424242,weekly,weighted,0.0,region_10
2022-01-29,10,B.1.617.2,0.011274521125510204,0.018462776453061224,0.006358939337142856,weekly,weighted,0.0,region_10
2021-06-26,10,B.1.621,0.026230178026,0.12324881106600001,0.005189879704,weekly,weighted,0.0,region_10
2021-07-03,10,B.1.621,0.037612370401,0.207507742196,0.005795605667,weekly,weighted,,region_10
2021-07-10,10,B.1.621,0.048994562776,0.291766673326,0.00640133163,weekly,weighted,0.0,region_10
2021-07-17,10,B.1.621,0.039595329761999996,0.192725768684,0.007324570232,weekly,weighted,0.0,region_10
2021-07-24,10,B.1.621,0.017950841693333334,0.09395318602666668,0.005012217443333334,weekly,weighted,0.0,region_10
2021-07-31,10,B.1.621,0.00877647614,0.047119745055,0.00161629089,weekly,weighted,0.0,region_10
2021-08-07,10,B.1.621,0.00608765287,0.01082674228,0.00305891992,weekly,weighted,0.0,region_10
2021-05-15,10,B.1.637,0.03188724443,0.20685049891,0.00414264482,weekly,weighted,0.0,region_10
2021-05-22,10,B.1.637,0.0368796885,0.07256840914,0.01839436404,weekly,weighted,0.0,region_10
2021-05-29,10,B.1.637,0.03329622746,0.11746528745,0.00883429311,weekly,weighted,0.0,region_10
2021-06-05,10,B.1.637,0.063044300305,0.16259613261,0.024516264910000002,weekly,weighted,0.0,region_10
2021-06-12,10,B.1.637,0.05798833445,0.11031974479500001,0.02832058724,weekly,weighted,0.0,region_10
2021-06-19,10,B.1.637,0.069858703765,0.20789755136000002,0.025244189895,weekly,weighted,0.0,region_10
2021-06-26,10,B.1.637,0.07244833559,0.62367409468,0.00366767799,weekly,weighted,0.0,region_10
2021-07-03,10,B.1.637,0.04890580848,0.20128244162,0.01038312819,weekly,weighted,0.0,region_10
2021-07-10,10,B.1.637,0.014105988665,0.03833813965,0.005518220015,weekly,weighted,0.0,region_10
2021-12-25,10,BA.1.1,0.38100855904035713,0.4780648414578571,0.2906743085803572,weekly,weighted,0.0,region_10
2022-01-01,10,BA.1.1,0.551300022532353,0.6069331607397059,0.49484951969470586,weekly,weighted,0.0,region_10
2022-01-08,10,BA.1.1,0.6509291284229412,0.6773405110126471,0.623812673722647,weekly,weighted,0.0,region_10
2022-01-15,10,BA.1.1,0.705184923879697,0.7350852290787879,0.6739209709748485,weekly,weighted,0.0,region_10
2022-01-22,10,BA.1.1,0.7484107876517647,0.773917769685,0.7215614073417647,weekly,weighted,0.0,region_10
2022-01-29,10,BA.1.1,0.7856338674366667,0.833546391039697,0.7311862526521212,weekly,weighted,0.0,region_10
2022-02-05,10,BA.1.1,0.8079058383451515,0.8407548413139394,0.7715514482872727,weekly,weighted,0.0,region_10
2022-02-12,10,BA.1.1,0.8005890307893548,0.8340716400451612,0.7636578967496774,weekly,weighted,0.0,region_10
2022-02-19,10,BA.1.1,0.7891820739288234,0.83248113534,0.7404549174452941,weekly,weighted,0.0,region_10
2022-02-26,10,BA.1.1,0.7738592823348486,0.8204494913418181,0.7215927423851515,weekly,weighted,0.0,region_10
2022-03-05,10,BA.1.1,0.7272501868361765,0.7927882250617647,0.6535699507773529,weekly,weighted,0.0,region_10
2022-03-12,10,BA.1.1,0.6464639761870589,0.7205967657702942,0.5667478284417647,weekly,weighted,0.0,region_10
2022-03-19,10,BA.1.1,0.5343996111070588,0.6712635159497059,0.3936255942376471,weekly,weighted,0.0,region_10
2022-03-26,10,BA.1.1,0.27372245928764705,0.341995675775,0.21246775546529412,weekly,weighted,0.0,region_10
2022-04-02,10,BA.1.1,0.16891842598411766,0.20895749505735295,0.13378859968705883,weekly,weighted,0.0,region_10
2022-04-09,10,BA.1.1,0.11036681800147059,0.1315486667797059,0.09153483961441176,weekly,weighted,0.0,region_10
2022-04-16,10,BA.1.1,0.05517102000058823,0.06995200212470587,0.042713848873529414,weekly,weighted,0.0,region_10
2022-04-23,10,BA.1.1,0.02938267177735294,0.04492527301294118,0.018086222056470588,weekly,weighted,0.0,region_10
2022-04-30,10,BA.1.1,0.015455283826470587,0.02536829369382353,0.008672949995588236,weekly,weighted,0.0,region_10
2022-01-22,10,BA.2,0.00574701903483871,0.009777120329354839,0.003079420184032258,weekly,weighted,0.0,region_10
2022-01-29,10,BA.2,0.016455269543225806,0.02684636725623656,0.009284659752688173,weekly,weighted,,region_10
2022-02-05,10,BA.2,0.027163520051612905,0.043915614183118276,0.015489899321344086,weekly,weighted,,region_10
2022-02-12,10,BA.2,0.03787177056,0.06098486111,0.02169513889,weekly,weighted,0.0,region_10
2022-02-19,10,BA.2,0.052737849487837836,0.08327068831513514,0.031080122634594597,weekly,weighted,0.0,region_10
2022-02-26,10,BA.2,0.07101483925689654,0.10447549665793104,0.04573192498862069,weekly,weighted,0.0,region_10
2022-03-05,10,BA.2,0.16666680711016665,0.24747995759066665,0.10374462356133334,weekly,weighted,0.0,region_10
2022-03-12,10,BA.2,0.25574217357864404,0.3541806618033898,0.17288159793711866,weekly,weighted,0.0,region_10
2022-03-19,10,BA.2,0.387530958344138,0.5362171767086207,0.25276878270586206,weekly,weighted,0.0,region_10
2022-03-26,10,BA.2,0.6909580209801753,0.7638164340403508,0.610371519598421,weekly,weighted,0.0,region_10
2022-04-02,10,BA.2,0.7847370324394642,0.8300648523228571,0.7336169342910714,weekly,weighted,0.0,region_10
2022-04-09,10,BA.2,0.839589490674,0.8627123323358182,0.8142382144932727,weekly,weighted,0.0,region_10
2022-04-16,10,BA.2,0.8905844294792453,0.9087664754888679,0.8701027834192453,weekly,weighted,0.0,region_10
2022-04-23,10,BA.2,0.8758513572125,0.8993036254101923,0.849040643526923,weekly,weighted,0.0,region_10
2022-04-30,10,BA.2,0.8444507858329412,0.8738882471531372,0.8111689593270588,weekly,weighted,0.0,region_10
2022-05-07,10,BA.2,0.7347706094079592,0.7885794955857143,0.6752477215261224,weekly,weighted,0.0,region_10
2022-05-14,10,BA.2,0.6445369207862,0.6979858338838,0.5882164990904,weekly,weighted,0.0,region_10
2022-05-21,10,BA.2,0.5429572539125531,0.5672849327965958,0.5184551109661703,weekly,weighted,0.0,region_10
2022-05-28,10,BA.2,0.4231256221735417,0.46438630484000004,0.3826574912925,weekly,weighted,0.0,region_10
2022-06-04,10,BA.2,0.34351580701,0.38367504515595746,0.3053746550010638,weekly,weighted,0.0,region_10
2022-06-11,10,BA.2,0.2544292671521739,0.2816158954217391,0.22860506598043479,weekly,weighted,0.0,region_10
2022-06-18,10,BA.2,0.14453132281227274,0.1756763041690909,0.11704986948977272,weekly,weighted,0.0,region_10
2022-06-25,10,BA.2,0.08771273129813953,0.10303830493976744,0.07400732088906978,weekly,weighted,0.0,region_10
2022-07-02,10,BA.2,0.05888730127952381,0.07486502400523809,0.04544466920142857,weekly,weighted,0.0,region_10
2022-07-09,10,BA.2,0.0308723186202439,0.0410670534497561,0.022626514296341462,weekly,weighted,0.0,region_10
2022-07-16,10,BA.2,0.021964279980750002,0.030772316781999997,0.015134877130749999,weekly,weighted,0.0,region_10
2022-07-23,10,BA.2,0.01337501019846154,0.022018823056153845,0.007479791565128206,weekly,weighted,0.0,region_10
2022-07-30,10,BA.2,0.008156486997096774,0.014352323607096774,0.004159413946774194,weekly,weighted,0.0,region_10
2022-08-06,10,BA.2,0.008628920982738575,0.015179483606349686,0.004400416934304436,weekly,weighted,,region_10
2022-08-13,10,BA.2,0.009101354968380377,0.016006643605602597,0.004641419921834677,weekly,weighted,,region_10
2022-08-20,10,BA.2,0.009573788954022177,0.01683380360485551,0.004882422909364919,weekly,weighted,,region_10
2022-08-27,10,BA.2,0.010046222939663979,0.01766096360410842,0.0051234258968951615,weekly,weighted,,region_10
2022-09-03,10,BA.2,0.01051865692530578,0.018488123603361335,0.005364428884425404,weekly,weighted,,region_10
2022-09-10,10,BA.2,0.01099109091094758,0.019315283602614246,0.005605431871955645,weekly,weighted,,region_10
2022-09-17,10,BA.2,0.011463524896589382,0.020142443601867156,0.005846434859485887,weekly,weighted,,region_10
2022-09-24,10,BA.2,0.011935958882231182,0.02096960360112007,0.006087437847016129,weekly,weighted,,region_10
2022-10-01,10,BA.2,0.012408392867872984,0.02179676360037298,0.006328440834546371,weekly,weighted,,region_10
2022-10-08,10,BA.2,0.012880826853514785,0.022623923599625895,0.006569443822076613,weekly,weighted,,region_10
2022-10-15,10,BA.2,0.013353260839156585,0.023451083598878805,0.006810446809606855,weekly,weighted,,region_10
2022-10-22,10,BA.2,0.013825694824798387,0.024278243598131716,0.007051449797137097,weekly,weighted,,region_10
2022-10-29,10,BA.2,0.014298128810440187,0.02510540359738463,0.0072924527846673385,weekly,weighted,,region_10
2022-11-05,10,BA.2,0.01477056279608199,0.02593256359663754,0.007533455772197581,weekly,weighted,,region_10
2022-11-12,10,BA.2,0.01524299678172379,0.026759723595890454,0.007774458759727823,weekly,weighted,,region_10
2022-11-19,10,BA.2,0.01571543076736559,0.027586883595143365,0.008015461747258064,weekly,weighted,,region_10
2022-11-26,10,BA.2,0.016187864753007392,0.028414043594396275,0.008256464734788306,weekly,weighted,,region_10
2022-12-03,10,BA.2,0.016660298738649194,0.02924120359364919,0.008497467722318549,weekly,weighted,,region_10
2022-12-10,10,BA.2,0.017132732724290993,0.0300683635929021,0.00873847070984879,weekly,weighted,,region_10
2022-12-17,10,BA.2,0.017605166709932795,0.030895523592155014,0.008979473697379033,weekly,weighted,,region_10
2022-12-24,10,BA.2,0.018077600695574597,0.031722683591407924,0.009220476684909275,weekly,weighted,,region_10
2022-12-31,10,BA.2,0.018550034681216396,0.032549843590660835,0.009461479672439516,weekly,weighted,,region_10
2023-01-07,10,BA.2,0.019022468666858198,0.033377003589913745,0.009702482659969758,weekly,weighted,,region_10
2023-01-14,10,BA.2,0.0194949026525,0.03420416358916666,0.0099434856475,weekly,weighted,0.0,region_10
2022-04-02,10,BA.2.12.1,0.018971107563404255,0.032050302728297876,0.010225248522553191,weekly,weighted,0.0,region_10
2022-04-09,10,BA.2.12.1,0.038752844861090915,0.06349127211309091,0.02169821773709091,weekly,weighted,0.0,region_10
2022-04-16,10,BA.2.12.1,0.04852427376648148,0.06315913023833333,0.03648105853611111,weekly,weighted,0.0,region_10
2022-04-23,10,BA.2.12.1,0.0900025031025,0.10749721656019232,0.07453856653076923,weekly,weighted,0.0,region_10
2022-04-30,10,BA.2.12.1,0.13708086311803921,0.16484841938117648,0.11256469713117646,weekly,weighted,0.0,region_10
2022-05-07,10,BA.2.12.1,0.2475431624054,0.2974431696532,0.2022159639,weekly,weighted,0.0,region_10
2022-05-14,10,BA.2.12.1,0.3243351686006,0.37111900627600003,0.28008413374380003,weekly,weighted,0.0,region_10
2022-05-21,10,BA.2.12.1,0.4195535144897873,0.44353312697851066,0.395866300197234,weekly,weighted,0.0,region_10
2022-05-28,10,BA.2.12.1,0.48245922724375,0.524637162685625,0.44046150768854164,weekly,weighted,0.0,region_10
2022-06-04,10,BA.2.12.1,0.5122073902022223,0.5523927410446666,0.47165568139866665,weekly,weighted,0.0,region_10
2022-06-11,10,BA.2.12.1,0.49026146271869564,0.5344516272132609,0.44618408317086955,weekly,weighted,0.0,region_10
2022-06-18,10,BA.2.12.1,0.4490503860837778,0.49273595809977777,0.4059487866028889,weekly,weighted,0.0,region_10
2022-06-25,10,BA.2.12.1,0.39953340624767436,0.4402021682544186,0.3598783466711628,weekly,weighted,0.0,region_10
2022-07-02,10,BA.2.12.1,0.2902718739852381,0.32543128870690474,0.2569156019454762,weekly,weighted,0.0,region_10
2022-07-09,10,BA.2.12.1,0.17062234452785713,0.20631949355238097,0.13913911031166667,weekly,weighted,0.0,region_10
2022-07-16,10,BA.2.12.1,0.10367148133317072,0.1217573254214634,0.08754396020658536,weekly,weighted,0.0,region_10
2022-07-23,10,BA.2.12.1,0.06599819492475,0.08455788325575,0.0505308086985,weekly,weighted,0.0,region_10
2022-07-30,10,BA.2.12.1,0.04326529065552632,0.055489144631315795,0.033091303305,weekly,weighted,0.0,region_10
2022-08-06,10,BA.2.12.1,0.026931363686486486,0.04255816682837838,0.015878036970540542,weekly,weighted,0.0,region_10
2022-08-13,10,BA.2.12.1,0.011976135443333334,0.020662149244848486,0.00627410045,weekly,weighted,0.0,region_10
2023-12-23,10,BA.2.86,0.1056112498,0.18376179039,0.05268308893,biweekly,weighted,0.0,region_10
2022-05-21,10,BA.4,0.01540385251651163,0.026923595212790696,0.007911284800465117,weekly,weighted,0.0,region_10
2022-05-28,10,BA.4,0.037808992761489364,0.05883042855170213,0.022761567872340426,weekly,weighted,0.0,region_10
2022-06-04,10,BA.4,0.04218506610608696,0.05439508787239131,0.032058555187608695,weekly,weighted,0.0,region_10
2022-06-11,10,BA.4,0.07439867589133334,0.11572169396666666,0.044337651961555556,weekly,weighted,0.0,region_10
2022-06-18,10,BA.4,0.10505571368795455,0.14074369892477273,0.0758239872409091,weekly,weighted,0.0,region_10
2022-06-25,10,BA.4,0.1065687294616279,0.13435446107069768,0.08282099005813953,weekly,weighted,0.0,region_10
2022-07-02,10,BA.4,0.12520663741761903,0.15688420512880952,0.09792068405500001,weekly,weighted,0.0,region_10
2022-07-09,10,BA.4,0.10464981375642857,0.12034267719380953,0.09038447446714286,weekly,weighted,0.0,region_10
2022-07-16,10,BA.4,0.10033260825974999,0.13044537864625,0.07517721634325,weekly,weighted,0.0,region_10
2022-07-23,10,BA.4,0.08111106604358974,0.09930094885564102,0.06548016174435897,weekly,weighted,0.0,region_10
2022-07-30,10,BA.4,0.08140959872621623,0.10532086241891893,0.061463835573783786,weekly,weighted,0.0,region_10
2022-08-06,10,BA.4,0.06116260034432433,0.08615549271189189,0.04165035536459459,weekly,weighted,0.0,region_10
2022-08-13,10,BA.4,0.047105523837428574,0.07070478775685714,0.029617251987714286,weekly,weighted,0.0,region_10
2022-08-20,10,BA.4,0.036070045403142854,0.05184404243285714,0.024078306343714287,weekly,weighted,0.0,region_10
2022-08-27,10,BA.4,0.03954853840558824,0.0582745581417647,0.025522665120588234,weekly,weighted,0.0,region_10
2022-09-03,10,BA.4,0.018092767832,0.03146849392533333,0.009352679394666667,weekly,weighted,0.0,region_10
2022-09-10,10,BA.4,0.03185626492,0.056781101505,0.01579966174875,weekly,weighted,0.0,region_10
2022-06-25,10,BA.4.6,0.006904594326829268,0.011701216762195122,0.003715467809512195,weekly,weighted,0.0,region_10
2022-07-02,10,BA.4.6,0.008392301649390244,0.013654068339634146,0.004785136217317073,weekly,weighted,,region_10
2022-07-09,10,BA.4.6,0.00988000897195122,0.015606919917073171,0.0058548046251219515,weekly,weighted,0.0,region_10
2022-07-16,10,BA.4.6,0.018045816427435895,0.028201132631025645,0.010822148945897435,weekly,weighted,0.0,region_10
2022-07-23,10,BA.4.6,0.013106848785555555,0.02183975217138889,0.007210926308611111,weekly,weighted,0.0,region_10
2022-07-30,10,BA.4.6,0.016694670543333335,0.029941753173333335,0.00825298795,weekly,weighted,0.0,region_10
2022-08-06,10,BA.4.6,0.02087245602209524,0.035616008768523805,0.011097581534142857,weekly,weighted,,region_10
2022-08-13,10,BA.4.6,0.02505024150085714,0.04129026436371428,0.013942175118285714,weekly,weighted,0.0,region_10
2022-08-20,10,BA.4.6,0.042031439077575755,0.06636243403848484,0.024723840708484848,weekly,weighted,0.0,region_10
2022-08-27,10,BA.4.6,0.04163820647205882,0.06283951813735295,0.026023923035,weekly,weighted,0.0,region_10
2022-09-03,10,BA.4.6,0.0431765525128125,0.0674856207334375,0.0257474831890625,weekly,weighted,0.0,region_10
2022-09-10,10,BA.4.6,0.05127600721253528,0.07814555871300907,0.031590030144531246,weekly,weighted,,region_10
2022-09-17,10,BA.4.6,0.05937546191225806,0.08880549669258064,0.037432577099999996,weekly,weighted,0.0,region_10
2022-09-24,10,BA.4.6,0.045008856670357145,0.07385839255714285,0.02507056003178571,weekly,weighted,0.0,region_10
2022-10-01,10,BA.4.6,0.06532088887888889,0.11209558502407407,0.033855859465925925,weekly,weighted,0.0,region_10
2022-10-08,10,BA.4.6,0.0814324542876923,0.14139535564653846,0.04119015914923077,weekly,weighted,0.0,region_10
2022-10-15,10,BA.4.6,0.045685012610000006,0.07019513931461538,0.027859265844230766,weekly,weighted,0.0,region_10
2022-10-22,10,BA.4.6,0.04254354270809524,0.06785193589849817,0.024719259377591573,weekly,weighted,,region_10
2022-10-29,10,BA.4.6,0.03940207280619047,0.06550873248238095,0.02157925291095238,weekly,weighted,0.0,region_10
2022-11-05,10,BA.4.6,0.028322111254999997,0.050548635423,0.014038502471,weekly,weighted,0.0,region_10
2022-11-12,10,BA.4.6,0.034326705802499996,0.06040202081149999,0.0173345390955,weekly,weighted,,region_10
2022-11-19,10,BA.4.6,0.04033130035,0.0702554062,0.02063057572,weekly,weighted,0.0,region_10
2022-05-14,10,BA.5,0.014336496188666666,0.025092297109000003,0.007351390008,weekly,weighted,0.0,region_10
2022-05-21,10,BA.5,0.01891105966173913,0.026501798638043476,0.013047115512608695,weekly,weighted,0.0,region_10
2022-05-28,10,BA.5,0.05310314412541667,0.073797331036875,0.036921495843541666,weekly,weighted,0.0,region_10
2022-06-04,10,BA.5,0.09479377418711112,0.11259283440000001,0.079059361998,weekly,weighted,0.0,region_10
2022-06-11,10,BA.5,0.17603867371434784,0.21944205268521738,0.13813252779456522,weekly,weighted,0.0,region_10
2022-06-18,10,BA.5,0.29635229309422223,0.33440706729844444,0.2605846530857778,weekly,weighted,0.0,region_10
2022-06-25,10,BA.5,0.39831954311714285,0.43224836885928575,0.36510444822690474,weekly,weighted,0.0,region_10
2022-07-02,10,BA.5,0.521027074303721,0.5684246060455814,0.4733190390951163,weekly,weighted,0.0,region_10
2022-07-09,10,BA.5,0.6813700880321429,0.7172554887485715,0.643633270547381,weekly,weighted,0.0,region_10
2022-07-16,10,BA.5,0.75379914939425,0.7874866157765,0.71749656200475,weekly,weighted,0.0,region_10
2022-07-23,10,BA.5,0.8249761217676923,0.849835342321282,0.7977531903828206,weekly,weighted,0.0,region_10
2022-07-30,10,BA.5,0.845878895875946,0.8685447944167567,0.8209662276340541,weekly,weighted,0.0,region_10
2022-08-06,10,BA.5,0.8887967583202778,0.9137181490655555,0.8596481283502777,weekly,weighted,0.0,region_10
2022-08-13,10,BA.5,0.8999412872572727,0.9216899167412121,0.8745382572663637,weekly,weighted,0.0,region_10
2022-08-20,10,BA.5,0.9022057126558823,0.9265829640267648,0.872879110715,weekly,weighted,0.0,region_10
2022-08-27,10,BA.5,0.8804794953149999,0.9052926161702941,0.8518401226570588,weekly,weighted,0.0,region_10
2022-09-03,10,BA.5,0.9135979323681819,0.9339101603536364,0.8894107414018182,weekly,weighted,0.0,region_10
2022-09-10,10,BA.5,0.8851666152478125,0.9220735616978125,0.838696856051875,weekly,weighted,0.0,region_10
2022-09-17,10,BA.5,0.8909316261606667,0.914388521512,0.8634339948503335,weekly,weighted,0.0,region_10
2022-09-24,10,BA.5,0.9117201237834484,0.9367030427375862,0.8808655636062069,weekly,weighted,0.0,region_10
2022-10-01,10,BA.5,0.8417494211885714,0.8814424020896429,0.7949855561767858,weekly,weighted,0.0,region_10
2022-10-08,10,BA.5,0.7897354747571429,0.8189665164257143,0.7581032301692857,weekly,weighted,0.0,region_10
2022-10-15,10,BA.5,0.8116634708862963,0.8629167940888889,0.7507856708985186,weekly,weighted,0.0,region_10
2022-10-22,10,BA.5,0.7643562028042308,0.8305765527953847,0.6867698797811539,weekly,weighted,0.0,region_10
2022-10-29,10,BA.5,0.6927983188628001,0.756639387608,0.6229188537588,weekly,weighted,0.0,region_10
2022-11-05,10,BA.5,0.5698180043186957,0.642000073972174,0.49543255178869566,weekly,weighted,0.0,region_10
2022-11-12,10,BA.5,0.5479383028069565,0.6473366721821739,0.44563382216086955,weekly,weighted,0.0,region_10
2022-11-19,10,BA.5,0.42917885383047616,0.49573018579285716,0.36447227001238097,weekly,weighted,0.0,region_10
2022-11-26,10,BA.5,0.3754956197161905,0.47492066025809526,0.2832325966585715,weekly,weighted,0.0,region_10
2022-12-03,10,BA.5,0.3119329005485,0.4050356552005,0.22879720628350003,weekly,weighted,0.0,region_10
2022-12-10,10,BA.5,0.27593377389368423,0.3283492483594737,0.22796082967263157,weekly,weighted,0.0,region_10
2022-12-17,10,BA.5,0.21801697379944446,0.28654013243,0.15942128085555557,weekly,weighted,0.0,region_10
2022-12-24,10,BA.5,0.20835808445294118,0.24791333167,0.17252288495823528,weekly,weighted,0.0,region_10
2022-12-31,10,BA.5,0.15850214287625,0.200007765551875,0.122636599000625,weekly,weighted,0.0,region_10
2023-01-07,10,BA.5,0.11819266230066666,0.16067812641533333,0.083689851562,weekly,weighted,0.0,region_10
2023-01-14,10,BA.5,0.12138822994214285,0.17239663004857145,0.08117821972214287,weekly,weighted,0.0,region_10
2023-01-21,10,BA.5,0.10676076435230769,0.16042416600153847,0.06623525860153846,weekly,weighted,0.0,region_10
2023-01-28,10,BA.5,0.06805140890490385,0.10614548140201924,0.040491683354519234,weekly,weighted,,region_10
2023-02-04,10,BA.5,0.0293420534575,0.051866796802500004,0.0147481081075,weekly,weighted,0.0,region_10
2023-02-11,10,BA.5,0.027211075027666665,0.04821007040966667,0.013640404119666667,weekly,weighted,,region_10
2023-02-18,10,BA.5,0.025080096597833335,0.044553344016833335,0.012532700131833333,weekly,weighted,,region_10
2023-02-25,10,BA.5,0.022949118168,0.040896617624,0.011424996144000001,weekly,weighted,0.0,region_10
2022-12-03,10,BA.5.2.6,0.0215641517205,0.035601362585000004,0.01199148735,weekly,weighted,0.0,region_10
2022-12-10,10,BA.5.2.6,0.018630484780704545,0.03176458129068182,0.009923777543181817,weekly,weighted,,region_10
2022-12-17,10,BA.5.2.6,0.01569681784090909,0.027927799996363637,0.007856067736363636,weekly,weighted,0.0,region_10
2022-09-10,10,BF.7,0.017423582985555557,0.030577809237777778,0.00889024811,weekly,weighted,0.0,region_10
2022-09-17,10,BF.7,0.024824546837,0.03967394717,0.014424680080999999,weekly,weighted,0.0,region_10
2022-09-24,10,BF.7,0.02867819181535185,0.04644834344648148,0.0163402975105,weekly,weighted,,region_10
2022-10-01,10,BF.7,0.0325318367937037,0.05322273972296296,0.01825591494,weekly,weighted,0.0,region_10
2022-10-08,10,BF.7,0.05803361747928571,0.08542450756821429,0.037409304375357146,weekly,weighted,0.0,region_10
2022-10-15,10,BF.7,0.05226379436714285,0.0790952238732738,0.03252750059163691,weekly,weighted,,region_10
2022-10-22,10,BF.7,0.046493971254999995,0.07276594017833334,0.027645696807916665,weekly,weighted,0.0,region_10
2022-10-29,10,BF.7,0.056137491911710524,0.09430544630574561,0.03020698541395833,weekly,weighted,,region_10
2022-11-05,10,BF.7,0.06578101256842105,0.1158449524331579,0.03276827402,weekly,weighted,0.0,region_10
2022-11-12,10,BF.7,0.0806167818926087,0.12800506729130437,0.046604643535217385,weekly,weighted,0.0,region_10
2022-11-19,10,BF.7,0.05820369127772728,0.08100112019636364,0.04026207395545455,weekly,weighted,0.0,region_10
2022-11-26,10,BF.7,0.05854460366333333,0.08858209741999999,0.036353555995714285,weekly,weighted,0.0,region_10
2022-12-03,10,BF.7,0.050116041185789474,0.07458613224789473,0.03188279153315789,weekly,weighted,0.0,region_10
2022-12-10,10,BF.7,0.050749193875625,0.081600855104375,0.029037074418125,weekly,weighted,0.0,region_10
2022-12-17,10,BF.7,0.05677564025634191,0.08910562588365809,0.033593360806709556,weekly,weighted,,region_10
2022-12-24,10,BF.7,0.06280208663705882,0.09661039666294118,0.038149647195294116,weekly,weighted,0.0,region_10
2022-12-31,10,BF.7,0.04436371227133333,0.06660257180533333,0.027940226718666663,weekly,weighted,0.0,region_10
2023-01-07,10,BF.7,0.040949389959,0.06593717150350001,0.023604653775166663,weekly,weighted,,region_10
2023-01-14,10,BF.7,0.03753506764666667,0.06527177120166668,0.019269080831666667,weekly,weighted,0.0,region_10
2022-11-26,10,BN.1,0.04037435689761905,0.06714649392000001,0.02209535587047619,weekly,weighted,0.0,region_10
2022-12-03,10,BN.1,0.056439500305,0.09971193597,0.028088391754999997,weekly,weighted,0.0,region_10
2022-12-10,10,BN.1,0.04595306901678571,0.0793983534525,0.023738805202857143,weekly,weighted,,region_10
2022-12-17,10,BN.1,0.03546663772857143,0.059084770934999996,0.019389218650714284,weekly,weighted,0.0,region_10
2022-12-24,10,BN.1,0.04367091320375,0.065676975528125,0.027460065086875,weekly,weighted,0.0,region_10
2022-12-31,10,BN.1,0.02722635679,0.04866616055,0.01347079594,weekly,weighted,0.0,region_10
2023-01-07,10,BN.1,0.03130803088,0.054107209160909095,0.016256903720909092,weekly,weighted,0.0,region_10
2023-01-14,10,BN.1,0.02897603483833333,0.046000813755,0.01696981683666667,weekly,weighted,0.0,region_10
2023-01-21,10,BN.1,0.029300363966666666,0.0485874333725,0.016185018039583332,weekly,weighted,,region_10
2023-01-28,10,BN.1,0.029624693095,0.051174052989999996,0.015400219242499999,weekly,weighted,0.0,region_10
2022-10-08,10,BQ.1,0.022010640241666667,0.039365990295,0.010903366272777777,weekly,weighted,0.0,region_10
2022-10-15,10,BQ.1,0.033578396130384616,0.054055470256923074,0.01927041799730769,weekly,weighted,0.0,region_10
2022-10-22,10,BQ.1,0.057894642644992306,0.09485436053526153,0.03210264154185385,weekly,weighted,,region_10
2022-10-29,10,BQ.1,0.0822108891596,0.1356532508136,0.0449348650864,weekly,weighted,0.0,region_10
2022-11-05,10,BQ.1,0.0991152897475,0.1733026131975,0.04920443706,weekly,weighted,0.0,region_10
2022-11-12,10,BQ.1,0.1151110461878261,0.15095808259826085,0.08534127004086957,weekly,weighted,0.0,region_10
2022-11-19,10,BQ.1,0.18299062685590908,0.2547719783404545,0.12434644184363637,weekly,weighted,0.0,region_10
2022-11-26,10,BQ.1,0.21089635008904764,0.2553091325933333,0.17106495017047618,weekly,weighted,0.0,region_10
2022-12-03,10,BQ.1,0.2120997286163158,0.24549870349894734,0.1813393792036842,weekly,weighted,0.0,region_10
2022-12-10,10,BQ.1,0.253270712338421,0.2894316331331579,0.21949513491789477,weekly,weighted,0.0,region_10
2022-12-17,10,BQ.1,0.2073553386661111,0.27127925720444446,0.15279562357444443,weekly,weighted,0.0,region_10
2022-12-24,10,BQ.1,0.1677317610552941,0.21494893291411765,0.12731303406058825,weekly,weighted,0.0,region_10
2022-12-31,10,BQ.1,0.247838538139375,0.32308398187125,0.18243898078812498,weekly,weighted,0.0,region_10
2023-01-07,10,BQ.1,0.24771357859928572,0.3443186644992857,0.16666587229214286,weekly,weighted,0.0,region_10
2023-01-14,10,BQ.1,0.19693855196071428,0.24123075072285713,0.1576689598807143,weekly,weighted,0.0,region_10
2023-01-21,10,BQ.1,0.19798972056384614,0.26147225728384615,0.14425123884000002,weekly,weighted,0.0,region_10
2023-01-28,10,BQ.1,0.18424174810500002,0.25541360427916665,0.12604001474833335,weekly,weighted,0.0,region_10
2023-02-04,10,BQ.1,0.16819770498727274,0.21069070967818185,0.13124188645272727,weekly,weighted,0.0,region_10
2023-02-11,10,BQ.1,0.118079099805,0.20136529505200002,0.060492573306,weekly,weighted,0.0,region_10
2023-02-18,10,BQ.1,0.0980418110275,0.147587791085,0.0608469955625,weekly,weighted,0.0,region_10
2023-02-25,10,BQ.1,0.053132643923333334,0.09101153289333334,0.027734983711666664,weekly,weighted,0.0,region_10
2022-10-22,10,BQ.1.1,0.045735978521666665,0.06794746158,0.029198619536249998,weekly,weighted,0.0,region_10
2022-10-29,10,BQ.1.1,0.06456550211,0.1114718765,0.03316602856,weekly,weighted,0.0,region_10
2022-11-05,10,BQ.1.1,0.10159359726652174,0.15313685426152174,0.06344327103826088,weekly,weighted,,region_10
2022-11-12,10,BQ.1.1,0.13862169242304348,0.19480183202304346,0.09372051351652175,weekly,weighted,0.0,region_10
2022-11-19,10,BQ.1.1,0.18536545742636362,0.23526994816272728,0.14215844666409092,weekly,weighted,0.0,region_10
2022-11-26,10,BQ.1.1,0.20721685247809524,0.27583749805,0.14907589696714285,weekly,weighted,0.0,region_10
2022-12-03,10,BQ.1.1,0.2734495803725,0.343533393741,0.21077425926950002,weekly,weighted,0.0,region_10
2022-12-10,10,BQ.1.1,0.3014762229031579,0.36993077867842106,0.23956535442842106,weekly,weighted,0.0,region_10
2022-12-17,10,BQ.1.1,0.3955841329361111,0.4534070044755556,0.3398780028027778,weekly,weighted,0.0,region_10
2022-12-24,10,BQ.1.1,0.44937660939588236,0.5317087664317647,0.3690736328847059,weekly,weighted,0.0,region_10
2022-12-31,10,BQ.1.1,0.39563131531,0.456600016356,0.337029141186,weekly,weighted,0.0,region_10
2023-01-07,10,BQ.1.1,0.43166153771428567,0.5271343929442857,0.33984910377428573,weekly,weighted,0.0,region_10
2023-01-14,10,BQ.1.1,0.4129437144307143,0.4789487825985714,0.34920970456928574,weekly,weighted,0.0,region_10
2023-01-21,10,BQ.1.1,0.4501212743623077,0.5118353160530769,0.38956236380692305,weekly,weighted,0.0,region_10
2023-01-28,10,BQ.1.1,0.399397812785,0.4961424618958333,0.3080903862916667,weekly,weighted,0.0,region_10
2023-02-04,10,BQ.1.1,0.3829262039863636,0.4493358920927273,0.3196225518527273,weekly,weighted,0.0,region_10
2023-02-11,10,BQ.1.1,0.29735782742714284,0.43836721352142854,0.1797786631757143,weekly,weighted,0.0,region_10
2023-02-18,10,BQ.1.1,0.21987382736555555,0.2802120513388889,0.16728514764000002,weekly,weighted,0.0,region_10
2023-02-25,10,BQ.1.1,0.1439701691275,0.18613408319625,0.1082381540925,weekly,weighted,0.0,region_10
2023-03-04,10,BQ.1.1,0.12490995290375001,0.16644063747145832,0.09075271229625,weekly,weighted,,region_10
2023-03-11,10,BQ.1.1,0.10584973668000001,0.14674719174666664,0.0732672705,weekly,weighted,0.0,region_10
2023-03-18,10,CH.1.1,0.03861358389,0.069083184,0.01899093203,weekly,weighted,0.0,region_10
2023-07-08,10,EG.5,0.09954724460727273,0.17134166034818182,0.05065621808272727,biweekly,weighted,0.0,region_10
2023-07-15,10,EG.5,0.11764144413130304,0.1941378105315909,0.06353875945069698,biweekly,weighted,,region_10
2023-07-22,10,EG.5,0.13573564365533333,0.216933960715,0.07642130081866667,biweekly,weighted,0.0,region_10
2023-07-29,10,EG.5,0.1336910553356454,0.19753412210058513,0.08502467588805673,biweekly,weighted,,region_10
2023-08-05,10,EG.5,0.13164646701595745,0.17813428348617022,0.0936280509574468,biweekly,weighted,0.0,region_10
2023-08-12,10,EG.5,0.14660858754004394,0.20555957918482423,0.0993710633790495,biweekly,weighted,,region_10
2023-08-19,10,EG.5,0.16157070806413043,0.23298487488347824,0.10511407580065217,biweekly,weighted,0.0,region_10
2023-08-26,10,EG.5,0.16669892359506522,0.24259529953529468,0.10689967635288164,biweekly,weighted,,region_10
2023-09-02,10,EG.5,0.171827139126,0.2522057241871111,0.10868527690511112,biweekly,weighted,0.0,region_10
2023-09-09,10,EG.5,0.2247383476841905,0.3297082411158174,0.1396141298113651,biweekly,weighted,,region_10
2023-09-16,10,EG.5,0.27764955624238097,0.4072107580445238,0.17054298271761906,biweekly,weighted,0.0,region_10
2023-09-23,10,EG.5,0.2511747821314231,0.34306811686528516,0.17358086151311186,biweekly,weighted,,region_10
2023-09-30,10,EG.5,0.22470000802046514,0.27892547568604653,0.17661874030860467,biweekly,weighted,0.0,region_10
2023-10-07,10,EG.5,0.2181053365128516,0.28068134298338043,0.16403582195013566,biweekly,weighted,,region_10
2023-10-14,10,EG.5,0.21151066500523807,0.2824372102807143,0.15145290359166666,biweekly,weighted,0.0,region_10
2023-10-21,10,EG.5,0.2078615546132288,0.2777952578490157,0.14876348719583332,biweekly,weighted,,region_10
2023-10-28,10,EG.5,0.20421244422121954,0.2731533054173171,0.14607407079999998,biweekly,weighted,0.0,region_10
2023-11-04,10,EG.5,0.17108552639310975,0.25890501979115854,0.10583610423999999,biweekly,weighted,,region_10
2023-11-11,10,EG.5,0.137958608565,0.244656734165,0.06559813768,biweekly,weighted,0.0,region_10
2023-11-18,10,EG.5,0.11270109191416666,0.1998883448525,0.05412462478166667,biweekly,weighted,,region_10
2023-11-25,10,EG.5,0.08744357526333334,0.15511995554,0.042651111883333336,biweekly,weighted,0.0,region_10
2023-12-02,10,EG.5,0.0926422682645614,0.15845260141710527,0.0478198794627193,biweekly,weighted,,region_10
2023-12-09,10,EG.5,0.09784096126578948,0.16178524729421054,0.052988647042105264,biweekly,weighted,0.0,region_10
2023-04-15,10,FD.2,0.02850599930052632,0.04755923308789473,0.015583958378421052,biweekly,weighted,0.0,region_10
2023-08-05,10,FL.1.5.1,0.03595928103,0.06439086795,0.01768141612,biweekly,weighted,0.0,region_10
2023-08-12,10,FL.1.5.1,0.03923995429646342,0.06960228794335366,0.01954836646792683,biweekly,weighted,,region_10
2023-08-19,10,FL.1.5.1,0.04252062756292683,0.07481370793670732,0.02141531681585366,biweekly,weighted,,region_10
2023-08-26,10,FL.1.5.1,0.04580130082939024,0.08002512793006097,0.02328226716378049,biweekly,weighted,,region_10
2023-09-02,10,FL.1.5.1,0.04908197409585366,0.08523654792341463,0.02514921751170732,biweekly,weighted,0.0,region_10
2023-09-09,10,FL.1.5.1,0.05157849769667683,0.08861907033295732,0.026824762198353662,biweekly,weighted,,region_10
2023-09-16,10,FL.1.5.1,0.0540750212975,0.0920015927425,0.028500306885,biweekly,weighted,0.0,region_10
2023-09-23,10,FL.1.5.1,0.06500236668386628,0.0989651593584593,0.0403794303025,biweekly,weighted,,region_10
2023-09-30,10,FL.1.5.1,0.07592971207023257,0.1059287259744186,0.052258553719999996,biweekly,weighted,0.0,region_10
2023-09-16,10,HV.1,0.058007812927142854,0.09851399276857142,0.030691574992857146,biweekly,weighted,0.0,region_10
2023-09-23,10,HV.1,0.10192381182654761,0.16886139590083332,0.05463145314059524,biweekly,weighted,,region_10
2023-09-30,10,HV.1,0.14583981072595237,0.23920879903309525,0.07857133128833334,biweekly,weighted,0.0,region_10
2023-10-07,10,HV.1,0.15483653048666668,0.2434198875871429,0.08900801757607144,biweekly,weighted,,region_10
2023-10-14,10,HV.1,0.16383325024738096,0.2476309761411905,0.09944470386380952,biweekly,weighted,0.0,region_10
2023-10-21,10,HV.1,0.16485485336274724,0.24709654914695056,0.1013168263254533,biweekly,weighted,,region_10
2023-10-28,10,HV.1,0.16587645647811355,0.24656212215271062,0.10318894878709707,biweekly,weighted,,region_10
2023-11-04,10,HV.1,0.16689805959347986,0.2460276951584707,0.10506107124874084,biweekly,weighted,,region_10
2023-11-11,10,HV.1,0.16791966270884615,0.24549326816423075,0.10693319371038462,biweekly,weighted,0.0,region_10
2023-11-18,10,HV.1,0.2758202985494231,0.3905342396071154,0.1768785652051923,biweekly,weighted,,region_10
2023-11-25,10,HV.1,0.38372093439,0.53557521105,0.2468239367,biweekly,weighted,0.0,region_10
2023-12-02,10,HV.1,0.37429471420321425,0.5018264747101786,0.2587470484089286,biweekly,weighted,,region_10
2023-12-09,10,HV.1,0.36486849401642857,0.4680777383703571,0.27067016011785716,biweekly,weighted,0.0,region_10
2023-12-16,10,HV.1,0.28656064452876984,0.41004765577767854,0.1871268717600397,biweekly,weighted,,region_10
2023-12-23,10,HV.1,0.2082527950411111,0.352017573185,0.10358358340222222,biweekly,weighted,0.0,region_10
2023-12-30,10,HV.1,0.17806481176791666,0.2753171800738889,0.10476279207069444,biweekly,weighted,,region_10
2024-01-06,10,HV.1,0.14787682849472222,0.1986167869627778,0.10594200073916667,biweekly,weighted,0.0,region_10
2024-01-13,10,HV.1,0.10804893761525586,0.15770976831375733,0.07069570495510966,biweekly,weighted,,region_10
2024-01-20,10,HV.1,0.06822104673578948,0.11680274966473685,0.03544940917105263,biweekly,weighted,0.0,region_10
2023-09-30,10,JF.1,0.03891514108619048,0.06324906931023809,0.022003158572619048,biweekly,weighted,0.0,region_10
2023-10-07,10,JF.1,0.04220659299071429,0.07088264414964285,0.022781995879880952,biweekly,weighted,,region_10
2023-10-14,10,JF.1,0.04549804489523809,0.07851621898904762,0.023560833187142857,biweekly,weighted,0.0,region_10
2023-12-09,10,JN.1,0.14050935873378378,0.22670006711756757,0.07798647880567568,biweekly,weighted,0.0,region_10
2023-12-16,10,JN.1,0.2488733807346505,0.353272492314301,0.1626066989423206,biweekly,weighted,,region_10
2023-12-23,10,JN.1,0.35723740273551724,0.47984491751103453,0.24722691907896552,biweekly,weighted,0.0,region_10
2023-12-30,10,JN.1,0.49505599431818725,0.600364580295803,0.3922174417836256,biweekly,weighted,,region_10
2024-01-06,10,JN.1,0.6328745859008572,0.7208842430805714,0.5372079644882858,biweekly,weighted,0.0,region_10
2024-01-13,10,JN.1,0.7051067931308572,0.7888079217504286,0.6082506963185714,biweekly,weighted,,region_10
2024-01-20,10,JN.1,0.7773390003608571,0.8567316004202857,0.6792934281488571,biweekly,weighted,0.0,region_10
2024-01-27,10,JN.1,0.807141072333958,0.873735366398084,0.7243802998247226,biweekly,weighted,,region_10
2024-02-03,10,JN.1,0.8369431443070589,0.8907391323758823,0.7694671715005882,biweekly,weighted,0.0,region_10
2024-02-10,10,JN.1,0.8253952807439839,0.8792190499168806,0.7585194743565062,biweekly,weighted,,region_10
2024-02-17,10,JN.1,0.8138474171809091,0.8676989674578788,0.7475717772124242,biweekly,weighted,0.0,region_10
2024-02-24,10,JN.1,0.8356265735482806,0.8934174918611133,0.7601581581020818,biweekly,weighted,,region_10
2024-03-02,10,JN.1,0.8574057299156522,0.9191360162643478,0.7727445389917392,biweekly,weighted,0.0,region_10
2024-03-09,10,JN.1,0.8169673441542391,0.8949953084407609,0.7151712347638044,biweekly,weighted,,region_10
2024-03-16,10,JN.1,0.7765289583928261,0.8708546006171739,0.6575979305358697,biweekly,weighted,,region_10
2024-03-23,10,JN.1,0.7360905726314131,0.8467138927935869,0.6000246263079348,biweekly,weighted,,region_10
2024-03-30,10,JN.1,0.69565218687,0.82257318497,0.54245132208,biweekly,weighted,0.0,region_10
2024-08-17,10,KP.2.3,0.1627641081815,0.26905013322800003,0.08599276430950001,biweekly,weighted,0.0,region_10
2024-06-22,10,KP.3,0.33869070410799995,0.47595603465999997,0.21874872148,biweekly,weighted,0.0,region_10
2024-06-29,10,KP.3,0.32443338334662497,0.46032737965354165,0.207214433140625,biweekly,weighted,,region_10
2024-07-06,10,KP.3,0.31017606258525,0.4446987246470833,0.19568014480125,biweekly,weighted,,region_10
2024-07-13,10,KP.3,0.29591874182387495,0.429070069640625,0.184145856461875,biweekly,weighted,,region_10
2024-07-20,10,KP.3,0.2816614210625,0.41344141463416667,0.1726115681225,biweekly,weighted,0.0,region_10
2024-07-27,10,KP.3,0.27837416281374994,0.40525356514541666,0.17322714150708335,biweekly,weighted,,region_10
2024-08-03,10,KP.3,0.27508690456499996,0.39706571565666665,0.17384271489166667,biweekly,weighted,0.0,region_10
2024-08-10,10,KP.3,0.2316888988325,0.3593411314192708,0.13338332473114584,biweekly,weighted,,region_10
2024-08-17,10,KP.3,0.1882908931,0.321616547181875,0.092923934570625,biweekly,weighted,0.0,region_10
2024-08-17,10,KP.3.1.1,0.30151811943411766,0.45735370587,0.1732654799435294,biweekly,weighted,0.0,region_10
2024-08-24,10,KP.3.1.1,0.34506316088634453,0.48407094875571427,0.22458269309390755,biweekly,weighted,,region_10
2024-08-31,10,KP.3.1.1,0.3886082023385714,0.5107881916414285,0.27589990624428573,biweekly,weighted,0.0,region_10
2024-09-07,10,KP.3.1.1,0.42632805343214286,0.5580622245157143,0.30147929383285715,biweekly,weighted,,region_10
2024-09-14,10,KP.3.1.1,0.46404790452571426,0.6053362573900001,0.3270586814214286,biweekly,weighted,0.0,region_10
2024-09-21,10,KP.3.1.1,0.47854193832285713,0.621550415245,0.3381076944757143,biweekly,weighted,,region_10
2024-09-28,10,KP.3.1.1,0.49303597212,0.6377645731,0.34915670753,biweekly,weighted,0.0,region_10
2024-10-05,10,KP.3.1.1,0.561404794455,0.6974773605666666,0.41836383442333336,biweekly,weighted,,region_10
2024-10-12,10,KP.3.1.1,0.62977361679,0.7571901480333333,0.4875709613166667,biweekly,weighted,0.0,region_10
2024-08-17,10,LB.1,0.14107769231,0.23334854841333333,0.07529605428666668,biweekly,weighted,0.0,region_10
2024-08-24,10,LB.1,0.16731214667105265,0.26645002592614037,0.0938459376641228,biweekly,weighted,,region_10
2024-08-31,10,LB.1,0.19354660103210528,0.2995515034389474,0.11239582104157894,biweekly,weighted,0.0,region_10
2025-08-30,10,LP.8.1,0.12014284357499999,0.18806123733500002,0.073588378725,4_week,empiric,0.0,region_10
2025-09-27,10,NB.1.8.1,0.080226130785,0.12921315059,0.048127008605,4_week,empiric,0.0,region_10
2021-01-30,10,Other,0.45140891075100004,0.553741145133,0.334118637442,biweekly,weighted,0.0,region_10
2021-02-06,10,Other,0.397320620715,0.506890480219,0.298353936896,biweekly,weighted,,region_10
2021-02-13,10,Other,0.343232330679,0.46003981530499993,0.26258923635,biweekly,weighted,0.0,region_10
2021-02-20,10,Other,0.33630358278649997,0.515962155162,0.220083107241,biweekly,weighted,,region_10
2021-02-27,10,Other,0.329374834894,0.5718844950190001,0.177576978132,biweekly,weighted,0.0,region_10
2021-03-06,10,Other,0.85664589703,0.9582997709525001,0.711229678245,weekly,weighted,0.0,region_10
2021-03-13,10,Other,0.73595634848,0.87262299657,0.388025060295,weekly,weighted,0.0,region_10
2021-03-20,10,Other,0.6700036823725,0.7949963212,0.534314222635,weekly,weighted,0.0,region_10
2021-03-27,10,Other,0.6004462912675,0.8144191652525,0.3689808100475,weekly,weighted,0.0,region_10
2021-04-03,10,Other,0.5507617741824999,0.69420527667,0.3993834853175,weekly,weighted,0.0,region_10
2021-04-10,10,Other,0.4151802957075,0.6504343152025001,0.2315819868825,weekly,weighted,0.0,region_10
2021-04-17,10,Other,0.3957273662075,0.620717510585,0.2227595811675,weekly,weighted,0.0,region_10
2021-04-24,10,Other,0.32623927667749997,0.5047700107099999,0.1969580259175,weekly,weighted,0.0,region_10
2021-05-01,10,Other,0.22573553956999998,0.345743991435,0.143566662445,weekly,weighted,0.0,region_10
2021-05-08,10,Other,0.9294294249506494,0.9522273749505193,0.8928906876451949,weekly,weighted,0.0,region_10
2021-05-15,10,Other,0.9011514542731766,0.9351246427091765,0.8538246195104706,weekly,weighted,0.0,region_10
2021-05-22,10,Other,0.8968724993218824,0.9371340379994118,0.8421557460641176,weekly,weighted,0.0,region_10
2021-05-29,10,Other,0.8797957324364707,0.9066407599871764,0.8443296848629412,weekly,weighted,0.0,region_10
2021-06-05,10,Other,0.8329839395034118,0.8799701571023529,0.7656007102091765,weekly,weighted,0.0,region_10
2021-06-12,10,Other,0.8034020686568605,0.8811574747219767,0.6722364466597675,weekly,weighted,0.0,region_10
2021-06-19,10,Other,0.7455641308931396,0.8376801108379069,0.6264228132272093,weekly,weighted,0.0,region_10
2021-06-26,10,Other,0.16254620875,0.335474131005,0.08444431874333334,weekly,weighted,0.0,region_10
2021-07-03,10,Other,0.45067215517716047,0.5638550468430864,0.34186366751259256,weekly,weighted,0.0,region_10
2021-07-10,10,Other,0.2656242079154321,0.3855195858132099,0.16605817186209879,weekly,weighted,0.0,region_10
2021-07-17,10,Other,0.16677560668634145,0.2539918539002439,0.10159091359560976,weekly,weighted,0.0,region_10
2021-07-24,10,Other,0.07996149662962025,0.10394276018417721,0.06035566027443038,weekly,weighted,0.0,region_10
2021-07-31,10,Other,0.040721265761749996,0.054163920413125,0.029823222267125,weekly,weighted,0.0,region_10
2021-08-07,10,Other,0.024182528813780486,0.03705421662536585,0.015112116753902439,weekly,weighted,0.0,region_10
2021-08-14,10,Other,0.011101780842151899,0.015464485717468354,0.007710142844683545,weekly,weighted,0.0,region_10
2021-08-21,10,Other,0.008511608250625,0.011811589228749999,0.0059407258055,weekly,weighted,0.0,region_10
2021-08-28,10,Other,0.00836154416117647,0.01174629255352941,0.0057650433365,weekly,weighted,,region_10
2021-09-04,10,Other,0.008211480071727941,0.011680995878308823,0.0055893608675000005,weekly,weighted,,region_10
2021-09-11,10,Other,0.008061415982279411,0.011615699203088234,0.0054136783985,weekly,weighted,,region_10
2021-09-18,10,Other,0.007911351892830883,0.011550402527867647,0.0052379959295,weekly,weighted,,region_10
2021-09-25,10,Other,0.007761287803382353,0.011485105852647058,0.0050623134605,weekly,weighted,,region_10
2021-10-02,10,Other,0.007611223713933824,0.011419809177426469,0.0048866309915,weekly,weighted,,region_10
2021-10-09,10,Other,0.007461159624485294,0.011354512502205882,0.0047109485225,weekly,weighted,,region_10
2021-10-16,10,Other,0.007311095535036765,0.011289215826985293,0.0045352660535,weekly,weighted,,region_10
2021-10-23,10,Other,0.007161031445588235,0.011223919151764706,0.0043595835845,weekly,weighted,,region_10
2021-10-30,10,Other,0.007010967356139705,0.011158622476544117,0.0041839011155000005,weekly,weighted,,region_10
2021-11-06,10,Other,0.006860903266691176,0.01109332580132353,0.0040082186465,weekly,weighted,,region_10
2021-11-13,10,Other,0.0067108391772426465,0.01102802912610294,0.0038325361775,weekly,weighted,,region_10
2021-11-20,10,Other,0.006560775087794117,0.010962732450882352,0.0036568537085,weekly,weighted,,region_10
2021-11-27,10,Other,0.006410710998345588,0.010897435775661764,0.0034811712395,weekly,weighted,,region_10
2021-12-04,10,Other,0.006260646908897058,0.010832139100441176,0.0033054887705000003,weekly,weighted,,region_10
2021-12-11,10,Other,0.006110582819448529,0.010766842425220588,0.0031298063015,weekly,weighted,,region_10
2021-12-18,10,Other,0.005960518729999999,0.01070154575,0.0029541238325,weekly,weighted,0.0,region_10
2021-12-25,10,Other,0.01243146835,0.022074393924999998,0.006246298785,weekly,weighted,0.0,region_10
2021-04-17,10,P.1,0.06597102806,0.1973300091925,0.0198897752,weekly,weighted,0.0,region_10
2021-04-24,10,P.1,0.07171296328,0.14758540193,0.033472757166666665,weekly,weighted,0.0,region_10
2021-05-01,10,P.1,0.10384959541,0.1386008262625,0.0770467258975,weekly,weighted,0.0,region_10
2021-05-08,10,P.1,0.09661705295,0.19611032307,0.04484970867333333,weekly,weighted,0.0,region_10
2021-05-15,10,P.1,0.12404103364285714,0.16953422554857142,0.08886796555428571,weekly,weighted,0.0,region_10
2021-05-22,10,P.1,0.19385507702857144,0.27454910959571427,0.13172243109714285,weekly,weighted,0.0,region_10
2021-05-29,10,P.1,0.23894675501999998,0.3172362361642857,0.17525952415857143,weekly,weighted,0.0,region_10
2021-06-05,10,P.1,0.22287657431,0.40797027094285715,0.10777070053857142,weekly,weighted,0.0,region_10
2021-06-12,10,P.1,0.1646688495342857,0.24929542201000002,0.10514250929857143,weekly,weighted,0.0,region_10
2021-06-19,10,P.1,0.12606253581285715,0.21466246673142855,0.07148093676857144,weekly,weighted,0.0,region_10
2021-06-26,10,P.1,0.1566256902042857,0.37589364818142856,0.05602092561857143,weekly,weighted,0.0,region_10
2021-07-03,10,P.1,0.10367930254857143,0.1938059415142857,0.05248532976285714,weekly,weighted,0.0,region_10
2021-07-10,10,P.1,0.048701758682,0.13199874460599997,0.01694551371,weekly,weighted,0.0,region_10
2021-07-17,10,P.1,0.022717091565,0.12500818446333334,0.004651339336666667,weekly,weighted,0.0,region_10
2021-07-24,10,P.1,0.014475082046666666,0.03543598484333333,0.006043899028333333,weekly,weighted,0.0,region_10
2021-07-31,10,P.1,0.006151206792,0.015933960118000003,0.002446227684,weekly,weighted,0.0,region_10
2023-02-04,10,XBB,0.031549360605,0.0548524931075,0.016235742252499998,weekly,weighted,0.0,region_10
2023-02-11,10,XBB,0.03521703556375,0.061226731165625,0.018092461511874998,weekly,weighted,,region_10
2023-02-18,10,XBB,0.038884710522500004,0.06760096922375,0.01994918077125,weekly,weighted,,region_10
2023-02-25,10,XBB,0.04255238548125,0.07397520728187501,0.021805900030625,weekly,weighted,,region_10
2023-03-04,10,XBB,0.04622006044,0.08034944534,0.02366261929,weekly,weighted,0.0,region_10
2023-03-11,10,XBB,0.04572340524278572,0.07951301735157143,0.023401128059142857,weekly,weighted,,region_10
2023-03-18,10,XBB,0.04522675004557143,0.07867658936314287,0.023139636828285712,weekly,weighted,,region_10
2023-03-25,10,XBB,0.044730094848357146,0.07784016137471429,0.02287814559742857,weekly,weighted,,region_10
2023-04-01,10,XBB,0.04423343965114286,0.07700373338628572,0.02261665436657143,weekly,weighted,,region_10
2023-04-08,10,XBB,0.043736784453928576,0.07616730539785714,0.022355163135714288,weekly,weighted,,region_10
2023-04-15,10,XBB,0.043240129256714284,0.07533087740942858,0.022093671904857143,weekly,weighted,,region_10
2023-04-22,10,XBB,0.0427434740595,0.074494449421,0.021832180674,weekly,weighted,,region_10
2023-04-29,10,XBB,0.042246818862285714,0.07365802143257143,0.02157068944314286,weekly,weighted,,region_10
2023-05-06,10,XBB,0.04175016366507143,0.07282159344414287,0.021309198212285715,weekly,weighted,,region_10
2023-05-13,10,XBB,0.04125350846785714,0.07198516545571429,0.021047706981428573,biweekly,weighted,0.0,region_10
2023-05-20,10,XBB,0.07131806439517857,0.12533168689848215,0.03531461656946429,biweekly,weighted,,region_10
2023-05-27,10,XBB,0.1013826203225,0.17867820834125,0.0495815261575,biweekly,weighted,0.0,region_10
2023-06-03,10,XBB,0.09701170345479167,0.17050643251457176,0.04770785141548611,biweekly,weighted,,region_10
2023-06-10,10,XBB,0.09264078658708334,0.1623346566878935,0.04583417667347222,biweekly,weighted,,region_10
2023-06-17,10,XBB,0.088269869719375,0.1541628808612153,0.04396050193145833,biweekly,weighted,,region_10
2023-06-24,10,XBB,0.08389895285166667,0.14599110503453705,0.042086827189444447,biweekly,weighted,,region_10
2023-07-01,10,XBB,0.07952803598395834,0.1378193292078588,0.04021315244743055,biweekly,weighted,,region_10
2023-07-08,10,XBB,0.07515711911625,0.12964755338118056,0.038339477705416666,biweekly,weighted,,region_10
2023-07-15,10,XBB,0.07078620224854167,0.12147577755450233,0.03646580296340278,biweekly,weighted,,region_10
2023-07-22,10,XBB,0.06641528538083333,0.11330400172782408,0.034592128221388886,biweekly,weighted,,region_10
2023-07-29,10,XBB,0.062044368513125,0.10513222590114583,0.032718453479375,biweekly,weighted,,region_10
2023-08-05,10,XBB,0.057673451645416665,0.0969604500744676,0.03084477873736111,biweekly,weighted,,region_10
2023-08-12,10,XBB,0.053302534777708334,0.08878867424778936,0.02897110399534722,biweekly,weighted,,region_10
2023-08-19,10,XBB,0.04893161791,0.08061689842111111,0.027097429253333333,biweekly,weighted,0.0,region_10
2023-08-26,10,XBB,0.052782716260500004,0.08983868116330555,0.027855249825666666,biweekly,weighted,,region_10
2023-09-02,10,XBB,0.056633814611,0.0990604639055,0.028613070398000002,biweekly,weighted,0.0,region_10
2023-09-09,10,XBB,0.06295693637835714,0.10864739641560714,0.03238498158757143,biweekly,weighted,,region_10
2023-09-16,10,XBB,0.06928005814571428,0.11823432892571428,0.03615689277714285,biweekly,weighted,0.0,region_10
2023-09-23,10,XBB,0.05131647270225108,0.08802842405255411,0.026695196545086577,biweekly,weighted,,region_10
2023-09-30,10,XBB,0.03335288725878788,0.05782251917939394,0.017233500313030305,biweekly,weighted,0.0,region_10
2023-04-29,10,XBB.1.16,0.07026028102,0.10680604049944444,0.04327437405796296,biweekly,weighted,0.0,region_10
2023-05-06,10,XBB.1.16,0.10076223922880434,0.1619459536621135,0.05675585273669887,biweekly,weighted,,region_10
2023-05-13,10,XBB.1.16,0.1312641974376087,0.2170858668247826,0.07023733141543478,biweekly,weighted,0.0,region_10
2023-05-20,10,XBB.1.16,0.13151305239617278,0.21817271817212813,0.07000329851824372,biweekly,weighted,,region_10
2023-05-27,10,XBB.1.16,0.13176190735473683,0.21925956951947367,0.06976926562105264,biweekly,weighted,0.0,region_10
2023-06-03,10,XBB.1.16,0.1340843850451684,0.21135542252323683,0.07735949507292633,biweekly,weighted,,region_10
2023-06-10,10,XBB.1.16,0.1364068627356,0.203451275527,0.08494972452480001,biweekly,weighted,0.0,region_10
2023-06-17,10,XBB.1.16,0.12955976077629183,0.19807713661688264,0.07822222226268165,biweekly,weighted,,region_10
2023-06-24,10,XBB.1.16,0.12271265881698366,0.1927029977067653,0.07149472000056327,biweekly,weighted,,region_10
2023-07-01,10,XBB.1.16,0.1158655568576755,0.18732885879664796,0.0647672177384449,biweekly,weighted,,region_10
2023-07-08,10,XBB.1.16,0.10901845489836734,0.1819547198865306,0.05803971547632653,biweekly,weighted,0.0,region_10
2023-07-15,10,XBB.1.16,0.14817997661685034,0.25051033659026534,0.0754935847409966,biweekly,weighted,,region_10
2023-07-22,10,XBB.1.16,0.18734149833533334,0.319065953294,0.09294745400566667,biweekly,weighted,0.0,region_10
2023-07-29,10,XBB.1.16,0.15892134214766668,0.24711502031614893,0.09335236542262057,biweekly,weighted,,region_10
2023-08-05,10,XBB.1.16,0.13050118596000002,0.17516408733829786,0.09375727683957447,biweekly,weighted,0.0,region_10
2023-08-12,10,XBB.1.16,0.12822673233505558,0.1743257580124456,0.09070858383834751,biweekly,weighted,,region_10
2023-08-19,10,XBB.1.16,0.1259522787101111,0.17348742868659336,0.08765989083712056,biweekly,weighted,,region_10
2023-08-26,10,XBB.1.16,0.12367782508516667,0.17264909936074113,0.08461119783589362,biweekly,weighted,,region_10
2023-09-02,10,XBB.1.16,0.12140337146022222,0.17181077003488887,0.08156250483466666,biweekly,weighted,0.0,region_10
2023-09-09,10,XBB.1.16,0.10092907507431566,0.1431037294085808,0.06781188135381061,biweekly,weighted,,region_10
2023-09-16,10,XBB.1.16,0.0804547786884091,0.11439668878227273,0.05406125787295454,biweekly,weighted,0.0,region_10
2023-09-23,10,XBB.1.16,0.07032671132408827,0.10076698265288055,0.046831044632407504,biweekly,weighted,,region_10
2023-09-30,10,XBB.1.16,0.06019864395976744,0.08713727652348836,0.039600831391860464,biweekly,weighted,0.0,region_10
2023-10-07,10,XBB.1.16,0.056518912207071226,0.08850111473940042,0.03373939112952398,biweekly,weighted,,region_10
2023-10-14,10,XBB.1.16,0.052839180454375,0.0898649529553125,0.0278779508671875,biweekly,weighted,0.0,region_10
2023-07-08,10,XBB.1.16.1,0.08224259730844445,0.14349102775177777,0.04127681404377778,biweekly,weighted,0.0,region_10
2023-07-15,10,XBB.1.16.1,0.07811797919890973,0.13122373269870138,0.04168185549761806,biweekly,weighted,,region_10
2023-07-22,10,XBB.1.16.1,0.073993361089375,0.11895643764562501,0.042086896951458334,biweekly,weighted,0.0,region_10
2023-07-29,10,XBB.1.16.1,0.06772308735319792,0.10970514685305209,0.038167715188427084,biweekly,weighted,,region_10
2023-08-05,10,XBB.1.16.1,0.06145281361702083,0.10045385606047916,0.034248533425395834,biweekly,weighted,,region_10
2023-08-12,10,XBB.1.16.1,0.055182539880843755,0.09120256526790624,0.03032935166236458,biweekly,weighted,,region_10
2023-08-19,10,XBB.1.16.1,0.04891226614466667,0.08195127447533332,0.02641016989933333,biweekly,weighted,0.0,region_10
2023-08-26,10,XBB.1.16.1,0.04698229462474712,0.08018737339508045,0.024724750907942527,biweekly,weighted,,region_10
2023-09-02,10,XBB.1.16.1,0.04505232310482758,0.07842347231482759,0.023039331916551723,biweekly,weighted,0.0,region_10
2023-09-09,10,XBB.1.16.1,0.04141170276433497,0.07173041794290641,0.021353890713128078,biweekly,weighted,,region_10
2023-09-16,10,XBB.1.16.1,0.03777108242384236,0.06503736357098522,0.019668449509704432,biweekly,weighted,,region_10
2023-09-23,10,XBB.1.16.1,0.03413046208334975,0.05834430919906404,0.017983008306280787,biweekly,weighted,,region_10
2023-09-30,10,XBB.1.16.1,0.030489841742857144,0.051651254827142855,0.016297567102857142,biweekly,weighted,0.0,region_10
2023-08-19,10,XBB.1.16.11,0.05853392864021739,0.09747984406130436,0.031853882312608696,biweekly,weighted,0.0,region_10
2023-09-30,10,XBB.1.16.15,0.03659500473304348,0.06357247026130435,0.018830475761304345,biweekly,weighted,0.0,region_10
2023-09-02,10,XBB.1.16.6,0.052957898937500004,0.08888206929,0.028653120528999997,biweekly,weighted,0.0,region_10
2023-09-09,10,XBB.1.16.6,0.06768677504417152,0.10494624020244187,0.041123692775354645,biweekly,weighted,,region_10
2023-09-16,10,XBB.1.16.6,0.08241565115084303,0.12101041111488373,0.0535942650217093,biweekly,weighted,,region_10
2023-09-23,10,XBB.1.16.6,0.09714452725751455,0.1370745820273256,0.06606483726806395,biweekly,weighted,,region_10
2023-09-30,10,XBB.1.16.6,0.11187340336418605,0.15313875293976745,0.0785354095144186,biweekly,weighted,0.0,region_10
2023-10-07,10,XBB.1.16.6,0.09953809972828351,0.15042517746762182,0.062132040239471206,biweekly,weighted,,region_10
2023-10-14,10,XBB.1.16.6,0.08720279609238095,0.1477116019954762,0.04572867096452381,biweekly,weighted,0.0,region_10
2023-01-21,10,XBB.1.5,0.16263223563583334,0.24615306034666665,0.09861250594416666,weekly,weighted,0.0,region_10
2023-01-28,10,XBB.1.5,0.2534412691991667,0.3729093795016667,0.15649087665083333,weekly,weighted,0.0,region_10
2023-02-04,10,XBB.1.5,0.3421488214618182,0.4234090691281818,0.2671577009290909,weekly,weighted,0.0,region_10
2023-02-11,10,XBB.1.5,0.46015477225590906,0.5495401080524243,0.3715871972867677,weekly,weighted,,region_10
2023-02-18,10,XBB.1.5,0.57816072305,0.6756711469766666,0.47601669364444443,weekly,weighted,0.0,region_10
2023-02-25,10,XBB.1.5,0.67707526683875,0.738049693405,0.611000820995,weekly,weighted,0.0,region_10
2023-03-04,10,XBB.1.5,0.7303121686,0.8367519293528571,0.6000530975214285,weekly,weighted,0.0,region_10
2023-03-11,10,XBB.1.5,0.7922005852066666,0.8452871541183334,0.7300626933566666,weekly,weighted,0.0,region_10
2023-03-18,10,XBB.1.5,0.77015941143,0.857090795042,0.661530685426,weekly,weighted,0.0,region_10
2023-03-25,10,XBB.1.5,0.76836118102,0.82182431221,0.7072800099850001,weekly,weighted,0.0,region_10
2023-04-01,10,XBB.1.5,0.7742015322066665,0.8441948294633334,0.69025806586,weekly,weighted,0.0,region_10
2023-04-08,10,XBB.1.5,0.788663387295,0.88794338703,0.655472576615,weekly,weighted,0.0,region_10
2023-04-15,10,XBB.1.5,0.7504997145038182,0.7992677807809091,0.6962975155223636,biweekly,weighted,0.0,region_10
2023-04-22,10,XBB.1.5,0.6923861267288536,0.7455116122960102,0.6350189503597004,biweekly,weighted,,region_10
2023-04-29,10,XBB.1.5,0.6342725389538889,0.6917554438111111,0.573740385197037,biweekly,weighted,0.0,region_10
2023-05-06,10,XBB.1.5,0.5757761083752464,0.6356855560586687,0.51412068539616,biweekly,weighted,,region_10
2023-05-13,10,XBB.1.5,0.5172796777966038,0.5796156683062265,0.454500985595283,biweekly,weighted,0.0,region_10
2023-05-20,10,XBB.1.5,0.4787488515333019,0.5772587078295839,0.38312158738572977,biweekly,weighted,,region_10
2023-05-27,10,XBB.1.5,0.44021802527,0.5749017473529412,0.31174218917617647,biweekly,weighted,0.0,region_10
2023-06-03,10,XBB.1.5,0.4375555951080434,0.5542204227975576,0.32574267557765346,biweekly,weighted,,region_10
2023-06-10,10,XBB.1.5,0.43489316494608693,0.5335390982421739,0.33974316197913046,biweekly,weighted,0.0,region_10
2023-06-17,10,XBB.1.5,0.4093653924828435,0.5134267322909869,0.31105374911546524,biweekly,weighted,,region_10
2023-06-24,10,XBB.1.5,0.38383762001960003,0.49331436633979997,0.2823643362518,biweekly,weighted,0.0,region_10
2023-07-01,10,XBB.1.5,0.30199238328888167,0.40073275889602245,0.21503593896702244,biweekly,weighted,,region_10
2023-07-08,10,XBB.1.5,0.22014714655816325,0.30815115145224486,0.1477075416822449,biweekly,weighted,0.0,region_10
2023-07-15,10,XBB.1.5,0.19313812306003908,0.2913567542031437,0.11768551628112245,biweekly,weighted,,region_10
2023-07-22,10,XBB.1.5,0.16612909956191488,0.2745623569540426,0.08766349088,biweekly,weighted,0.0,region_10
2023-07-29,10,XBB.1.5,0.1728116010132908,0.2870647891121324,0.09019816864277777,biweekly,weighted,,region_10
2023-08-05,10,XBB.1.5,0.17949410246466668,0.29956722127022223,0.09273284640555556,biweekly,weighted,0.0,region_10
2023-08-12,10,XBB.1.5,0.1315732465183116,0.2164870682634807,0.0705677576972343,biweekly,weighted,,region_10
2023-08-19,10,XBB.1.5,0.08365239057195652,0.13340691525673912,0.048402668988913045,biweekly,weighted,0.0,region_10
2023-08-26,10,XBB.1.5,0.07504721490855351,0.1204940042664279,0.043063301417598475,biweekly,weighted,,region_10
2023-09-02,10,XBB.1.5,0.06644203924515049,0.10758109327611667,0.03772393384628391,biweekly,weighted,,region_10
2023-09-09,10,XBB.1.5,0.057836863581747486,0.09466818228580545,0.03238456627496934,biweekly,weighted,,region_10
2023-09-16,10,XBB.1.5,0.04923168791834448,0.08175527129549423,0.027045198703654776,biweekly,weighted,,region_10
2023-09-23,10,XBB.1.5,0.040626512254941474,0.06884236030518301,0.02170583113234021,biweekly,weighted,,region_10
2023-09-30,10,XBB.1.5,0.03202133659153846,0.055929449314871794,0.016366463561025644,biweekly,weighted,0.0,region_10
2023-04-15,10,XBB.1.9.1,0.043105221695789474,0.07415498008789474,0.02244199753631579,biweekly,weighted,0.0,region_10
2023-04-22,10,XBB.1.9.1,0.05384303710354288,0.08488040011468811,0.03185162474139863,biweekly,weighted,,region_10
2023-04-29,10,XBB.1.9.1,0.06458085251129629,0.09560582014148149,0.04126125194648148,biweekly,weighted,0.0,region_10
2023-05-06,10,XBB.1.9.1,0.072045332772779,0.10965827014662524,0.04428228599961866,biweekly,weighted,,region_10
2023-05-13,10,XBB.1.9.1,0.07950981303426169,0.12371072015176901,0.04730332005275585,biweekly,weighted,,region_10
2023-05-20,10,XBB.1.9.1,0.08697429329574438,0.13776317015691278,0.05032435410589303,biweekly,weighted,,region_10
2023-05-27,10,XBB.1.9.1,0.09443877355722709,0.15181562016205652,0.05334538815903021,biweekly,weighted,,region_10
2023-06-03,10,XBB.1.9.1,0.1019032538187098,0.1658680701672003,0.0563664222121674,biweekly,weighted,,region_10
2023-06-10,10,XBB.1.9.1,0.10936773408019249,0.17992052017234406,0.05938745626530458,biweekly,weighted,,region_10
2023-06-17,10,XBB.1.9.1,0.11683221434167518,0.1939729701774878,0.06240849031844177,biweekly,weighted,,region_10
2023-06-24,10,XBB.1.9.1,0.12429669460315788,0.20802542018263157,0.06542952437157895,biweekly,weighted,0.0,region_10
2023-07-01,10,XBB.1.9.1,0.1116951738348684,0.18748347421947367,0.05872278346868422,biweekly,weighted,,region_10
2023-07-08,10,XBB.1.9.1,0.09909365306657894,0.16694152825631578,0.052016042565789476,biweekly,weighted,,region_10
2023-07-15,10,XBB.1.9.1,0.08649213229828948,0.1463995822931579,0.045309301662894735,biweekly,weighted,,region_10
2023-07-22,10,XBB.1.9.1,0.07389061153,0.12585763633,0.03860256076,biweekly,weighted,0.0,region_10
2023-04-15,10,XBB.1.9.2,0.03077508369475,0.05110709303925,0.016996546438499998,biweekly,weighted,0.0,region_10
2023-04-29,10,XBB.2.3,0.04835123353157895,0.08319693921421052,0.025135201255263157,biweekly,weighted,0.0,region_10
2023-05-06,10,XBB.2.3,0.05020420766328947,0.08653249991877193,0.02601251868096491,biweekly,weighted,,region_10
2023-05-13,10,XBB.2.3,0.052057181795,0.08986806062333334,0.026889836106666665,biweekly,weighted,0.0,region_10
2023-05-20,10,XBB.2.3,0.06466437697671874,0.10826332316083334,0.03478715780369791,biweekly,weighted,,region_10
2023-05-27,10,XBB.2.3,0.0772715721584375,0.12665858569833333,0.042684479500729164,biweekly,weighted,,region_10
2023-06-03,10,XBB.2.3,0.08987876734015623,0.14505384823583334,0.050581801197760415,biweekly,weighted,,region_10
2023-06-10,10,XBB.2.3,0.10248596252187499,0.16344911077333332,0.05847912289479167,biweekly,weighted,0.0,region_10
2023-06-17,10,XBB.2.3,0.12021696602672696,0.18860935802929824,0.06989964023213267,biweekly,weighted,,region_10
2023-06-24,10,XBB.2.3,0.13794796953157895,0.21376960528526318,0.08132015756947368,biweekly,weighted,0.0,region_10
2023-07-01,10,XBB.2.3,0.1553637839688507,0.2323238112264071,0.09627429766045112,biweekly,weighted,,region_10
2023-07-08,10,XBB.2.3,0.17277959840612245,0.25087801716755104,0.11122843775142856,biweekly,weighted,0.0,region_10
2023-07-15,10,XBB.2.3,0.16550225650727596,0.24472095331292298,0.10418331690336438,biweekly,weighted,,region_10
2023-07-22,10,XBB.2.3,0.15822491460842947,0.2385638894582949,0.0971381960553002,biweekly,weighted,,region_10
2023-07-29,10,XBB.2.3,0.15094757270958298,0.23240682560366682,0.09009307520723601,biweekly,weighted,,region_10
2023-08-05,10,XBB.2.3,0.14367023081073646,0.22624976174903877,0.08304795435917184,biweekly,weighted,,region_10
2023-08-12,10,XBB.2.3,0.13639288891188997,0.22009269789441072,0.07600283351110766,biweekly,weighted,,region_10
2023-08-19,10,XBB.2.3,0.12911554701304348,0.21393563403978264,0.06895771266304349,biweekly,weighted,0.0,region_10
2023-08-26,10,XBB.2.3,0.11244207418874397,0.17616632591133574,0.06586872086563286,biweekly,weighted,,region_10
2023-09-02,10,XBB.2.3,0.09576860136444446,0.13839701778288888,0.06277972906822223,biweekly,weighted,0.0,region_10
2023-09-09,10,XBB.2.3,0.08695777631926768,0.12879937232780808,0.055331779762292935,biweekly,weighted,,region_10
2023-09-16,10,XBB.2.3,0.07814695127409091,0.11920172687272727,0.04788383045636364,biweekly,weighted,0.0,region_10
2023-09-23,10,XBB.2.3,0.07049858923192917,0.10485323111741016,0.04475258689864693,biweekly,weighted,,region_10
2023-09-30,10,XBB.2.3,0.06285022718976745,0.09050473536209303,0.041621343340930234,biweekly,weighted,0.0,region_10
2021-06-26,2,AY.3,0.06593774631999999,0.210854791105,0.018309018575,weekly,weighted,0.0,region_02
2021-07-03,2,AY.3,0.05537778325,0.23861841112499999,0.010847178754999999,weekly,weighted,0.0,region_02
2021-07-10,2,AY.3,0.10987924039,0.12346458435,0.09762226045,weekly,weighted,0.0,region_02
2021-07-17,2,AY.3,0.14493516088,0.47804263234,0.03041608259,weekly,weighted,0.0,region_02
2021-07-24,2,AY.3,0.15209192038,0.51772069931,0.02909995615,weekly,weighted,0.0,region_02
2021-01-30,2,B.1,0.047593592292999996,0.106207255647,0.024775565881,biweekly,weighted,0.0,region_02
2021-02-06,2,B.1,0.054947217275,0.1414394373075,0.023837327398,biweekly,weighted,,region_02
2021-02-13,2,B.1,0.062300842257,0.176671618968,0.022899088914999997,biweekly,weighted,0.0,region_02
2021-02-20,2,B.1,0.0566623101945,0.1443895332515,0.0256874973885,biweekly,weighted,,region_02
2021-02-27,2,B.1,0.051023778132,0.11210744753499999,0.028475905862000002,biweekly,weighted,0.0,region_02
2021-01-30,2,B.1.1,0.0162091013,0.02994224802,0.00871811621,biweekly,weighted,0.0,region_02
2021-02-06,2,B.1.1,0.013353054875,0.06445567868999999,0.004870813224999999,biweekly,weighted,,region_02
2021-02-13,2,B.1.1,0.01049700845,0.09896910936,0.00102351024,biweekly,weighted,0.0,region_02
2021-02-20,2,B.1.1,0.02169293212,0.07786831818500001,0.009938619914999999,biweekly,weighted,,region_02
2021-02-27,2,B.1.1,0.03288885579,0.05676752701,0.01885372959,biweekly,weighted,0.0,region_02
2021-01-30,2,B.1.1.519,0.01491098572,0.0291835051,0.00756421499,biweekly,weighted,0.0,region_02
2021-02-06,2,B.1.1.519,0.013614940303888889,0.02426066171888889,0.0077111379044444445,biweekly,weighted,,region_02
2021-02-13,2,B.1.1.519,0.012318894887777777,0.019337818337777778,0.007858060818888889,biweekly,weighted,0.0,region_02
2021-02-20,2,B.1.1.519,0.010704722333888889,0.20445077054055558,0.004020787455555556,biweekly,weighted,,region_02
2021-02-27,2,B.1.1.519,0.00909054978,0.38956372274333334,0.00018351409222222223,biweekly,weighted,0.0,region_02
2021-12-04,2,B.1.1.529,0.021345307925333335,0.038084476192,0.010614134558666666,weekly,weighted,0.0,region_02
2021-12-11,2,B.1.1.529,0.23653225698568137,0.30079443374372067,0.17591177604837743,weekly,weighted,,region_02
2021-12-18,2,B.1.1.529,0.4517192060460294,0.5635043912954413,0.3412094175380882,weekly,weighted,0.0,region_02
2021-12-25,2,B.1.1.529,0.6448598145568116,0.7200394419665217,0.5537870072804347,weekly,weighted,0.0,region_02
2022-01-01,2,B.1.1.529,0.6579782528917647,0.7041461423914706,0.6082202686983824,weekly,weighted,0.0,region_02
2022-01-08,2,B.1.1.529,0.6699875931231344,0.7248438360974626,0.6039549552683582,weekly,weighted,0.0,region_02
2022-01-15,2,B.1.1.529,0.6706375324013433,0.7060091588922388,0.634609355410597,weekly,weighted,0.0,region_02
2022-01-22,2,B.1.1.529,0.6515969666144615,0.6857416891141539,0.6187222045198462,weekly,weighted,0.0,region_02
2022-01-29,2,B.1.1.529,0.6274502831510937,0.6498423041778125,0.603701748885,weekly,weighted,0.0,region_02
2022-02-05,2,B.1.1.529,0.5968784398977778,0.6192417423879365,0.5748919648307936,weekly,weighted,0.0,region_02
2022-02-12,2,B.1.1.529,0.5580668151377778,0.5906444825822222,0.5212963161955555,weekly,weighted,0.0,region_02
2022-02-19,2,B.1.1.529,0.5251450924593443,0.5617760175562295,0.4882336107434426,weekly,weighted,0.0,region_02
2022-02-26,2,B.1.1.529,0.44370323444,0.4888339677795082,0.394757774887541,weekly,weighted,0.0,region_02
2022-03-05,2,B.1.1.529,0.3646352319665,0.4260273131223334,0.29864067571816666,weekly,weighted,0.0,region_02
2022-03-12,2,B.1.1.529,0.2586637287071186,0.31645107711271186,0.2040927301525424,weekly,weighted,0.0,region_02
2022-03-19,2,B.1.1.529,0.16892916375929826,0.2031702555457895,0.13871067817877192,weekly,weighted,0.0,region_02
2022-03-26,2,B.1.1.529,0.22958272501086954,0.2960229554904348,0.17178878123347827,weekly,weighted,0.0,region_02
2022-04-02,2,B.1.1.529,0.11316507343590909,0.14772055907727275,0.084291773425,weekly,weighted,0.0,region_02
2022-04-09,2,B.1.1.529,0.03349547963622222,0.04857247831955556,0.022050754953777778,weekly,weighted,0.0,region_02
2022-04-16,2,B.1.1.529,0.029442766401,0.0366578368475,0.023336435203,weekly,weighted,0.0,region_02
2022-04-23,2,B.1.1.529,0.012671724942105264,0.01774651949263158,0.008743731328947369,weekly,weighted,0.0,region_02
2022-04-30,2,B.1.1.529,0.00940127112,0.014581298301666665,0.005733141054999999,weekly,weighted,0.0,region_02
2022-05-07,2,B.1.1.529,0.00945404079,0.015572925095,0.0053127799149999995,weekly,weighted,0.0,region_02
2021-01-30,2,B.1.1.7,0.030886784195833333,0.039856944543333335,0.0242204198925,biweekly,weighted,0.0,region_02
2021-02-06,2,B.1.1.7,0.06334901942583333,0.2867417020395833,0.017593097368333335,biweekly,weighted,,region_02
2021-02-13,2,B.1.1.7,0.09581125465583333,0.5336264595358333,0.010965774844166666,biweekly,weighted,0.0,region_02
2021-02-20,2,B.1.1.7,0.12131341205291665,0.38523972469,0.04962288700833333,biweekly,weighted,,region_02
2021-02-27,2,B.1.1.7,0.14681556945,0.23685298984416667,0.0882799991725,biweekly,weighted,0.0,region_02
2021-03-06,2,B.1.1.7,0.206610634925,0.224952042105,0.18973438069249998,weekly,weighted,0.0,region_02
2021-03-13,2,B.1.1.7,0.27359427139,0.359233506025,0.201986741275,weekly,weighted,0.0,region_02
2021-03-20,2,B.1.1.7,0.32257285714,0.48829171061599996,0.191761651634,weekly,weighted,0.0,region_02
2021-03-27,2,B.1.1.7,0.391866511108,0.47161074877,0.317492204904,weekly,weighted,0.0,region_02
2021-04-03,2,B.1.1.7,0.460868781804,0.5528681159000001,0.37155430912799997,weekly,weighted,0.0,region_02
2021-04-10,2,B.1.1.7,0.5067867696280001,0.6135817527780001,0.398638767006,weekly,weighted,0.0,region_02
2021-04-17,2,B.1.1.7,0.5253341317160001,0.69888937473,0.344137573242,weekly,weighted,0.0,region_02
2021-04-24,2,B.1.1.7,0.570992946624,0.729719662668,0.39447467923,weekly,weighted,0.0,region_02
2021-05-01,2,B.1.1.7,0.562576186656,0.68306480646,0.43510453105,weekly,weighted,0.0,region_02
2021-05-08,2,B.1.1.7,0.5901008248328571,0.6724313327242857,0.5013767395700001,weekly,weighted,0.0,region_02
2021-05-15,2,B.1.1.7,0.615495723486,0.713501930236,0.505873712897,weekly,weighted,0.0,region_02
2021-05-22,2,B.1.1.7,0.501668903231,0.597614276411,0.40855212956599996,weekly,weighted,0.0,region_02
2021-05-29,2,B.1.1.7,0.467766907065,0.55695497244625,0.37990744412,weekly,weighted,0.0,region_02
2021-06-05,2,B.1.1.7,0.5047764267242857,0.6957106419985715,0.31405557159999997,weekly,weighted,0.0,region_02
2021-06-12,2,B.1.1.7,0.329139798879,0.589423602819,0.145097021758,weekly,weighted,0.0,region_02
2021-06-19,2,B.1.1.7,0.297022628785,0.387354072928,0.22311835438199998,weekly,weighted,0.0,region_02
2021-06-26,2,B.1.1.7,0.13492567506222222,0.29280313849444445,0.06050875079444445,weekly,weighted,0.0,region_02
2021-07-03,2,B.1.1.7,0.08746762126900001,0.23335342407099996,0.032999629061,weekly,weighted,0.0,region_02
2021-07-10,2,B.1.1.7,0.030059773474,0.082214640082,0.010623143614,weekly,weighted,0.0,region_02
2021-07-17,2,B.1.1.7,0.018128257618,0.10436845869,0.00299483007,weekly,weighted,0.0,region_02
2021-07-24,2,B.1.1.7,0.007476335578,0.060632233322,0.001010406006,weekly,weighted,0.0,region_02
2021-07-31,2,B.1.1.7,0.007881799129999999,0.041895819365,0.001440210325,weekly,weighted,0.0,region_02
2021-01-30,2,B.1.2,0.27105016633875,0.37894489243625,0.18511042557875002,biweekly,weighted,0.0,region_02
2021-02-06,2,B.1.2,0.2503380086275,0.41658924706312506,0.140856753104375,biweekly,weighted,,region_02
2021-02-13,2,B.1.2,0.22962585091624999,0.45423360169000004,0.09660308063,biweekly,weighted,0.0,region_02
2021-02-20,2,B.1.2,0.193711209110625,0.37587868888000003,0.08727403054875,biweekly,weighted,,region_02
2021-02-27,2,B.1.2,0.157796567305,0.29752377607,0.07794498046750001,biweekly,weighted,0.0,region_02
2021-04-03,2,B.1.351,0.00409446284,0.01119150687,0.00149119028,weekly,weighted,0.0,region_02
2021-04-10,2,B.1.351,0.00607790323,0.030982233209999998,0.001168081792,weekly,weighted,0.0,region_02
2021-04-17,2,B.1.351,0.00757284276,0.05960158631,0.00091785874,weekly,weighted,0.0,region_02
2021-01-30,2,B.1.427,0.009614322105,0.22737984918,0.0024988706,biweekly,weighted,0.0,region_02
2021-02-06,2,B.1.427,0.02278120711125,0.17133179275916666,0.0076021967108333335,biweekly,weighted,,region_02
2021-02-13,2,B.1.427,0.0359480921175,0.11528373633833333,0.012705522821666667,biweekly,weighted,0.0,region_02
2021-02-20,2,B.1.427,0.03702762257375,0.13262274923416667,0.01158670109,biweekly,weighted,,region_02
2021-02-27,2,B.1.427,0.03810715303,0.14996176213,0.010467879358333333,biweekly,weighted,0.0,region_02
2021-03-06,2,B.1.427,0.01378602162,0.02114291489,0.00896558724,weekly,weighted,0.0,region_02
2021-03-13,2,B.1.427,0.02640148997,0.06829217821,0.00993277319,weekly,weighted,0.0,region_02
2021-03-20,2,B.1.427,0.02267462946,0.10739905387,0.00445369398,weekly,weighted,0.0,region_02
2021-03-27,2,B.1.427,0.00771971326,0.02018039115,0.00293005491,weekly,weighted,0.0,region_02
2021-04-03,2,B.1.427,0.01015300862,0.06033635885,0.00163582072,weekly,weighted,0.0,region_02
2021-04-10,2,B.1.427,0.00731185218,0.04190231487,0.00123897486,weekly,weighted,0.0,region_02
2021-04-17,2,B.1.427,0.00698368577,0.02600857429,0.00184880686,weekly,weighted,0.0,region_02
2021-04-24,2,B.1.427,0.01131325494,0.02289886586,0.00555601763,weekly,weighted,0.0,region_02
2021-01-30,2,B.1.429,0.021950736175,0.04587439634,0.0111027597475,biweekly,weighted,0.0,region_02
2021-02-06,2,B.1.429,0.036219066396666666,0.14836862714375,0.009972360665833332,biweekly,weighted,,region_02
2021-02-13,2,B.1.429,0.05048739661833334,0.2508628579475,0.008841961584166667,biweekly,weighted,0.0,region_02
2021-02-20,2,B.1.429,0.040736297766250006,0.16816986942125,0.009894413369166667,biweekly,weighted,,region_02
2021-02-27,2,B.1.429,0.030985198914166668,0.085476880895,0.010946865154166666,biweekly,weighted,0.0,region_02
2021-03-06,2,B.1.429,0.01896510087,0.05175844952,0.00680010812,weekly,weighted,0.0,region_02
2021-03-13,2,B.1.429,0.02369899489,0.04452252388,0.01248750463,weekly,weighted,0.0,region_02
2021-03-20,2,B.1.429,0.0089265313,0.0259688478,0.00303357327,weekly,weighted,0.0,region_02
2021-03-27,2,B.1.429,0.009088872,0.01211221982,0.00681498041,weekly,weighted,0.0,region_02
2021-04-03,2,B.1.429,0.01146449614,0.03116652183,0.0041636494,weekly,weighted,0.0,region_02
2021-04-10,2,B.1.429,0.00567533262,0.01107100211,0.00290163257,weekly,weighted,0.0,region_02
2021-04-17,2,B.1.429,0.010477656496666666,0.12309084708333334,0.0021975195266666666,weekly,weighted,,region_02
2021-04-24,2,B.1.429,0.015279980373333332,0.23511069205666668,0.0014934064833333333,weekly,weighted,,region_02
2021-05-01,2,B.1.429,0.02008230425,0.34713053703,0.00078929344,weekly,weighted,0.0,region_02
2021-02-27,2,B.1.525,0.0069616125,0.01083719358,0.00446575368,biweekly,weighted,0.0,region_02
2021-01-30,2,B.1.526,0.07607332555083333,0.09068421895333334,0.06478974114583334,biweekly,weighted,0.0,region_02
2021-02-06,2,B.1.526,0.10578448822208333,0.18174176601041667,0.06515504652666668,biweekly,weighted,,region_02
2021-02-13,2,B.1.526,0.13549565089333335,0.2727993130675,0.0655203519075,biweekly,weighted,0.0,region_02
2021-02-20,2,B.1.526,0.18572066507041668,0.2914185517775,0.11996920818166666,biweekly,weighted,,region_02
2021-02-27,2,B.1.526,0.23594567924749998,0.3100377904875,0.17441806445583333,biweekly,weighted,0.0,region_02
2021-03-06,2,B.1.526,0.27803865075,0.3218416273575,0.240079954265,weekly,weighted,0.0,region_02
2021-03-13,2,B.1.526,0.3470462039125,0.35886949301,0.335415288805,weekly,weighted,0.0,region_02
2021-03-20,2,B.1.526,0.3661524131875,0.3975771665575,0.3360728845,weekly,weighted,0.0,region_02
2021-03-27,2,B.1.526,0.4035204872525,0.47071456164,0.339942358435,weekly,weighted,0.0,region_02
2021-04-03,2,B.1.526,0.36309060454500003,0.428226657215,0.3026561960575,weekly,weighted,0.0,region_02
2021-04-10,2,B.1.526,0.321035675705,0.427389740945,0.23236104101000002,weekly,weighted,0.0,region_02
2021-04-17,2,B.1.526,0.31108812615250003,0.51973938197,0.16181161441,weekly,weighted,0.0,region_02
2021-04-24,2,B.1.526,0.2765957415125,0.39111363888,0.187840934845,weekly,weighted,0.0,region_02
2021-05-01,2,B.1.526,0.2492611408225,0.3698228523125,0.1581316776575,weekly,weighted,0.0,region_02
2021-05-08,2,B.1.526,0.22612245753500002,0.3095196932575,0.1628831718125,weekly,weighted,0.0,region_02
2021-05-15,2,B.1.526,0.199415745835,0.27703761061000004,0.14746581887333335,weekly,weighted,0.0,region_02
2021-05-22,2,B.1.526,0.25429988404,0.41703123351,0.15130310008833334,weekly,weighted,0.0,region_02
2021-05-29,2,B.1.526,0.194858559715,0.31764280796,0.11405497540833333,weekly,weighted,0.0,region_02
2021-06-05,2,B.1.526,0.146649417284,0.42486906051600004,0.052412249802,weekly,weighted,0.0,region_02
2021-06-12,2,B.1.526,0.074268002995,0.31550090015,0.0148919343475,weekly,weighted,0.0,region_02
2021-06-19,2,B.1.526,0.055133365559999994,0.20750784874,0.01367661298625,weekly,weighted,,region_02
2021-06-26,2,B.1.526,0.035998728125,0.09951479733,0.012461291624999999,weekly,weighted,0.0,region_02
2021-01-30,2,B.1.526.1,0.01733987778,0.03649257123,0.00815417804,biweekly,weighted,0.0,region_02
2021-02-06,2,B.1.526.1,0.017815038094166666,0.036565669965,0.008626628318333333,biweekly,weighted,,region_02
2021-02-13,2,B.1.526.1,0.018290198408333333,0.0366387687,0.009099078596666666,biweekly,weighted,0.0,region_02
2021-02-20,2,B.1.526.1,0.027452175970833333,0.0418337817925,0.018849969493333334,biweekly,weighted,,region_02
2021-02-27,2,B.1.526.1,0.03661415353333333,0.047028794885,0.02860086039,biweekly,weighted,0.0,region_02
2021-01-30,2,B.1.526.2,0.029247434064,0.155505657196,0.006011450804,biweekly,weighted,0.0,region_02
2021-02-06,2,B.1.526.2,0.027752701752,0.17673035928466668,0.0058307252795,biweekly,weighted,,region_02
2021-02-13,2,B.1.526.2,0.02625796944,0.19795506137333332,0.005649999754999999,biweekly,weighted,0.0,region_02
2021-02-20,2,B.1.526.2,0.04485293012166667,0.24533613119333336,0.008743162053333333,biweekly,weighted,,region_02
2021-02-27,2,B.1.526.2,0.06344789080333334,0.2927172010133334,0.011836324351666665,biweekly,weighted,0.0,region_02
2021-01-30,2,B.1.596,0.028902986552500003,0.110684337095,0.0072057088825,biweekly,weighted,0.0,region_02
2021-02-06,2,B.1.596,0.0295587410225,0.07460977137,0.0154424314375,biweekly,weighted,,region_02
2021-02-13,2,B.1.596,0.0302144954925,0.038535205645,0.0236791539925,biweekly,weighted,0.0,region_02
2021-02-20,2,B.1.596,0.02280206117,0.040634881237500003,0.01459944253875,biweekly,weighted,,region_02
2021-02-27,2,B.1.596,0.0153896268475,0.04273455683,0.005519731085,biweekly,weighted,0.0,region_02
2021-04-17,2,B.1.617.2,0.004152555112,0.017373741418,0.000982794084,weekly,weighted,0.0,region_02
2021-04-24,2,B.1.617.2,0.006726109144,0.05396732986,0.000803073112,weekly,weighted,0.0,region_02
2021-05-01,2,B.1.617.2,0.014981272443999999,0.031800014152,0.006993431412,weekly,weighted,0.0,region_02
2021-05-08,2,B.1.617.2,0.01798581602909091,0.06596653976181818,0.006181865274545454,weekly,weighted,0.0,region_02
2021-05-15,2,B.1.617.2,0.0338661931448,0.065854108036,0.0164225210812,weekly,weighted,0.0,region_02
2021-05-22,2,B.1.617.2,0.032848055165,0.1732069402933333,0.005776799323333334,weekly,weighted,0.0,region_02
2021-05-29,2,B.1.617.2,0.061017178618333334,0.3957108408216667,0.009028002241666666,weekly,weighted,0.0,region_02
2021-06-05,2,B.1.617.2,0.13180170208333333,0.5284171154116667,0.024306407025,weekly,weighted,0.0,region_02
2021-06-12,2,B.1.617.2,0.26834816734,0.37729570851965516,0.17978965970689656,weekly,weighted,0.0,region_02
2021-06-19,2,B.1.617.2,0.3678482274209524,0.47979374229869043,0.2679569388608333,weekly,weighted,0.0,region_02
2021-06-26,2,B.1.617.2,0.5528865865864,0.7050061273576,0.3939796557026667,weekly,weighted,0.0,region_02
2021-07-03,2,B.1.617.2,0.6966431328033721,0.7992415268756976,0.5743804036875582,weekly,weighted,0.0,region_02
2021-07-10,2,B.1.617.2,0.8067186572971765,0.8927854404735294,0.6896448493002353,weekly,weighted,0.0,region_02
2021-07-17,2,B.1.617.2,0.8490631026383529,0.8995933785147059,0.7819624851728235,weekly,weighted,0.0,region_02
2021-07-24,2,B.1.617.2,0.9496555095765853,0.9617495776674391,0.9334348796345121,weekly,weighted,0.0,region_02
2021-07-31,2,B.1.617.2,0.9698077475740476,0.9836556911464285,0.9480553801571429,weekly,weighted,0.0,region_02
2021-08-07,2,B.1.617.2,0.9748156957686905,0.9855157520089286,0.9581250030361904,weekly,weighted,0.0,region_02
2021-08-14,2,B.1.617.2,0.9890101253981249,0.9952139303084999,0.977536112070125,weekly,weighted,0.0,region_02
2021-08-21,2,B.1.617.2,0.99056122750025,0.9959925487645,0.9805481553077501,weekly,weighted,0.0,region_02
2021-08-28,2,B.1.617.2,0.9761118400533736,0.9951004299773493,0.9272972395620482,weekly,weighted,0.0,region_02
2021-09-04,2,B.1.617.2,0.988437446206625,0.996320078522,0.9714246712625,weekly,weighted,0.0,region_02
2021-09-11,2,B.1.617.2,0.9971690018971666,0.9991856286926667,0.9927345156659999,weekly,weighted,0.0,region_02
2021-09-18,2,B.1.617.2,0.9878777406714473,0.9983697902221053,0.9581567503903948,weekly,weighted,0.0,region_02
2021-09-25,2,B.1.617.2,0.9952037752449351,0.9982080575703897,0.9896240102777921,weekly,weighted,0.0,region_02
2021-10-02,2,B.1.617.2,0.9891686694963636,0.9975276063011689,0.9697545139823376,weekly,weighted,0.0,region_02
2021-10-09,2,B.1.617.2,0.9890388503467124,0.9972318582338356,0.9705772130457534,weekly,weighted,0.0,region_02
2021-10-16,2,B.1.617.2,0.9948532597658905,0.9985139255654795,0.9868559053502739,weekly,weighted,0.0,region_02
2021-10-23,2,B.1.617.2,0.9915150698026668,0.9982250348726666,0.9751382366816,weekly,weighted,0.0,region_02
2021-10-30,2,B.1.617.2,0.9936456043985136,0.9988932569283785,0.9800218166535135,weekly,weighted,0.0,region_02
2021-11-06,2,B.1.617.2,0.9855853956609723,0.9960447127620833,0.963406302035,weekly,weighted,0.0,region_02
2021-11-13,2,B.1.617.2,0.9843198993930435,0.9954368843552175,0.9615255715189855,weekly,weighted,0.0,region_02
2021-11-20,2,B.1.617.2,0.9792130274901388,0.9943396697443055,0.9471067256395833,weekly,weighted,0.0,region_02
2021-11-27,2,B.1.617.2,0.9831357954149252,0.9956609242005969,0.9559496658955224,weekly,weighted,0.0,region_02
2021-12-04,2,B.1.617.2,0.975484555181884,0.989537465400145,0.9516205796295651,weekly,weighted,0.0,region_02
2021-12-11,2,B.1.617.2,0.7969387504792064,0.9154830357387301,0.622915383368889,weekly,weighted,0.0,region_02
2021-12-18,2,B.1.617.2,0.43955714430867643,0.5661699920891177,0.31846379839382355,weekly,weighted,0.0,region_02
2021-12-25,2,B.1.617.2,0.15174926239179104,0.25891092731,0.07647887428358209,weekly,weighted,0.0,region_02
2022-01-01,2,B.1.617.2,0.08510777222705883,0.12367651041794119,0.05549536420794118,weekly,weighted,0.0,region_02
2022-01-08,2,B.1.617.2,0.05190844195788425,0.07790040342485768,0.03267122915106736,weekly,weighted,,region_02
2022-01-15,2,B.1.617.2,0.018709111688709677,0.032124296431774196,0.009847094094193548,weekly,weighted,0.0,region_02
2022-01-22,2,B.1.617.2,0.007153715765740741,0.012682215154814814,0.003609919825925926,weekly,weighted,0.0,region_02
2021-05-22,2,B.1.621,0.01818046346,0.19936354458,0.00137511396,weekly,weighted,0.0,region_02
2021-05-29,2,B.1.621,0.05048522726,0.26280334592,0.00786769018,weekly,weighted,0.0,region_02
2021-06-05,2,B.1.621,0.05264277445666667,0.08090875918666666,0.035359728151666665,weekly,weighted,0.0,region_02
2021-06-12,2,B.1.621,0.12343323510125,0.391041029245,0.043511027352499995,weekly,weighted,0.0,region_02
2021-06-19,2,B.1.621,0.14125127438375001,0.40890027955124997,0.04618258494875,weekly,weighted,0.0,region_02
2021-06-26,2,B.1.621,0.14066355768625,0.36581826582625,0.0505242908825,weekly,weighted,0.0,region_02
2021-07-03,2,B.1.621,0.10658746398875,0.317734451965,0.03664896619625,weekly,weighted,0.0,region_02
2021-07-10,2,B.1.621,0.053758267314,0.14531170428,0.019229115546,weekly,weighted,0.0,region_02
2021-07-17,2,B.1.621,0.04345706903571429,0.07997528357142857,0.023964099587142858,weekly,weighted,0.0,region_02
2021-07-24,2,B.1.621,0.013164168224285715,0.04466931308857143,0.004699402988571429,weekly,weighted,0.0,region_02
2021-07-31,2,B.1.621,0.0072302094175,0.017286341635,0.0036887454024999997,weekly,weighted,0.0,region_02
2021-08-07,2,B.1.621,0.0057327301220000005,0.020387318544,0.002162824968,weekly,weighted,0.0,region_02
2021-06-12,2,B.1.621.1,0.063847601415,0.2049245089275,0.017738586295,weekly,weighted,0.0,region_02
2021-06-19,2,B.1.621.1,0.0534641603025,0.201813746245,0.012461633655,weekly,weighted,0.0,region_02
2021-06-26,2,B.1.621.1,0.042888615073888886,0.15091579821555556,0.011464359807777779,weekly,weighted,,region_02
2021-07-03,2,B.1.621.1,0.03231306984527778,0.10001785018611112,0.010467085960555556,weekly,weighted,,region_02
2021-07-10,2,B.1.621.1,0.021737524616666667,0.049119902156666666,0.009469812113333335,weekly,weighted,0.0,region_02
2021-05-15,2,B.1.637,0.027404870834999998,0.0871380493,0.010251559779999999,weekly,weighted,0.0,region_02
2021-05-22,2,B.1.637,0.029656846075,0.0907723587,0.011181665115,weekly,weighted,0.0,region_02
2021-05-29,2,B.1.637,0.05688161775,0.23629416525,0.01162006427,weekly,weighted,0.0,region_02
2021-12-11,2,BA.1.1,0.03747510842272728,0.055925322415454545,0.02378875372757576,weekly,weighted,0.0,region_02
2021-12-18,2,BA.1.1,0.2126290053130303,0.31405582662848486,0.13177190924242424,weekly,weighted,0.0,region_02
2021-12-25,2,BA.1.1,0.40181244120823534,0.5447561127288235,0.2701366911917647,weekly,weighted,0.0,region_02
2022-01-01,2,BA.1.1,0.47924592126852944,0.5575693232179413,0.40161612629882354,weekly,weighted,0.0,region_02
2022-01-08,2,BA.1.1,0.5640589752623529,0.6560143495302941,0.4688254445791177,weekly,weighted,0.0,region_02
2022-01-15,2,BA.1.1,0.6047578524152941,0.6623096956932353,0.5450044554820588,weekly,weighted,0.0,region_02
2022-01-22,2,BA.1.1,0.6580499555130304,0.7171485153115151,0.5950972401736364,weekly,weighted,0.0,region_02
2022-01-29,2,BA.1.1,0.6798057190832258,0.7143159220290323,0.6437674549316129,weekly,weighted,0.0,region_02
2022-02-05,2,BA.1.1,0.7337643124851515,0.7699420126990909,0.6951112747193939,weekly,weighted,0.0,region_02
2022-02-12,2,BA.1.1,0.7501651206435294,0.7915634530432353,0.70506460351,weekly,weighted,0.0,region_02
2022-02-19,2,BA.1.1,0.7279780344533333,0.7668133070975758,0.6863704143145455,weekly,weighted,0.0,region_02
2022-02-26,2,BA.1.1,0.6819054011023529,0.7407392649085294,0.6184466709108823,weekly,weighted,0.0,region_02
2022-03-05,2,BA.1.1,0.592649985105,0.6849758271125,0.4952433360734375,weekly,weighted,0.0,region_02
2022-03-12,2,BA.1.1,0.451868801432353,0.546847965787353,0.3593925632111765,weekly,weighted,0.0,region_02
2022-03-19,2,BA.1.1,0.31824771534058827,0.37957257120088234,0.26125456129794117,weekly,weighted,0.0,region_02
2022-03-26,2,BA.1.1,0.20616592423058822,0.2659425989670588,0.15455085784205883,weekly,weighted,0.0,region_02
2022-04-02,2,BA.1.1,0.09977022514647059,0.11721787798852942,0.08419813938882352,weekly,weighted,0.0,region_02
2022-04-09,2,BA.1.1,0.06168841581676471,0.08765716215323528,0.04155566422852941,weekly,weighted,0.0,region_02
2022-04-16,2,BA.1.1,0.026050642900294116,0.03197039872,0.020964769591764708,weekly,weighted,0.0,region_02
2022-04-23,2,BA.1.1,0.011267812246060606,0.015840864289090907,0.007736931443030303,weekly,weighted,0.0,region_02
2022-01-22,2,BA.2,0.007565782886129032,0.013207234307096773,0.003900076705967742,weekly,weighted,0.0,region_02
2022-01-29,2,BA.2,0.025289890357,0.043674960732,0.01317119645,weekly,weighted,0.0,region_02
2022-02-05,2,BA.2,0.015136046218125001,0.02433485243796875,0.0087401664646875,weekly,weighted,0.0,region_02
2022-02-12,2,BA.2,0.047387783297046376,0.06835115878446825,0.03136958420274698,weekly,weighted,,region_02
2022-02-19,2,BA.2,0.07963952037596775,0.11236746513096775,0.05399900194080645,weekly,weighted,0.0,region_02
2022-02-26,2,BA.2,0.17029638270819672,0.2480049541247541,0.10894626574409835,weekly,weighted,0.0,region_02
2022-03-05,2,BA.2,0.2835026848118644,0.42008367332440677,0.1710186545122034,weekly,weighted,0.0,region_02
2022-03-12,2,BA.2,0.43451479734000004,0.5623214244844068,0.3128397156628814,weekly,weighted,0.0,region_02
2022-03-19,2,BA.2,0.5501587288131035,0.6442768522367242,0.4534146883362069,weekly,weighted,0.0,region_02
2022-03-26,2,BA.2,0.6265223852378947,0.7410013843001755,0.5007870521466666,weekly,weighted,0.0,region_02
2022-04-02,2,BA.2,0.6576782475621429,0.7648429487432143,0.5372254263075,weekly,weighted,0.0,region_02
2022-04-09,2,BA.2,0.6181964906783637,0.7277283516798182,0.49895619262345453,weekly,weighted,0.0,region_02
2022-04-16,2,BA.2,0.587675226184717,0.6942635212301888,0.47461080438660375,weekly,weighted,0.0,region_02
2022-04-23,2,BA.2,0.5346663991616667,0.6674213906133333,0.39883567889666666,weekly,weighted,0.0,region_02
2022-04-30,2,BA.2,0.4992113943190196,0.6340050007782353,0.36425340993705885,weekly,weighted,0.0,region_02
2022-05-07,2,BA.2,0.3941096821247059,0.4511273474080392,0.33915465485901963,weekly,weighted,0.0,region_02
2022-05-14,2,BA.2,0.3619883489608,0.4300179392094,0.2979484862088,weekly,weighted,0.0,region_02
2022-05-21,2,BA.2,0.3239707892040816,0.3894470771961224,0.2634206085787755,weekly,weighted,0.0,region_02
2022-05-28,2,BA.2,0.24372109242999998,0.30872400725916666,0.18647139177979166,weekly,weighted,0.0,region_02
2022-06-04,2,BA.2,0.18789830415130435,0.2708849349741304,0.12171038418326087,weekly,weighted,0.0,region_02
2022-06-11,2,BA.2,0.15860245294044445,0.19600019686755554,0.12595585634333334,weekly,weighted,0.0,region_02
2022-06-18,2,BA.2,0.11544006248488373,0.1716446689395349,0.07257186014953489,weekly,weighted,0.0,region_02
2022-06-25,2,BA.2,0.07676663509581395,0.10741750237604651,0.05264332518023256,weekly,weighted,0.0,region_02
2022-07-02,2,BA.2,0.04372568901384615,0.07210176380807692,0.02432712661807692,weekly,weighted,0.0,region_02
2022-07-09,2,BA.2,0.024900335723333333,0.035284096088205125,0.01693753434820513,weekly,weighted,0.0,region_02
2022-07-16,2,BA.2,0.01718218356825,0.0243037523235,0.01172907394325,weekly,weighted,0.0,region_02
2022-07-23,2,BA.2,0.015110267795,0.023206379265,0.009272344875000001,weekly,weighted,0.0,region_02
2022-07-30,2,BA.2,0.008650662053055556,0.014357907103055555,0.004792796273055556,weekly,weighted,0.0,region_02
2022-08-06,2,BA.2,0.006851579968055556,0.01142507949361111,0.003773853623333333,weekly,weighted,0.0,region_02
2022-04-02,2,BA.2.12.1,0.2316399869598182,0.37107325250400003,0.12499313584763637,weekly,weighted,0.0,region_02
2022-04-09,2,BA.2.12.1,0.314017277414,0.4481374084941818,0.19947899715436362,weekly,weighted,0.0,region_02
2022-04-16,2,BA.2.12.1,0.38171944528226415,0.49431199678867926,0.2779088962190566,weekly,weighted,0.0,region_02
2022-04-23,2,BA.2.12.1,0.4506652951216667,0.5882303218033333,0.317819764215,weekly,weighted,0.0,region_02
2022-04-30,2,BA.2.12.1,0.5122631920711112,0.6176732977222222,0.4062719411311111,weekly,weighted,0.0,region_02
2022-05-07,2,BA.2.12.1,0.5942741679205882,0.6500532311552941,0.5366267690472549,weekly,weighted,0.0,region_02
2022-05-14,2,BA.2.12.1,0.6242836797238001,0.6921378123762,0.5525972425932,weekly,weighted,0.0,region_02
2022-05-21,2,BA.2.12.1,0.6432963634030613,0.7028134197608163,0.5801788532006122,weekly,weighted,0.0,region_02
2022-05-28,2,BA.2.12.1,0.7027971073983333,0.76254848515,0.6373558603225,weekly,weighted,0.0,region_02
2022-06-04,2,BA.2.12.1,0.6718728956965218,0.7288008876473913,0.6109329811900001,weekly,weighted,0.0,region_02
2022-06-11,2,BA.2.12.1,0.6149889058533333,0.6445427589944445,0.5847836772595556,weekly,weighted,0.0,region_02
2022-06-18,2,BA.2.12.1,0.4783018778923256,0.5103828491165117,0.44624172116441857,weekly,weighted,0.0,region_02
2022-06-25,2,BA.2.12.1,0.36941372447209303,0.4498514581562791,0.29400757163139535,weekly,weighted,0.0,region_02
2022-07-02,2,BA.2.12.1,0.23194544868761904,0.2539396218602381,0.21099981949500002,weekly,weighted,0.0,region_02
2022-07-09,2,BA.2.12.1,0.13662610389275,0.16474169343825001,0.11171733513425,weekly,weighted,0.0,region_02
2022-07-16,2,BA.2.12.1,0.09003059929051282,0.1286969712146154,0.06005470865461538,weekly,weighted,0.0,region_02
2022-07-23,2,BA.2.12.1,0.04614756008,0.05463309519205128,0.038642954176410255,weekly,weighted,0.0,region_02
2022-07-30,2,BA.2.12.1,0.028880341783783785,0.038489893783783785,0.02113890642837838,weekly,weighted,0.0,region_02
2022-08-06,2,BA.2.12.1,0.017522821486666666,0.024118563625555554,0.012344226240833332,weekly,weighted,0.0,region_02
2022-08-13,2,BA.2.12.1,0.009142486254333334,0.016104161242333333,0.004653280849000001,weekly,weighted,0.0,region_02
2022-09-03,2,BA.2.75,0.014664474164117647,0.024743559606470587,0.007921229115882352,weekly,weighted,0.0,region_02
2022-09-10,2,BA.2.75,0.013507314446451613,0.02012360804903226,0.00862385302483871,weekly,weighted,0.0,region_02
2022-09-17,2,BA.2.75,0.012278383647363736,0.018206945279343717,0.007887719706384872,weekly,weighted,,region_02
2022-09-24,2,BA.2.75,0.01104945284827586,0.016290282509655172,0.007151586387931034,weekly,weighted,0.0,region_02
2022-10-01,2,BA.2.75,0.01447147007,0.02367841887,0.008159388166666667,weekly,weighted,0.0,region_02
2022-10-08,2,BA.2.75,0.0219586240496,0.0344189929968,0.0131255555524,weekly,weighted,0.0,region_02
2022-10-15,2,BA.2.75,0.017064781898333332,0.0282862336225,0.009497867334166667,weekly,weighted,0.0,region_02
2022-10-22,2,BA.2.75,0.017356630832738095,0.02812756229267857,0.009942123651369048,weekly,weighted,,region_02
2022-10-29,2,BA.2.75,0.017648479767142858,0.027968890962857144,0.010386379968571429,weekly,weighted,0.0,region_02
2022-11-05,2,BA.2.75,0.021003848280454544,0.032696392387272726,0.012713970488636362,weekly,weighted,0.0,region_02
2022-11-12,2,BA.2.75,0.016868093608,0.027693386748,0.00946067162,weekly,weighted,0.0,region_02
2022-11-19,2,BA.2.75,0.014277031395333335,0.023622041940333332,0.00792761934,weekly,weighted,,region_02
2022-11-26,2,BA.2.75,0.011685969182666667,0.019550697132666668,0.00639456706,weekly,weighted,,region_02
2022-12-03,2,BA.2.75,0.00909490697,0.015479352325,0.00486151478,weekly,weighted,0.0,region_02
2022-09-17,2,BA.2.75.2,0.01294994663105263,0.02252307808736842,0.00670705025,weekly,weighted,0.0,region_02
2022-09-24,2,BA.2.75.2,0.011301968610347744,0.019264753185291354,0.006029237723928571,weekly,weighted,,region_02
2022-10-01,2,BA.2.75.2,0.009653990589642858,0.016006428283214285,0.005351425197857143,weekly,weighted,0.0,region_02
2022-10-08,2,BA.2.75.2,0.01289974854542143,0.02119697808320714,0.007246039394928572,weekly,weighted,,region_02
2022-10-15,2,BA.2.75.2,0.0161455065012,0.0263875278832,0.009140653592,weekly,weighted,0.0,region_02
2022-10-22,2,BA.2.75.2,0.013663217074133333,0.022611940789911113,0.007606749874666667,weekly,weighted,,region_02
2022-10-29,2,BA.2.75.2,0.011180927647066668,0.018836353696622222,0.006072846157333334,weekly,weighted,,region_02
2022-11-05,2,BA.2.75.2,0.00869863822,0.015060766603333333,0.00453894244,weekly,weighted,0.0,region_02
2022-11-12,2,BA.2.75.2,0.009049584781666667,0.015881374480000002,0.004631746793333333,weekly,weighted,,region_02
2022-11-19,2,BA.2.75.2,0.009400531343333332,0.01670198235666667,0.004724551146666666,weekly,weighted,0.0,region_02
2023-10-28,2,BA.2.86,0.0307570491,0.04711126164,0.01888217591,biweekly,weighted,0.0,region_02
2023-11-04,2,BA.2.86,0.02593935407653846,0.039869150817564106,0.015865446630641024,biweekly,weighted,,region_02
2023-11-11,2,BA.2.86,0.021121659053076922,0.032627039995128206,0.01284871735128205,biweekly,weighted,0.0,region_02
2023-11-18,2,BA.2.86,0.021520113855862784,0.03241178933459113,0.0135385370763167,biweekly,weighted,,region_02
2023-11-25,2,BA.2.86,0.02191856865864865,0.03219653867405405,0.014228356801351351,biweekly,weighted,0.0,region_02
2023-12-02,2,BA.2.86,0.022826993140852105,0.03201930266091592,0.01572809679137012,biweekly,weighted,,region_02
2023-12-09,2,BA.2.86,0.023735417623055557,0.03184206664777778,0.017227836781388887,biweekly,weighted,0.0,region_02
2023-12-16,2,BA.2.86,0.022764464247099207,0.030566385858603173,0.016507298793408728,biweekly,weighted,,region_02
2023-12-23,2,BA.2.86,0.021793510871142858,0.029290705069428567,0.015786760805428568,biweekly,weighted,0.0,region_02
2023-12-30,2,BA.2.86,0.0189558180742479,0.025222167468831932,0.013900382713155461,biweekly,weighted,,region_02
2024-01-06,2,BA.2.86,0.01611812527735294,0.021153629868235296,0.012014004620882354,biweekly,weighted,0.0,region_02
2024-01-13,2,BA.2.86,0.01510268670928253,0.022374107120481282,0.009861241881653299,biweekly,weighted,,region_02
2024-01-20,2,BA.2.86,0.014087248141212122,0.02359458437272727,0.007708479142424243,biweekly,weighted,0.0,region_02
2022-05-21,2,BA.4,0.010968168045238095,0.019312600916190477,0.005581932586666667,weekly,weighted,0.0,region_02
2022-05-28,2,BA.4,0.02259640896208333,0.035250943231875,0.013563364510833334,weekly,weighted,0.0,region_02
2022-06-04,2,BA.4,0.06033129487674419,0.10496956196697674,0.03074132980325581,weekly,weighted,0.0,region_02
2022-06-11,2,BA.4,0.07593455645733332,0.08848473727666667,0.0646781634951111,weekly,weighted,0.0,region_02
2022-06-18,2,BA.4,0.11468386217,0.13025794784581396,0.10038599094674418,weekly,weighted,0.0,region_02
2022-06-25,2,BA.4,0.11377778198767441,0.1315908449327907,0.09763042819372093,weekly,weighted,0.0,region_02
2022-07-02,2,BA.4,0.14170590043119047,0.18845434735214286,0.10288153553309524,weekly,weighted,0.0,region_02
2022-07-09,2,BA.4,0.13621912337875,0.20538342595125,0.08356738649275,weekly,weighted,0.0,region_02
2022-07-16,2,BA.4,0.1129969794305,0.1277766054485,0.0993905531245,weekly,weighted,0.0,region_02
2022-07-23,2,BA.4,0.08453297462179488,0.0954723312302564,0.07447569244205128,weekly,weighted,0.0,region_02
2022-07-30,2,BA.4,0.07178493548891891,0.0836510521337838,0.061128350830810814,weekly,weighted,0.0,region_02
2022-08-06,2,BA.4,0.061447847013611105,0.075146932155,0.04960169943277778,weekly,weighted,0.0,region_02
2022-08-13,2,BA.4,0.061083028464857136,0.07810465076171429,0.04683492183657143,weekly,weighted,0.0,region_02
2022-08-20,2,BA.4,0.03651414964941176,0.04805810300264706,0.027125443933529413,weekly,weighted,0.0,region_02
2022-08-27,2,BA.4,0.028990918150303028,0.04015852014242424,0.02027537129121212,weekly,weighted,0.0,region_02
2022-09-03,2,BA.4,0.030732942455000002,0.040297813830625,0.022927027661562502,weekly,weighted,0.0,region_02
2022-09-10,2,BA.4,0.023377912181,0.033090887964333335,0.01589993819033333,weekly,weighted,0.0,region_02
2022-09-17,2,BA.4,0.019992138507333335,0.033322242957,0.010996099965333333,weekly,weighted,0.0,region_02
2022-09-24,2,BA.4,0.01032000635551724,0.015582688088965516,0.006489026409310345,weekly,weighted,0.0,region_02
2022-10-01,2,BA.4,0.011792903667142859,0.018640099625714286,0.006972505460714286,weekly,weighted,0.0,region_02
2022-06-18,2,BA.4.6,0.0078581069595,0.013719126209999998,0.0040536915185,weekly,weighted,0.0,region_02
2022-06-25,2,BA.4.6,0.016068808806153845,0.024779561142820514,0.00980638137076923,weekly,weighted,0.0,region_02
2022-07-02,2,BA.4.6,0.0228912964875,0.03718030514805556,0.0130300415525,weekly,weighted,0.0,region_02
2022-07-09,2,BA.4.6,0.03271976732575,0.04578092405575,0.022561001312500002,weekly,weighted,0.0,region_02
2022-07-16,2,BA.4.6,0.044104825798,0.057763084304,0.0329078749295,weekly,weighted,0.0,region_02
2022-07-23,2,BA.4.6,0.05454654265692308,0.06414991808256411,0.04600029725282051,weekly,weighted,0.0,region_02
2022-07-30,2,BA.4.6,0.07305213184837837,0.08669701460243243,0.06095648959594595,weekly,weighted,0.0,region_02
2022-08-06,2,BA.4.6,0.06260510575472222,0.07318080361583333,0.053139988539999995,weekly,weighted,0.0,region_02
2022-08-13,2,BA.4.6,0.08732153517857143,0.10774904830114286,0.06966557726257143,weekly,weighted,0.0,region_02
2022-08-20,2,BA.4.6,0.09598703945352942,0.12011660832735294,0.07538750449941177,weekly,weighted,0.0,region_02
2022-08-27,2,BA.4.6,0.09717480793060607,0.11968569254424243,0.07772701775454546,weekly,weighted,0.0,region_02
2022-09-03,2,BA.4.6,0.1198576134628125,0.1371465716509375,0.1040662138253125,weekly,weighted,0.0,region_02
2022-09-10,2,BA.4.6,0.13473566741741935,0.15231915779612903,0.11848934763870968,weekly,weighted,0.0,region_02
2022-09-17,2,BA.4.6,0.13593165576466668,0.15142992834266666,0.12147344599133333,weekly,weighted,0.0,region_02
2022-09-24,2,BA.4.6,0.1462035944751724,0.1614946563686207,0.13184221962413795,weekly,weighted,0.0,region_02
2022-10-01,2,BA.4.6,0.11995277447321429,0.144000452545,0.09864644812714285,weekly,weighted,0.0,region_02
2022-10-08,2,BA.4.6,0.11974034568703704,0.14175627739259258,0.10005581572111112,weekly,weighted,0.0,region_02
2022-10-15,2,BA.4.6,0.0944857314228,0.1189004102356,0.0736347177628,weekly,weighted,0.0,region_02
2022-10-22,2,BA.4.6,0.0818519392608,0.1290639439216,0.0481510324768,weekly,weighted,0.0,region_02
2022-10-29,2,BA.4.6,0.057159572219583336,0.07914858683958333,0.039866966815833335,weekly,weighted,0.0,region_02
2022-11-05,2,BA.4.6,0.04745998775409091,0.06355840170818182,0.03450083326181818,weekly,weighted,0.0,region_02
2022-11-12,2,BA.4.6,0.03517248034061689,0.04941960330575758,0.024248839497099568,weekly,weighted,,region_02
2022-11-19,2,BA.4.6,0.02288497292714286,0.03528080490333333,0.013996845732380954,weekly,weighted,0.0,region_02
2022-11-26,2,BA.4.6,0.02482411513666667,0.04045519232666667,0.01403636516,weekly,weighted,0.0,region_02
2022-12-03,2,BA.4.6,0.01902127917875,0.030494199949375,0.01101406681125,weekly,weighted,0.0,region_02
2022-05-21,2,BA.5,0.01694174344632653,0.027818969279591838,0.00953318452367347,weekly,weighted,0.0,region_02
2022-05-28,2,BA.5,0.028398972236458334,0.04264872187354166,0.017911149887500002,weekly,weighted,0.0,region_02
2022-06-04,2,BA.5,0.07585967818,0.10797439969065216,0.05103292324326087,weekly,weighted,0.0,region_02
2022-06-11,2,BA.5,0.14200007617444443,0.17124056418755557,0.11613406141600001,weekly,weighted,0.0,region_02
2022-06-18,2,BA.5,0.2852896909381395,0.36480836535534883,0.21485041220558138,weekly,weighted,0.0,region_02
2022-06-25,2,BA.5,0.42474361561162793,0.5294909387127906,0.3247718083311628,weekly,weighted,0.0,region_02
2022-07-02,2,BA.5,0.5587672911043903,0.6055866261804878,0.5111602486639024,weekly,weighted,0.0,region_02
2022-07-09,2,BA.5,0.6689573138955,0.73378692865325,0.5988699823620001,weekly,weighted,0.0,region_02
2022-07-16,2,BA.5,0.7326889206202564,0.7666153097761538,0.6965385950535897,weekly,weighted,0.0,region_02
2022-07-23,2,BA.5,0.7993539434207693,0.8140443288353847,0.7840341054474359,weekly,weighted,0.0,region_02
2022-07-30,2,BA.5,0.8110706483991892,0.8352266388967567,0.7850077877175675,weekly,weighted,0.0,region_02
2022-08-06,2,BA.5,0.8449095283234286,0.8593155707628571,0.8296377726968571,weekly,weighted,0.0,region_02
2022-08-13,2,BA.5,0.8303907495563636,0.8493825323648484,0.8100429484339394,weekly,weighted,0.0,region_02
2022-08-20,2,BA.5,0.8418374569973529,0.8720975255264706,0.8075350137314706,weekly,weighted,0.0,region_02
2022-08-27,2,BA.5,0.8448516762618181,0.8686828468781818,0.8184858506375757,weekly,weighted,0.0,region_02
2022-09-03,2,BA.5,0.8061845134940625,0.82512775436125,0.7861237842596875,weekly,weighted,0.0,region_02
2022-09-10,2,BA.5,0.7759282708159999,0.7952927470206668,0.755631510417,weekly,weighted,0.0,region_02
2022-09-17,2,BA.5,0.7679396436127586,0.7985295201165516,0.7350952769155172,weekly,weighted,0.0,region_02
2022-09-24,2,BA.5,0.7454471323225925,0.76335972106,0.7268903211318518,weekly,weighted,0.0,region_02
2022-10-01,2,BA.5,0.7283453196285714,0.7647335295167857,0.6895297446414286,weekly,weighted,0.0,region_02
2022-10-08,2,BA.5,0.6501987333659259,0.6863496193188888,0.6126807729396296,weekly,weighted,0.0,region_02
2022-10-15,2,BA.5,0.6195024274861538,0.659773271816923,0.5779343751757693,weekly,weighted,0.0,region_02
2022-10-22,2,BA.5,0.5734980036223529,0.7113207964347059,0.4267737427170588,weekly,weighted,0.0,region_02
2022-10-29,2,BA.5,0.43135820577541667,0.5497831876075,0.31911005452208335,weekly,weighted,0.0,region_02
2022-11-05,2,BA.5,0.33598726858130434,0.40561439939130434,0.27137180644608694,weekly,weighted,0.0,region_02
2022-11-12,2,BA.5,0.2768797928636364,0.3694455352690909,0.19698542559727272,weekly,weighted,0.0,region_02
2022-11-19,2,BA.5,0.22174117111,0.2629788879842857,0.18430380878,weekly,weighted,0.0,region_02
2022-11-26,2,BA.5,0.184367296845,0.267880517244,0.117980645598,weekly,weighted,0.0,region_02
2022-12-03,2,BA.5,0.1316778291210526,0.15555365697315787,0.11026249002421053,weekly,weighted,0.0,region_02
2022-12-10,2,BA.5,0.09012726280388889,0.11981333875,0.06579352128888888,weekly,weighted,0.0,region_02
2022-12-17,2,BA.5,0.07549383009235294,0.11070480592117647,0.048708183802352936,weekly,weighted,0.0,region_02
2022-12-24,2,BA.5,0.06929897517,0.090878966264375,0.051513008075625,weekly,weighted,0.0,region_02
2022-12-31,2,BA.5,0.051248036324999996,0.08276579529,0.029137383215,weekly,weighted,0.0,region_02
2023-01-07,2,BA.5,0.05770816281,0.09515380859,0.03179731965,weekly,weighted,0.0,region_02
2023-01-14,2,BA.5,0.02676560042,0.043779867200769235,0.015061257980769231,weekly,weighted,0.0,region_02
2023-01-21,2,BA.5,0.01567347584818182,0.02591465819909091,0.00871850965,weekly,weighted,0.0,region_02
2023-01-28,2,BA.5,0.012570302,0.02068721503,0.00703381887,weekly,weighted,0.0,region_02
2023-02-04,2,BA.5,0.007569109822857143,0.013189077775714287,0.0039149981799999995,weekly,weighted,0.0,region_02
2022-09-17,2,BA.5.2.6,0.00644802075125,0.01083976810375,0.0035209874625000003,weekly,weighted,0.0,region_02
2022-09-24,2,BA.5.2.6,0.00856350048,0.0138148405825,0.00493608845875,weekly,weighted,0.0,region_02
2022-10-01,2,BA.5.2.6,0.00708002457,0.01269902196,0.00351252663,weekly,weighted,0.0,region_02
2022-10-08,2,BA.5.2.6,0.016553304557142857,0.02726387338857143,0.009287016864285713,weekly,weighted,0.0,region_02
2022-10-15,2,BA.5.2.6,0.020517424122,0.032013756036,0.012326914165,weekly,weighted,0.0,region_02
2022-10-22,2,BA.5.2.6,0.033656011335,0.055817451325,0.01852463046,weekly,weighted,0.0,region_02
2022-10-29,2,BA.5.2.6,0.028773788870454543,0.04685561341795455,0.016303978161363638,weekly,weighted,,region_02
2022-11-05,2,BA.5.2.6,0.02389156640590909,0.03789377551090909,0.014083325862727274,weekly,weighted,0.0,region_02
2022-11-12,2,BA.5.2.6,0.023636375553,0.037324176356,0.013958146982,weekly,weighted,0.0,region_02
2022-11-19,2,BA.5.2.6,0.020243904596761904,0.03247821103923809,0.01171780050752381,weekly,weighted,,region_02
2022-11-26,2,BA.5.2.6,0.01685143364052381,0.02763224572247619,0.00947745403304762,weekly,weighted,,region_02
2022-12-03,2,BA.5.2.6,0.013458962684285715,0.022786280405714284,0.007237107558571429,weekly,weighted,0.0,region_02
2022-09-10,2,BF.11,0.006324634014583334,0.011252775671666666,0.003175850909583333,weekly,weighted,0.0,region_02
2022-09-17,2,BF.11,0.0054501232225,0.009271811421666666,0.002918269534166667,weekly,weighted,0.0,region_02
2022-08-27,2,BF.7,0.007801803509642857,0.013111793569285714,0.004247073516071428,weekly,weighted,0.0,region_02
2022-09-03,2,BF.7,0.0116767865259375,0.01792690117125,0.007177093036875,weekly,weighted,0.0,region_02
2022-09-10,2,BF.7,0.022635325308387095,0.03884100445290323,0.011912310525806451,weekly,weighted,0.0,region_02
2022-09-17,2,BF.7,0.024046376038333334,0.031134160981666666,0.018211830779666666,weekly,weighted,0.0,region_02
2022-09-24,2,BF.7,0.02917615773862069,0.03701635809862069,0.022604489955172415,weekly,weighted,0.0,region_02
2022-10-01,2,BF.7,0.039230047326428576,0.05287291229285714,0.028282676025357143,weekly,weighted,0.0,region_02
2022-10-08,2,BF.7,0.04107318087333334,0.05952480794,0.027076379017037036,weekly,weighted,0.0,region_02
2022-10-15,2,BF.7,0.05356280219153846,0.08434766960884615,0.031682739536153845,weekly,weighted,0.0,region_02
2022-10-22,2,BF.7,0.0392493817204,0.0618365386128,0.023236160502400002,weekly,weighted,0.0,region_02
2022-10-29,2,BF.7,0.0508023399865,0.0881910424665,0.0260665882375,weekly,weighted,0.0,region_02
2022-11-05,2,BF.7,0.057324549750434786,0.0753969261821739,0.04251242979695652,weekly,weighted,0.0,region_02
2022-11-12,2,BF.7,0.0556188290090909,0.07660798897909091,0.039004571735454546,weekly,weighted,0.0,region_02
2022-11-19,2,BF.7,0.043541744349999995,0.075969915835,0.022193097510000002,weekly,weighted,0.0,region_02
2022-11-26,2,BF.7,0.03918793052333334,0.05929670855666667,0.02441150633,weekly,weighted,0.0,region_02
2022-12-03,2,BF.7,0.033515216784999996,0.05582677387,0.018343522215,weekly,weighted,0.0,region_02
2022-12-10,2,BF.7,0.017355641536999998,0.030408330448999998,0.008876929526000001,weekly,weighted,0.0,region_02
2022-11-05,2,BN.1,0.013591623708333334,0.021438397158333334,0.008053992798333335,weekly,weighted,0.0,region_02
2022-11-12,2,BN.1,0.018632444718452382,0.028835255320595235,0.011333095936071428,weekly,weighted,,region_02
2022-11-19,2,BN.1,0.02367326572857143,0.03623211348285714,0.014612199073809522,weekly,weighted,0.0,region_02
2022-11-26,2,BN.1,0.019755066063333333,0.034147794046666666,0.010299680446666667,weekly,weighted,0.0,region_02
2022-12-03,2,BN.1,0.022907871236944446,0.037874877245,0.012736414301666669,weekly,weighted,,region_02
2022-12-10,2,BN.1,0.026060676410555556,0.041601960443333336,0.015173148156666668,weekly,weighted,0.0,region_02
2022-12-17,2,BN.1,0.022096707407916666,0.03578028564,0.012642886450000002,weekly,weighted,,region_02
2022-12-24,2,BN.1,0.01813273840527778,0.02995861083666667,0.010112624743333335,weekly,weighted,,region_02
2022-12-31,2,BN.1,0.01416876940263889,0.024136936033333334,0.007582363036666668,weekly,weighted,,region_02
2023-01-07,2,BN.1,0.0102048004,0.01831526123,0.00505210133,weekly,weighted,0.0,region_02
2022-09-17,2,BQ.1,0.011145865448275862,0.01754263448103448,0.006631538143448276,weekly,weighted,0.0,region_02
2022-09-24,2,BQ.1,0.025956863408965518,0.033724225157586205,0.019618386177586204,weekly,weighted,0.0,region_02
2022-10-01,2,BQ.1,0.04255735089178571,0.072077651375,0.022673079145357145,weekly,weighted,0.0,region_02
2022-10-08,2,BQ.1,0.0788947415352,0.12205826699719999,0.04730274438880001,weekly,weighted,0.0,region_02
2022-10-15,2,BQ.1,0.09479790725307692,0.1313385396046154,0.06593513273846154,weekly,weighted,0.0,region_02
2022-10-22,2,BQ.1,0.129018407314375,0.212104847654375,0.069709133356875,weekly,weighted,0.0,region_02
2022-10-29,2,BQ.1,0.21342589085291666,0.29295327949,0.14781659903583333,weekly,weighted,0.0,region_02
2022-11-05,2,BQ.1,0.22674769163217393,0.27371995345347827,0.18446445141086956,weekly,weighted,0.0,region_02
2022-11-12,2,BQ.1,0.2795009315018182,0.3842464170663636,0.19096013632590908,weekly,weighted,0.0,region_02
2022-11-19,2,BQ.1,0.32823512809666666,0.36355949441619045,0.2943094472090476,weekly,weighted,0.0,region_02
2022-11-26,2,BQ.1,0.28366478234549997,0.3697408705955,0.20803763941,weekly,weighted,0.0,region_02
2022-12-03,2,BQ.1,0.2608765810726316,0.3009077357615789,0.22371636644789472,weekly,weighted,0.0,region_02
2022-12-10,2,BQ.1,0.25830482939777777,0.3231280777188889,0.20048305309666667,weekly,weighted,0.0,region_02
2022-12-17,2,BQ.1,0.181399042719375,0.27988587692375,0.106575273908125,weekly,weighted,0.0,region_02
2022-12-24,2,BQ.1,0.141831549815625,0.22530606668375,0.08049686416,weekly,weighted,0.0,region_02
2022-12-31,2,BQ.1,0.1306303569242857,0.20604386606285716,0.07520282854,weekly,weighted,0.0,region_02
2023-01-07,2,BQ.1,0.08630049801615385,0.1194924460023077,0.05990048211461539,weekly,weighted,0.0,region_02
2023-01-14,2,BQ.1,0.07529179465307692,0.09019571370692307,0.06216474278692308,weekly,weighted,0.0,region_02
2023-01-21,2,BQ.1,0.04799231683636363,0.07185367901272727,0.030303211713636365,weekly,weighted,0.0,region_02
2023-01-28,2,BQ.1,0.03311013024,0.047274923121818184,0.022276943212727274,weekly,weighted,0.0,region_02
2023-02-04,2,BQ.1,0.032248850167,0.042920266091,0.023615921476,weekly,weighted,0.0,region_02
2023-02-11,2,BQ.1,0.0237898533225,0.0370883313,0.014313832625,weekly,weighted,0.0,region_02
2022-09-24,2,BQ.1.1,0.009944333096071428,0.017296737758571427,0.005154243388571429,weekly,weighted,0.0,region_02
2022-10-01,2,BQ.1.1,0.02466108566544312,0.035624899836878304,0.016498793344656086,weekly,weighted,,region_02
2022-10-08,2,BQ.1.1,0.03937783823481481,0.05395306191518518,0.02784334330074074,weekly,weighted,0.0,region_02
2022-10-15,2,BQ.1.1,0.058008811772,0.08213606149000001,0.039294417202,weekly,weighted,0.0,region_02
2022-10-22,2,BQ.1.1,0.099944624130375,0.15333543491833335,0.06055562921516667,weekly,weighted,,region_02
2022-10-29,2,BQ.1.1,0.14188043648875,0.22453480834666664,0.08181684122833334,weekly,weighted,0.0,region_02
2022-11-05,2,BQ.1.1,0.2006783938921739,0.2417449892869565,0.16381923336,weekly,weighted,0.0,region_02
2022-11-12,2,BQ.1.1,0.23205446587363635,0.2985320050604546,0.17411888323,weekly,weighted,0.0,region_02
2022-11-19,2,BQ.1.1,0.23691501858761904,0.2861374063166667,0.19248158591095238,weekly,weighted,0.0,region_02
2022-11-26,2,BQ.1.1,0.2585994914175,0.323011609913,0.2011432282605,weekly,weighted,0.0,region_02
2022-12-03,2,BQ.1.1,0.2929755919852632,0.3751575774268421,0.21970536442210525,weekly,weighted,0.0,region_02
2022-12-10,2,BQ.1.1,0.30739832421111113,0.37342496878666664,0.2467862773277778,weekly,weighted,0.0,region_02
2022-12-17,2,BQ.1.1,0.3000093119994118,0.37872510096647055,0.22911486730823527,weekly,weighted,0.0,region_02
2022-12-24,2,BQ.1.1,0.267305823043125,0.357539502903125,0.18956252001125,weekly,weighted,0.0,region_02
2022-12-31,2,BQ.1.1,0.20491908987333335,0.26727662583266665,0.151541980108,weekly,weighted,0.0,region_02
2023-01-07,2,BQ.1.1,0.16685040188785716,0.21685948542214287,0.12482299549357144,weekly,weighted,0.0,region_02
2023-01-14,2,BQ.1.1,0.15541118842,0.2055885104046154,0.11345767000538462,weekly,weighted,0.0,region_02
2023-01-21,2,BQ.1.1,0.10696462728083334,0.13143710047083332,0.08567767528249999,weekly,weighted,0.0,region_02
2023-01-28,2,BQ.1.1,0.07688502425363636,0.11441456932909091,0.048917911946363635,weekly,weighted,0.0,region_02
2023-02-04,2,BQ.1.1,0.06847326755399999,0.086345347017,0.053519383444,weekly,weighted,0.0,region_02
2023-02-11,2,BQ.1.1,0.06622425880666666,0.09376606345222221,0.04485918333,weekly,weighted,0.0,region_02
2023-02-18,2,BQ.1.1,0.05540799768875,0.07330963481375,0.0408639130175,weekly,weighted,0.0,region_02
2023-02-25,2,BQ.1.1,0.028417862206,0.047603692858,0.015444698928,weekly,weighted,0.0,region_02
2023-03-04,2,BQ.1.1,0.03505670917857143,0.054656254925714284,0.021086806167142858,weekly,weighted,0.0,region_02
2023-03-04,2,CH.1.1,0.01322740223,0.02297263034,0.0068610545700000004,weekly,weighted,0.0,region_02
2023-06-10,2,EG.5,0.042904287576862744,0.061328230462549024,0.028753110481176472,biweekly,weighted,0.0,region_02
2023-06-17,2,EG.5,0.04637506866526811,0.06859590706107044,0.029755558109159662,biweekly,weighted,,region_02
2023-06-24,2,EG.5,0.04984584975367347,0.07586358365959184,0.030758005737142855,biweekly,weighted,0.0,region_02
2023-07-01,2,EG.5,0.0630726667162245,0.09833600790204082,0.03756862500540816,biweekly,weighted,,region_02
2023-07-08,2,EG.5,0.07629948367877551,0.1208084321444898,0.044379244273673464,biweekly,weighted,0.0,region_02
2023-07-15,2,EG.5,0.08877233436417942,0.1248374082856824,0.06109718327767007,biweekly,weighted,,region_02
2023-07-22,2,EG.5,0.10124518504958334,0.128866384426875,0.07781512228166666,biweekly,weighted,0.0,region_02
2023-07-29,2,EG.5,0.121154874982664,0.15162407913354387,0.09490595124562057,biweekly,weighted,,region_02
2023-08-05,2,EG.5,0.14106456491574468,0.17438177384021275,0.11199678020957446,biweekly,weighted,0.0,region_02
2023-08-12,2,EG.5,0.15915854442037233,0.18825769444782375,0.13312965029109158,biweekly,weighted,,region_02
2023-08-19,2,EG.5,0.177252523925,0.20213361505543476,0.1542625203726087,biweekly,weighted,0.0,region_02
2023-08-26,2,EG.5,0.2056362229055,0.22845425865971739,0.18422015748041545,biweekly,weighted,,region_02
2023-09-02,2,EG.5,0.23401992188600002,0.254774902264,0.2141777945882222,biweekly,weighted,0.0,region_02
2023-09-09,2,EG.5,0.22663093474959092,0.24624327227018183,0.207876068710702,biweekly,weighted,,region_02
2023-09-16,2,EG.5,0.21924194761318183,0.23771164227636365,0.2015743428331818,biweekly,weighted,0.0,region_02
2023-09-23,2,EG.5,0.2161116078417072,0.2342863680193446,0.19872908291438157,biweekly,weighted,,region_02
2023-09-30,2,EG.5,0.21298126807023257,0.23086109376232558,0.19588382299558138,biweekly,weighted,0.0,region_02
2023-10-07,2,EG.5,0.21796641552809248,0.2380665590815199,0.19882178398160022,biweekly,weighted,,region_02
2023-10-14,2,EG.5,0.22295156298595237,0.24527202440071427,0.20175974496761903,biweekly,weighted,0.0,region_02
2023-10-21,2,EG.5,0.2056232887804762,0.23235237228510713,0.18081065927205953,biweekly,weighted,,region_02
2023-10-28,2,EG.5,0.188295014575,0.21943272016950002,0.1598615735765,biweekly,weighted,0.0,region_02
2023-11-04,2,EG.5,0.16760583593929487,0.1951152637266731,0.14253905365889102,biweekly,weighted,,region_02
2023-11-11,2,EG.5,0.14691665730358974,0.17079780728384614,0.12521653374128205,biweekly,weighted,0.0,region_02
2023-11-18,2,EG.5,0.13494456641017324,0.16076575649719332,0.11197048885510048,biweekly,weighted,,region_02
2023-11-25,2,EG.5,0.12297247551675676,0.15073370571054054,0.09872444396891891,biweekly,weighted,0.0,region_02
2023-12-02,2,EG.5,0.10490059259976728,0.1318525446873536,0.0819037624876539,biweekly,weighted,,region_02
2023-12-09,2,EG.5,0.08682870968277778,0.11297138366416666,0.06508308100638888,biweekly,weighted,0.0,region_02
2023-12-16,2,EG.5,0.05994602006538889,0.07969566094608332,0.04390929419676587,biweekly,weighted,,region_02
2023-12-23,2,EG.5,0.033063330448,0.046419938227999995,0.022735507387142858,biweekly,weighted,0.0,region_02
2023-12-30,2,EG.5,0.024445758834588237,0.033886934067529406,0.017078885573424372,biweekly,weighted,,region_02
2024-01-06,2,EG.5,0.01582818722117647,0.021353929907058825,0.011422263759705883,biweekly,weighted,0.0,region_02
2024-01-13,2,EG.5,0.010716596905588235,0.015417492266862745,0.007223845546519609,biweekly,weighted,,region_02
2024-01-20,2,EG.5,0.005605006589999999,0.009481054626666667,0.0030254273333333334,biweekly,weighted,0.0,region_02
2023-12-09,2,EG.5.1.8,0.015045605651111111,0.023168274666944447,0.009201014129444443,biweekly,weighted,0.0,region_02
2023-09-02,2,EG.6.1,0.009897343648444443,0.01571982258711111,0.005815038023333333,biweekly,weighted,0.0,region_02
2023-09-09,2,EG.6.1,0.009432998892031006,0.014976752326903101,0.005545447845,biweekly,weighted,,region_02
2023-09-16,2,EG.6.1,0.00896865413561757,0.014233682066695091,0.005275857666666666,biweekly,weighted,,region_02
2023-09-23,2,EG.6.1,0.008504309379204135,0.01349061180648708,0.005006267488333333,biweekly,weighted,,region_02
2023-09-30,2,EG.6.1,0.008039964622790698,0.01274754154627907,0.0047366773099999995,biweekly,weighted,0.0,region_02
2023-06-24,2,FD.1.1,0.03071677871,0.05504736304,0.01511783339,biweekly,weighted,0.0,region_02
2023-07-01,2,FD.1.1,0.027273981521666667,0.04880311386458333,0.013465464580416666,biweekly,weighted,,region_02
2023-07-08,2,FD.1.1,0.02383118433333333,0.04255886468916667,0.011813095770833334,biweekly,weighted,,region_02
2023-07-15,2,FD.1.1,0.020388387145,0.03631461551375,0.01016072696125,biweekly,weighted,,region_02
2023-07-22,2,FD.1.1,0.016945589956666667,0.030070366338333335,0.008508358151666666,biweekly,weighted,0.0,region_02
2023-07-22,2,FL.1.5.1,0.09932440193333332,0.12913275510041666,0.07442907538833334,biweekly,weighted,0.0,region_02
2023-07-29,2,FL.1.5.1,0.11227892994221014,0.14256033317509964,0.08653794562699275,biweekly,weighted,,region_02
2023-08-05,2,FL.1.5.1,0.12523345795108695,0.15598791124978262,0.09864681586565217,biweekly,weighted,0.0,region_02
2023-08-12,2,FL.1.5.1,0.15355487678086954,0.2018945196075,0.11295769485086957,biweekly,weighted,,region_02
2023-08-19,2,FL.1.5.1,0.18187629561065216,0.2478011279652174,0.12726857383608695,biweekly,weighted,0.0,region_02
2023-08-26,2,FL.1.5.1,0.18261383447599272,0.23062528815616423,0.14156394130471014,biweekly,weighted,,region_02
2023-09-02,2,FL.1.5.1,0.1833513733413333,0.2134494483471111,0.15585930877333334,biweekly,weighted,0.0,region_02
2023-09-09,2,FL.1.5.1,0.21248199090055303,0.23667303777548737,0.18993324800746214,biweekly,weighted,,region_02
2023-09-16,2,FL.1.5.1,0.24161260845977273,0.25989662720386364,0.22400718724159094,biweekly,weighted,0.0,region_02
2023-09-23,2,FL.1.5.1,0.21914119833418869,0.23895987254728066,0.2002804641690513,biweekly,weighted,,region_02
2023-09-30,2,FL.1.5.1,0.19666978820860465,0.21802311789069767,0.17655374109651165,biweekly,weighted,0.0,region_02
2023-10-07,2,FL.1.5.1,0.18374418856323088,0.20809128973284885,0.16119589142099391,biweekly,weighted,,region_02
2023-10-14,2,FL.1.5.1,0.17081858891785714,0.19815946157500003,0.14583804174547618,biweekly,weighted,0.0,region_02
2023-10-21,2,FL.1.5.1,0.15328484980280357,0.1897876179375,0.1219068779388631,biweekly,weighted,,region_02
2023-10-28,2,FL.1.5.1,0.13575111068775,0.1814157743,0.09797571413225001,biweekly,weighted,0.0,region_02
2023-11-04,2,FL.1.5.1,0.11059542500361859,0.14284858183448718,0.08350304268227884,biweekly,weighted,,region_02
2023-11-11,2,FL.1.5.1,0.08543973931948717,0.10428138936897437,0.0690303712323077,biweekly,weighted,0.0,region_02
2023-11-18,2,FL.1.5.1,0.06780623399123008,0.08567374287097368,0.052766893947505195,biweekly,weighted,,region_02
2023-11-25,2,FL.1.5.1,0.050172728662972975,0.06706609637297298,0.0365034166627027,biweekly,weighted,0.0,region_02
2023-12-02,2,FL.1.5.1,0.040926559166069826,0.055922705774542045,0.029051989094684684,biweekly,weighted,,region_02
2023-12-09,2,FL.1.5.1,0.03168038966916667,0.04477931517611111,0.021600561526666666,biweekly,weighted,0.0,region_02
2023-12-16,2,FL.1.5.1,0.020240171062011907,0.0293999515529127,0.013375297323761904,biweekly,weighted,,region_02
2023-12-23,2,FL.1.5.1,0.008799952454857143,0.014020587929714286,0.005150033120857143,biweekly,weighted,0.0,region_02
2023-12-30,2,FL.1.5.1,0.007161217447281513,0.011698127646768908,0.004058167434546218,biweekly,weighted,,region_02
2024-01-06,2,FL.1.5.1,0.005522482439705882,0.00937566736382353,0.002966301748235294,biweekly,weighted,0.0,region_02
2023-08-19,2,GE.1,0.018913536578421052,0.033600954633157896,0.009473812128947368,biweekly,weighted,0.0,region_02
2023-08-26,2,GE.1,0.01945956484754386,0.030656726143023394,0.011724138468918129,biweekly,weighted,,region_02
2023-09-02,2,GE.1,0.020005593116666665,0.027712497652888888,0.013974464808888889,biweekly,weighted,0.0,region_02
2023-09-09,2,GE.1,0.016873138130492425,0.023592277898035353,0.011657437940921717,biweekly,weighted,,region_02
2023-09-16,2,GE.1,0.013740683144318182,0.019472058143181818,0.009340411072954545,biweekly,weighted,0.0,region_02
2023-09-23,2,GE.1,0.012027792024600952,0.017486693043102536,0.007927760334733087,biweekly,weighted,,region_02
2023-09-30,2,GE.1,0.010314900904883722,0.015501327943023257,0.006515109596511628,biweekly,weighted,0.0,region_02
2023-10-07,2,GE.1,0.009480672582076008,0.015222156508340896,0.00551929970691435,biweekly,weighted,,region_02
2023-10-14,2,GE.1,0.008646444259268292,0.014942985073658535,0.004523489817317073,biweekly,weighted,0.0,region_02
2023-09-02,2,GK.1.1,0.012671602045348836,0.021668987045581397,0.0067212693600000005,biweekly,weighted,0.0,region_02
2023-09-09,2,GK.1.1,0.0126226984019926,0.020465822569495244,0.007232884346818182,biweekly,weighted,,region_02
2023-09-16,2,GK.1.1,0.012573794758636363,0.01926265809340909,0.007744499333636364,biweekly,weighted,0.0,region_02
2023-09-23,2,GK.1.1,0.012939853016643764,0.019154832139378963,0.00833868300460888,biweekly,weighted,,region_02
2023-09-30,2,GK.1.1,0.013305911274651163,0.01904700618534884,0.008932866675581396,biweekly,weighted,0.0,region_02
2023-10-07,2,GK.1.1,0.013424389576738372,0.02009934301938663,0.008560511798123546,biweekly,weighted,,region_02
2023-10-14,2,GK.1.1,0.013542867878825582,0.02115167985342442,0.008188156920665698,biweekly,weighted,,region_02
2023-10-21,2,GK.1.1,0.013661346180912791,0.02220401668746221,0.007815802043207849,biweekly,weighted,,region_02
2023-10-28,2,GK.1.1,0.013779824483,0.0232563535215,0.00744344716575,biweekly,weighted,0.0,region_02
2023-11-04,2,GK.1.1,0.0128038214315,0.021695909526262817,0.006879196889669872,biweekly,weighted,,region_02
2023-11-11,2,GK.1.1,0.01182781838,0.02013546553102564,0.006314946613589744,biweekly,weighted,0.0,region_02
2023-11-18,2,GK.1.1,0.013183481782162162,0.021747038560918225,0.007359908993281358,biweekly,weighted,,region_02
2023-11-25,2,GK.1.1,0.014539145184324325,0.02335861159081081,0.008404871372972971,biweekly,weighted,0.0,region_02
2023-12-02,2,GK.1.1,0.011320022784662162,0.018377997353183184,0.00645694970343093,biweekly,weighted,,region_02
2023-12-09,2,GK.1.1,0.008100900385,0.013397383115555557,0.004509028033888889,biweekly,weighted,0.0,region_02
2023-08-19,2,GK.2,0.0106995055675,0.01887993211875,0.0054289688125,biweekly,weighted,0.0,region_02
2023-08-26,2,GK.2,0.013166237044083333,0.022233651969041666,0.007118008900027778,biweekly,weighted,,region_02
2023-09-02,2,GK.2,0.015632968520666667,0.025587371819333335,0.008807048987555556,biweekly,weighted,0.0,region_02
2023-09-09,2,GK.2,0.013569884371356061,0.021215330308530303,0.008160576300027778,biweekly,weighted,,region_02
2023-09-16,2,GK.2,0.011506800222045454,0.01684328879772727,0.0075141036125,biweekly,weighted,0.0,region_02
2023-09-23,2,GK.2,0.012264882011141776,0.01927520251267316,0.0073379455343452376,biweekly,weighted,,region_02
2023-09-30,2,GK.2,0.013022963800238097,0.021707116227619047,0.007161787456190475,biweekly,weighted,0.0,region_02
2023-10-07,2,GK.2,0.014816715805119049,0.025537375628809523,0.007773932408095238,biweekly,weighted,,region_02
2023-10-14,2,GK.2,0.01661046781,0.02936763503,0.00838607736,biweekly,weighted,0.0,region_02
2023-10-21,2,GK.2,0.013905278715,0.024674633519473684,0.006988835331578948,biweekly,weighted,,region_02
2023-10-28,2,GK.2,0.01120008962,0.01998163200894737,0.005591593303157895,biweekly,weighted,0.0,region_02
2023-09-16,2,HF.1,0.006707035385116279,0.01182890988744186,0.003410617209302326,biweekly,weighted,0.0,region_02
2023-09-23,2,HF.1,0.009731674517942756,0.01715184277602862,0.004947252725420394,biweekly,weighted,,region_02
2023-09-30,2,HF.1,0.012756313650769232,0.022474775664615382,0.006483888241538462,biweekly,weighted,0.0,region_02
2023-09-02,2,HK.3,0.007277131686000001,0.012435262278,0.003872375377,biweekly,weighted,0.0,region_02
2023-09-09,2,HK.3,0.012550062803,0.0207396215765,0.0069854848085,biweekly,weighted,,region_02
2023-09-16,2,HK.3,0.017822993920000002,0.029043980875,0.01009859424,biweekly,weighted,0.0,region_02
2023-09-23,2,HK.3,0.018083949444302326,0.02697796774238372,0.011614412892325583,biweekly,weighted,,region_02
2023-09-30,2,HK.3,0.01834490496860465,0.024911954609767438,0.013130231544651164,biweekly,weighted,0.0,region_02
2023-10-07,2,HK.3,0.028181490713468992,0.038050682799050384,0.02029269490494463,biweekly,weighted,,region_02
2023-10-14,2,HK.3,0.038018076458333334,0.051189410988333336,0.027455158265238096,biweekly,weighted,0.0,region_02
2023-10-21,2,HK.3,0.03957401456316667,0.062287083419166674,0.02387313009961905,biweekly,weighted,,region_02
2023-10-28,2,HK.3,0.041129952668,0.07338475585000001,0.020291101934,biweekly,weighted,0.0,region_02
2023-11-04,2,HK.3,0.057469764217589744,0.08213011698897436,0.03967994660802564,biweekly,weighted,,region_02
2023-11-11,2,HK.3,0.07380957576717949,0.09087547812794872,0.05906879128205128,biweekly,weighted,0.0,region_02
2023-11-18,2,HK.3,0.06719318297791407,0.0836698239318122,0.05310320653602564,biweekly,weighted,,region_02
2023-11-25,2,HK.3,0.060576790188648644,0.07646416973567569,0.04713762179,biweekly,weighted,0.0,region_02
2023-12-02,2,HK.3,0.05243129255793543,0.06563273469325451,0.04120956506152778,biweekly,weighted,,region_02
2023-12-09,2,HK.3,0.04428579492722222,0.05480129965083333,0.03528150833305556,biweekly,weighted,0.0,region_02
2023-12-16,2,HK.3,0.03599366343161111,0.04548792382155952,0.028020084688099207,biweekly,weighted,,region_02
2023-12-23,2,HK.3,0.027701531936,0.03617454799228571,0.020758661043142855,biweekly,weighted,0.0,region_02
2023-12-30,2,HK.3,0.019603035790058822,0.026811073847319327,0.013970326446865544,biweekly,weighted,,region_02
2024-01-06,2,HK.3,0.011504539644117646,0.01744759970235294,0.007181991850588235,biweekly,weighted,0.0,region_02
2023-08-19,2,HV.1,0.029979732467333334,0.05106203382177777,0.015905555027555557,biweekly,weighted,0.0,region_02
2023-08-26,2,HV.1,0.04489672059833333,0.06150301574799999,0.032543638483555556,biweekly,weighted,,region_02
2023-09-02,2,HV.1,0.05981370872933333,0.07194399767422222,0.04918172193955555,biweekly,weighted,0.0,region_02
2023-09-09,2,HV.1,0.08188424698989394,0.09941274588847475,0.06655222033807323,biweekly,weighted,,region_02
2023-09-16,2,HV.1,0.10395478525045454,0.12688149410272728,0.0839227187365909,biweekly,weighted,0.0,region_02
2023-09-23,2,HV.1,0.12789635836011098,0.15202149230182876,0.10639041951283035,biweekly,weighted,,region_02
2023-09-30,2,HV.1,0.15183793146976743,0.17716149050093025,0.1288581202890698,biweekly,weighted,0.0,region_02
2023-10-07,2,HV.1,0.17737221840405037,0.200854059597608,0.1556678268757254,biweekly,weighted,,region_02
2023-10-14,2,HV.1,0.20290650533833335,0.2245466286942857,0.18247753346238096,biweekly,weighted,0.0,region_02
2023-10-21,2,HV.1,0.22899036372839743,0.25594486554111723,0.20358317633311357,biweekly,weighted,,region_02
2023-10-28,2,HV.1,0.25507422211846154,0.28734310238794875,0.22468881920384617,biweekly,weighted,0.0,region_02
2023-11-04,2,HV.1,0.2866865667780769,0.3170382185625641,0.25776435224666666,biweekly,weighted,,region_02
2023-11-11,2,HV.1,0.31829891143769234,0.3467333347371795,0.2908398852894872,biweekly,weighted,0.0,region_02
2023-11-18,2,HV.1,0.3285652695642516,0.3624031736221033,0.29600904305663545,biweekly,weighted,,region_02
2023-11-25,2,HV.1,0.3388316276908108,0.378073012507027,0.30117820082378377,biweekly,weighted,0.0,region_02
2023-12-02,2,HV.1,0.30311463987998877,0.34976844605976354,0.25960227269244746,biweekly,weighted,,region_02
2023-12-09,2,HV.1,0.26739765206916666,0.3214638796125,0.2180263445611111,biweekly,weighted,0.0,region_02
2023-12-16,2,HV.1,0.2181199581140119,0.2627476200938214,0.17777762278784126,biweekly,weighted,,region_02
2023-12-23,2,HV.1,0.16884226415885714,0.20403136057514284,0.13752890101457144,biweekly,weighted,0.0,region_02
2023-12-30,2,HV.1,0.12332091457648739,0.15803462873315965,0.09445624539610925,biweekly,weighted,,region_02
2024-01-06,2,HV.1,0.07779956499411765,0.11203789689117648,0.051383589777647065,biweekly,weighted,0.0,region_02
2024-01-13,2,HV.1,0.0570461846147861,0.0821421328742246,0.037756499193368986,biweekly,weighted,,region_02
2024-01-20,2,HV.1,0.03629280423545455,0.052246368857272726,0.024129408609090908,biweekly,weighted,0.0,region_02
2024-01-27,2,HV.1,0.022367099702571024,0.03299443303848011,0.014465394659545454,biweekly,weighted,,region_02
2024-02-03,2,HV.1,0.0084413951696875,0.0137424972196875,0.00480138071,biweekly,weighted,0.0,region_02
2023-09-30,2,JD.1.1,0.014147417021428571,0.02002997709666667,0.009627184408809523,biweekly,weighted,0.0,region_02
2023-10-07,2,JD.1.1,0.02028705716882143,0.0282246306835,0.014093378708294642,biweekly,weighted,,region_02
2023-10-14,2,JD.1.1,0.02642669731621429,0.036419284270333335,0.01855957300777976,biweekly,weighted,,region_02
2023-10-21,2,JD.1.1,0.032566337463607146,0.04461393785716666,0.02302576730726488,biweekly,weighted,,region_02
2023-10-28,2,JD.1.1,0.038705977611,0.052808591444,0.02749196160675,biweekly,weighted,0.0,region_02
2023-11-04,2,JD.1.1,0.04297727027588462,0.05715574814507692,0.031488425588375,biweekly,weighted,,region_02
2023-11-11,2,JD.1.1,0.047248562940769234,0.061502904846153846,0.035484889570000004,biweekly,weighted,0.0,region_02
2023-11-18,2,JD.1.1,0.053980543349303536,0.06924756754213097,0.04123489125648649,biweekly,weighted,,region_02
2023-11-25,2,JD.1.1,0.06071252375783784,0.07699223023810811,0.04698489294297297,biweekly,weighted,0.0,region_02
2023-12-02,2,JD.1.1,0.06367918197086336,0.08106766949335961,0.04904986575662537,biweekly,weighted,,region_02
2023-12-09,2,JD.1.1,0.06664584018388889,0.08514310874861111,0.05111483857027778,biweekly,weighted,0.0,region_02
2023-12-16,2,JD.1.1,0.05665219343694444,0.07813281107059127,0.03993300226128175,biweekly,weighted,,region_02
2023-12-23,2,JD.1.1,0.04665854669,0.07112251339257142,0.028751165952285714,biweekly,weighted,0.0,region_02
2023-12-30,2,JD.1.1,0.03282830545181818,0.04943018662749783,0.020607099547506495,biweekly,weighted,,region_02
2024-01-06,2,JD.1.1,0.018998064213636364,0.02773785986242424,0.012463033142727273,biweekly,weighted,0.0,region_02
2023-09-02,2,JF.1,0.009261491354285714,0.014926582375714285,0.0053366476976190475,biweekly,weighted,0.0,region_02
2023-09-09,2,JF.1,0.008868454090833332,0.014064400955833334,0.005223909082142857,biweekly,weighted,,region_02
2023-09-16,2,JF.1,0.008475416827380951,0.013202219535952383,0.005111170466666666,biweekly,weighted,0.0,region_02
2023-09-23,2,JF.1,0.015140929614047617,0.021073697999761908,0.010572011771071428,biweekly,weighted,,region_02
2023-09-30,2,JF.1,0.021806442400714283,0.02894517646357143,0.016032853075476187,biweekly,weighted,0.0,region_02
2023-10-07,2,JF.1,0.023052189277142855,0.03127141044107143,0.01651765505940476,biweekly,weighted,,region_02
2023-10-14,2,JF.1,0.024297936153571426,0.03359764441857143,0.017002457043333336,biweekly,weighted,0.0,region_02
2023-10-21,2,JF.1,0.027413111149535714,0.042064774036660715,0.016936538665791666,biweekly,weighted,,region_02
2023-10-28,2,JF.1,0.0305282861455,0.05053190365475,0.01687062028825,biweekly,weighted,0.0,region_02
2023-11-04,2,JF.1,0.028187194015341217,0.04598247971221115,0.01592204627679561,biweekly,weighted,,region_02
2023-11-11,2,JF.1,0.02584610188518243,0.041433055769672295,0.014973472265341216,biweekly,weighted,,region_02
2023-11-18,2,JF.1,0.023505009755023648,0.036883631827133445,0.014024898253886824,biweekly,weighted,,region_02
2023-11-25,2,JF.1,0.021163917624864866,0.032334207884594596,0.013076324242432432,biweekly,weighted,0.0,region_02
2023-12-02,2,JF.1,0.019284959526737987,0.028440565913686187,0.012487091185938439,biweekly,weighted,,region_02
2023-12-09,2,JF.1,0.01740600142861111,0.024546923942777778,0.011897858129444445,biweekly,weighted,0.0,region_02
2023-12-16,2,JF.1,0.01201000313101984,0.017926056032103174,0.00770737943086508,biweekly,weighted,,region_02
2023-12-23,2,JF.1,0.0066140048334285715,0.011305188121428571,0.0035169007322857146,biweekly,weighted,0.0,region_02
2023-10-28,2,JG.3,0.01908888251025,0.0297855879645,0.01146289911125,biweekly,weighted,0.0,region_02
2023-11-04,2,JG.3,0.025198708926919874,0.03658253969917308,0.016651914631778845,biweekly,weighted,,region_02
2023-11-11,2,JG.3,0.031308535343589745,0.04337949143384615,0.021840930152307692,biweekly,weighted,0.0,region_02
2023-11-18,2,JG.3,0.04204864606530839,0.06573726357003118,0.025244923039667362,biweekly,weighted,,region_02
2023-11-25,2,JG.3,0.05278875678702703,0.08809503570621621,0.02864891592702703,biweekly,weighted,0.0,region_02
2023-12-02,2,JG.3,0.044200461202124626,0.07364843330046922,0.024086643692541293,biweekly,weighted,,region_02
2023-12-09,2,JG.3,0.03561216561722222,0.059201830894722224,0.019524371458055557,biweekly,weighted,0.0,region_02
2023-12-16,2,JG.3,0.038109212479325395,0.05899305601878968,0.023159869490599207,biweekly,weighted,,region_02
2023-12-23,2,JG.3,0.04060625934142857,0.05878428114285714,0.026795367523142856,biweekly,weighted,0.0,region_02
2023-12-30,2,JG.3,0.03015569105806723,0.04344637934039916,0.02003947330642437,biweekly,weighted,,region_02
2024-01-06,2,JG.3,0.019705122774705885,0.028108477537941177,0.013283579089705884,biweekly,weighted,0.0,region_02
2024-01-13,2,JG.3,0.014645928608868094,0.02123873307018271,0.009680054948792335,biweekly,weighted,,region_02
2024-01-20,2,JG.3,0.009586734443030303,0.014368988602424242,0.006076530807878787,biweekly,weighted,0.0,region_02
2023-10-28,2,JN.1,0.019450569572820514,0.030215512196666666,0.011746676041538463,biweekly,weighted,0.0,region_02
2023-11-04,2,JN.1,0.03612272503474359,0.055940690092435894,0.021809537739615387,biweekly,weighted,,region_02
2023-11-11,2,JN.1,0.05279488049666666,0.08166586798820512,0.03187239943769231,biweekly,weighted,0.0,region_02
2023-11-18,2,JN.1,0.08955812561738738,0.1281396386684269,0.0596378681647921,biweekly,weighted,,region_02
2023-11-25,2,JN.1,0.12632137073810812,0.17461340934864866,0.08740333689189189,biweekly,weighted,0.0,region_02
2023-12-02,2,JN.1,0.21270410567697073,0.2657552799123799,0.16656559671580706,biweekly,weighted,,region_02
2023-12-09,2,JN.1,0.29908684061583335,0.3568971504761111,0.24572785653972223,biweekly,weighted,0.0,region_02
2023-12-16,2,JN.1,0.43669356999377384,0.5061146620483412,0.3679823602298611,biweekly,weighted,,region_02
2023-12-23,2,JN.1,0.5743002993717143,0.6553321736205714,0.49023686392,biweekly,weighted,0.0,region_02
2023-12-30,2,JN.1,0.6684585273781298,0.743663442083316,0.5857368066327273,biweekly,weighted,,region_02
2024-01-06,2,JN.1,0.7626167553845454,0.8319947105460607,0.6812367493454545,biweekly,weighted,0.0,region_02
2024-01-13,2,JN.1,0.7914809936831818,0.8472941797792424,0.7263675901019697,biweekly,weighted,,region_02
2024-01-20,2,JN.1,0.8203452319818182,0.8625936490124242,0.7714984308584848,biweekly,weighted,0.0,region_02
2024-01-27,2,JN.1,0.829752886837761,0.8732334863062121,0.7784699324003534,biweekly,weighted,,region_02
2024-02-03,2,JN.1,0.8391605416937038,0.8838733236,0.7854414339422222,biweekly,weighted,0.0,region_02
2024-02-10,2,JN.1,0.8180636039345939,0.8562992202345161,0.7738388751503047,biweekly,weighted,,region_02
2024-02-17,2,JN.1,0.7969666661754838,0.8287251168690323,0.7622363163583871,biweekly,weighted,0.0,region_02
2024-02-24,2,JN.1,0.7406302125220752,0.7934101091925161,0.6826723443243602,biweekly,weighted,,region_02
2024-03-02,2,JN.1,0.6842937588686666,0.758095101516,0.6031083722903333,biweekly,weighted,0.0,region_02
2024-03-09,2,JN.1,0.6752397909243333,0.7426604810804138,0.6019092423817184,biweekly,weighted,,region_02
2024-03-16,2,JN.1,0.66618582298,0.7272258606448276,0.6007101124731035,biweekly,weighted,0.0,region_02
2024-03-23,2,JN.1,0.5555392107518518,0.6328640804361175,0.4773829158582184,biweekly,weighted,,region_02
2024-03-30,2,JN.1,0.44489259852370366,0.5385023002274074,0.35405571924333334,biweekly,weighted,0.0,region_02
2024-04-06,2,JN.1,0.3922246565937749,0.4699756011285114,0.31778652704916666,biweekly,weighted,,region_02
2024-04-13,2,JN.1,0.3395567146638462,0.40144890202961536,0.281517334855,biweekly,weighted,0.0,region_02
2024-04-20,2,JN.1,0.2892491312829757,0.36062822985638665,0.22577107510723685,biweekly,weighted,,region_02
2024-04-27,2,JN.1,0.23894154790210526,0.3198075576831579,0.17002481535947367,biweekly,weighted,0.0,region_02
2024-05-04,2,JN.1,0.20604491958387872,0.27814381717962244,0.14551528619147597,biweekly,weighted,,region_02
2024-05-11,2,JN.1,0.17314829126565218,0.23648007667608695,0.12100575702347827,biweekly,weighted,0.0,region_02
2024-05-18,2,JN.1,0.15634316116882607,0.23093180436129346,0.09910268423248914,biweekly,weighted,,region_02
2024-05-25,2,JN.1,0.139538031072,0.2253835320465,0.0771996114415,biweekly,weighted,0.0,region_02
2024-06-01,2,JN.1,0.10149984868822222,0.16621297697213888,0.05549247409741667,biweekly,weighted,,region_02
2024-06-08,2,JN.1,0.06346166630444444,0.10704242189777778,0.03378533675333333,biweekly,weighted,0.0,region_02
2024-06-15,2,JN.1,0.05578981308872222,0.08873479987213889,0.03253915389591666,biweekly,weighted,,region_02
2024-06-22,2,JN.1,0.048117959873,0.0704271778465,0.0312929710385,biweekly,weighted,0.0,region_02
2024-06-29,2,JN.1,0.04607187770325,0.06709236688875,0.0301653465725,biweekly,weighted,,region_02
2024-07-06,2,JN.1,0.0440257955335,0.06375755593099999,0.0290377221065,biweekly,weighted,0.0,region_02
2024-07-13,2,JN.1,0.037392928681177634,0.054773619358644735,0.024341597667375002,biweekly,weighted,,region_02
2024-07-20,2,JN.1,0.03076006182885526,0.04578968278628947,0.01964547322825,biweekly,weighted,,region_02
2024-07-27,2,JN.1,0.024127194976532894,0.036805746213934204,0.014949348789125,biweekly,weighted,,region_02
2024-08-03,2,JN.1,0.017494328124210524,0.027821809641578946,0.01025322435,biweekly,weighted,0.0,region_02
2024-08-10,2,JN.1,0.017682083629327484,0.02824394734356725,0.010301446947222223,biweekly,weighted,,region_02
2024-08-17,2,JN.1,0.017869839134444444,0.028666085045555553,0.010349669544444445,biweekly,weighted,0.0,region_02
2024-08-24,2,JN.1,0.016857471956339867,0.027861355900718955,0.00938885217751634,biweekly,weighted,,region_02
2024-08-31,2,JN.1,0.015845104778235294,0.027056626755882354,0.008428034810588235,biweekly,weighted,0.0,region_02
2024-09-07,2,JN.1,0.02045530457036765,0.033269962069191174,0.011650945948419117,biweekly,weighted,,region_02
2024-09-14,2,JN.1,0.0250655043625,0.0394832973825,0.01487385708625,biweekly,weighted,0.0,region_02
2024-09-21,2,JN.1,0.02479525686232143,0.03832474818160714,0.015083438488125,biweekly,weighted,,region_02
2024-09-28,2,JN.1,0.024525009362142858,0.037166198980714285,0.015293019889999999,biweekly,weighted,0.0,region_02
2024-04-13,2,JN.1.11.1,0.05324516445,0.08779872209,0.02937573753,biweekly,weighted,0.0,region_02
2024-04-20,2,JN.1.11.1,0.050102869510875,0.082839641954375,0.027553606880625,biweekly,weighted,,region_02
2024-04-27,2,JN.1.11.1,0.04696057457175,0.07788056181875,0.02573147623125,biweekly,weighted,,region_02
2024-05-04,2,JN.1.11.1,0.043818279632625,0.072921481683125,0.023909345581875,biweekly,weighted,,region_02
2024-05-11,2,JN.1.11.1,0.040675984693500006,0.0679624015475,0.0220872149325,biweekly,weighted,,region_02
2024-05-18,2,JN.1.11.1,0.037533689754375,0.06300332141187501,0.020265084283125002,biweekly,weighted,,region_02
2024-05-25,2,JN.1.11.1,0.034391394815250005,0.058044241276250005,0.018442953633750002,biweekly,weighted,,region_02
2024-06-01,2,JN.1.11.1,0.031249099876125005,0.053085161140625,0.016620822984375002,biweekly,weighted,,region_02
2024-06-08,2,JN.1.11.1,0.028106804937000004,0.048126081005,0.014798692335000002,biweekly,weighted,,region_02
2024-06-15,2,JN.1.11.1,0.024964509997875004,0.043167000869375,0.012976561685625002,biweekly,weighted,,region_02
2024-06-22,2,JN.1.11.1,0.02182221505875,0.03820792073375,0.01115443103625,biweekly,weighted,0.0,region_02
2024-06-29,2,JN.1.11.1,0.02091687463765625,0.03656898863828125,0.01071707006609375,biweekly,weighted,,region_02
2024-07-06,2,JN.1.11.1,0.0200115342165625,0.0349300565428125,0.0102797090959375,biweekly,weighted,,region_02
2024-07-13,2,JN.1.11.1,0.01910619379546875,0.03329112444734375,0.00984234812578125,biweekly,weighted,,region_02
2024-07-20,2,JN.1.11.1,0.018200853374375,0.031652192351875,0.009404987155625,biweekly,weighted,,region_02
2024-07-27,2,JN.1.11.1,0.01729551295328125,0.03001326025640625,0.00896762618546875,biweekly,weighted,,region_02
2024-08-03,2,JN.1.11.1,0.0163901725321875,0.0283743281609375,0.008530265215312501,biweekly,weighted,,region_02
2024-08-10,2,JN.1.11.1,0.015484832111093751,0.02673539606546875,0.008092904245156251,biweekly,weighted,,region_02
2024-08-17,2,JN.1.11.1,0.014579491690000002,0.02509646397,0.007655543275000001,biweekly,weighted,0.0,region_02
2024-01-06,2,JN.1.13,0.0070022442375,0.01153557026,0.0039183489275,biweekly,weighted,0.0,region_02
2024-01-13,2,JN.1.13,0.01334223872875,0.02238523087125,0.0072614632662500005,biweekly,weighted,,region_02
2024-01-20,2,JN.1.13,0.01968223322,0.0332348914825,0.010604577605,biweekly,weighted,0.0,region_02
2024-01-27,2,JN.1.13,0.025926833738333335,0.040650006151875,0.015574183819583334,biweekly,weighted,,region_02
2024-02-03,2,JN.1.13,0.032171434256666666,0.048065120821249994,0.02054379003416667,biweekly,weighted,,region_02
2024-02-10,2,JN.1.13,0.038416034775,0.05548023549062499,0.02551339624875,biweekly,weighted,,region_02
2024-02-17,2,JN.1.13,0.044660635293333334,0.06289535015999999,0.030483002463333336,biweekly,weighted,0.0,region_02
2024-02-24,2,JN.1.13,0.06883218139416666,0.09863322228249999,0.04574932375416667,biweekly,weighted,,region_02
2024-03-02,2,JN.1.13,0.093003727495,0.134371094405,0.061015645045,biweekly,weighted,0.0,region_02
2024-03-09,2,JN.1.13,0.0882639177125,0.1341417543575,0.0542857060225,biweekly,weighted,,region_02
2024-03-16,2,JN.1.13,0.08352410793,0.13391241431,0.047555767,biweekly,weighted,0.0,region_02
2024-01-06,2,JN.1.13.1,0.0057226800960714285,0.0090190816475,0.003400201609285714,biweekly,weighted,0.0,region_02
2024-01-13,2,JN.1.13.1,0.01169971449297619,0.017753879035654764,0.007288137910476191,biweekly,weighted,,region_02
2024-01-20,2,JN.1.13.1,0.01767674888988095,0.026488676423809525,0.011176074211666668,biweekly,weighted,,region_02
2024-01-27,2,JN.1.13.1,0.02365378328678571,0.035223473811964286,0.015064010512857143,biweekly,weighted,,region_02
2024-02-03,2,JN.1.13.1,0.029630817683690473,0.04395827120011905,0.01895194681404762,biweekly,weighted,,region_02
2024-02-10,2,JN.1.13.1,0.035607852080595234,0.052693068588273814,0.022839883115238095,biweekly,weighted,,region_02
2024-02-17,2,JN.1.13.1,0.04158488647749999,0.061427865976428575,0.026727819416428572,biweekly,weighted,0.0,region_02
2024-02-24,2,JN.1.13.1,0.062460768901607136,0.09149845609785714,0.04039731994303571,biweekly,weighted,,region_02
2024-03-02,2,JN.1.13.1,0.08333665132571429,0.12156904621928573,0.054066820469642854,biweekly,weighted,0.0,region_02
2024-03-09,2,JN.1.13.1,0.09595676884285714,0.15177676520714287,0.05572641474482143,biweekly,weighted,,region_02
2024-03-16,2,JN.1.13.1,0.10857688636,0.18198448419500002,0.05738600902,biweekly,weighted,0.0,region_02
2024-03-23,2,JN.1.13.1,0.11827713624,0.20238885656,0.060256361030000004,biweekly,weighted,,region_02
2024-03-30,2,JN.1.13.1,0.12797738611999998,0.222793228925,0.06312671304,biweekly,weighted,0.0,region_02
2024-04-06,2,JN.1.13.1,0.1393080732007692,0.22031862833173077,0.08046047690557692,biweekly,weighted,,region_02
2024-04-13,2,JN.1.13.1,0.15063876028153847,0.21784402773846154,0.09779424077115384,biweekly,weighted,0.0,region_02
2024-04-20,2,JN.1.13.1,0.13842663784983172,0.19673868906266828,0.09217498822245192,biweekly,weighted,,region_02
2024-04-27,2,JN.1.13.1,0.126214515418125,0.175633350386875,0.08655573567375,biweekly,weighted,0.0,region_02
2024-05-04,2,JN.1.13.1,0.0947008946290625,0.14178506336677082,0.05977890394743055,biweekly,weighted,,region_02
2024-05-11,2,JN.1.13.1,0.06318727384,0.10793677634666667,0.03300207222111111,biweekly,weighted,0.0,region_02
2024-03-30,2,JN.1.16,0.046362984925,0.077403016385,0.02518436033,biweekly,weighted,0.0,region_02
2024-04-06,2,JN.1.16,0.0599206183125,0.0947345308925,0.03508294979,biweekly,weighted,,region_02
2024-04-13,2,JN.1.16,0.0734782517,0.1120660454,0.04498153925,biweekly,weighted,0.0,region_02
2024-04-20,2,JN.1.16,0.06500480510750001,0.105489570645,0.0367651935675,biweekly,weighted,,region_02
2024-04-27,2,JN.1.16,0.056531358515000005,0.09891309589,0.028548847885,biweekly,weighted,0.0,region_02
2024-06-22,2,JN.1.16.1,0.034515851735000005,0.0511555602775,0.022118153796,biweekly,weighted,0.0,region_02
2024-06-29,2,JN.1.16.1,0.037742123845500006,0.05423337193225,0.02516831066475,biweekly,weighted,,region_02
2024-07-06,2,JN.1.16.1,0.040968395956,0.057311183587000006,0.0282184675335,biweekly,weighted,0.0,region_02
2024-07-13,2,JN.1.16.1,0.029788551943,0.045197937078500006,0.01876495489675,biweekly,weighted,,region_02
2024-07-20,2,JN.1.16.1,0.01860870793,0.03308469057,0.00931144226,biweekly,weighted,0.0,region_02
2024-07-27,2,JN.1.16.1,0.017991332825263155,0.030785010244999998,0.009536836613421053,biweekly,weighted,,region_02
2024-08-03,2,JN.1.16.1,0.017373957720526315,0.028485329919999997,0.009762230966842105,biweekly,weighted,0.0,region_02
2024-08-10,2,JN.1.16.1,0.01841295900998538,0.029661145007222223,0.010601411012865497,biweekly,weighted,,region_02
2024-08-17,2,JN.1.16.1,0.019451960299444446,0.030836960094444445,0.011440591058888889,biweekly,weighted,0.0,region_02
2024-08-24,2,JN.1.16.1,0.021246424797638892,0.03439628710576389,0.012154786937777778,biweekly,weighted,,region_02
2024-08-31,2,JN.1.16.1,0.023040889295833335,0.037955614117083335,0.012868982816666666,biweekly,weighted,,region_02
2024-09-07,2,JN.1.16.1,0.02483535379402778,0.04151494112840278,0.013583178695555555,biweekly,weighted,,region_02
2024-09-14,2,JN.1.16.1,0.026629818292222225,0.04507426813972223,0.014297374574444445,biweekly,weighted,,region_02
2024-09-21,2,JN.1.16.1,0.02842428279041667,0.048633595151041674,0.015011570453333333,biweekly,weighted,,region_02
2024-09-28,2,JN.1.16.1,0.030218747288611115,0.05219292216236111,0.01572576633222222,biweekly,weighted,,region_02
2024-10-05,2,JN.1.16.1,0.03201321178680556,0.05575224917368056,0.01643996221111111,biweekly,weighted,,region_02
2024-10-12,2,JN.1.16.1,0.033807676285000005,0.059311576185000006,0.01715415809,biweekly,weighted,0.0,region_02
2024-01-20,2,JN.1.18,0.009004413896,0.015628987922,0.004682430626,biweekly,weighted,0.0,region_02
2024-01-27,2,JN.1.18,0.0078491057355,0.0137713431985,0.004020917781333333,biweekly,weighted,,region_02
2024-02-03,2,JN.1.18,0.006693797575,0.011913698475,0.0033594049366666664,biweekly,weighted,0.0,region_02
2024-02-10,2,JN.1.18,0.0089646778378125,0.0158989534654375,0.004503752378333333,biweekly,weighted,,region_02
2024-02-17,2,JN.1.18,0.011235558100625001,0.019884208455874998,0.00564809982,biweekly,weighted,,region_02
2024-02-24,2,JN.1.18,0.013506438363437501,0.0238694634463125,0.006792447261666667,biweekly,weighted,,region_02
2024-03-02,2,JN.1.18,0.015777318626250002,0.027854718436749998,0.007936794703333333,biweekly,weighted,,region_02
2024-03-09,2,JN.1.18,0.018048198889062502,0.0318399734271875,0.009081142145,biweekly,weighted,,region_02
2024-03-16,2,JN.1.18,0.020319079151875002,0.035825228417625,0.010225489586666667,biweekly,weighted,,region_02
2024-03-23,2,JN.1.18,0.022589959414687503,0.0398104834080625,0.011369837028333333,biweekly,weighted,,region_02
2024-03-30,2,JN.1.18,0.024860839677500003,0.0437957383985,0.01251418447,biweekly,weighted,,region_02
2024-04-06,2,JN.1.18,0.027131719940312504,0.0477809933889375,0.013658531911666667,biweekly,weighted,,region_02
2024-04-13,2,JN.1.18,0.029402600203125004,0.051766248379375,0.014802879353333335,biweekly,weighted,,region_02
2024-04-20,2,JN.1.18,0.0316734804659375,0.0557515033698125,0.015947226795,biweekly,weighted,,region_02
2024-04-27,2,JN.1.18,0.033944360728750005,0.05973675836025,0.017091574236666667,biweekly,weighted,,region_02
2024-05-04,2,JN.1.18,0.03621524099156251,0.0637220133506875,0.018235921678333336,biweekly,weighted,,region_02
2024-05-11,2,JN.1.18,0.038486121254375005,0.067707268341125,0.01938026912,biweekly,weighted,,region_02
2024-05-18,2,JN.1.18,0.0407570015171875,0.0716925233315625,0.020524616561666667,biweekly,weighted,,region_02
2024-05-25,2,JN.1.18,0.043027881780000006,0.075677778322,0.021668964003333336,biweekly,weighted,0.0,region_02
2024-06-01,2,JN.1.18,0.0383019394465625,0.0665538347549375,0.019679278641250002,biweekly,weighted,,region_02
2024-06-08,2,JN.1.18,0.033575997113125006,0.057429891187875,0.01768959327916667,biweekly,weighted,,region_02
2024-06-15,2,JN.1.18,0.028850054779687502,0.0483059476208125,0.015699907917083335,biweekly,weighted,,region_02
2024-06-22,2,JN.1.18,0.02412411244625,0.03918200405375,0.013710222555,biweekly,weighted,0.0,region_02
2024-06-29,2,JN.1.18,0.032228169357125,0.049865921913125,0.01956012694775,biweekly,weighted,,region_02
2024-07-06,2,JN.1.18,0.040332226267999996,0.0605498397725,0.0254100313405,biweekly,weighted,0.0,region_02
2024-07-13,2,JN.1.18,0.0303662524555,0.04771148040925,0.0181101687715,biweekly,weighted,,region_02
2024-07-20,2,JN.1.18,0.020400278643,0.034873121046,0.0108103062025,biweekly,weighted,0.0,region_02
2024-07-27,2,JN.1.18,0.019461599892625,0.033285754135666666,0.010306472983020834,biweekly,weighted,,region_02
2024-08-03,2,JN.1.18,0.01852292114225,0.03169838722533334,0.009802639763541666,biweekly,weighted,,region_02
2024-08-10,2,JN.1.18,0.017584242391875,0.030111020315000004,0.0092988065440625,biweekly,weighted,,region_02
2024-08-17,2,JN.1.18,0.0166455636415,0.02852365340466667,0.008794973324583334,biweekly,weighted,,region_02
2024-08-24,2,JN.1.18,0.015706884891125,0.026936286494333335,0.008291140105104166,biweekly,weighted,,region_02
2024-08-31,2,JN.1.18,0.01476820614075,0.025348919584000002,0.0077873068856249995,biweekly,weighted,,region_02
2024-09-07,2,JN.1.18,0.013829527390374999,0.02376155267366667,0.007283473666145833,biweekly,weighted,,region_02
2024-09-14,2,JN.1.18,0.012890848639999999,0.022174185763333337,0.006779640446666666,biweekly,weighted,0.0,region_02
2024-09-21,2,JN.1.18,0.013434504886153845,0.023168145560512825,0.0070418334525641025,biweekly,weighted,,region_02
2024-09-28,2,JN.1.18,0.013978161132307692,0.02416210535769231,0.007304026458461539,biweekly,weighted,0.0,region_02
2023-12-23,2,JN.1.7,0.0069731328407142855,0.011724576154642856,0.0037936552385714286,biweekly,weighted,0.0,region_02
2023-12-30,2,JN.1.7,0.009491097124107142,0.014086678191964287,0.006152118777142857,biweekly,weighted,,region_02
2024-01-06,2,JN.1.7,0.012009061407499999,0.016448780229285715,0.008510582315714285,biweekly,weighted,0.0,region_02
2024-01-13,2,JN.1.7,0.021890061674464285,0.027992660579285712,0.016836576546785713,biweekly,weighted,,region_02
2024-01-20,2,JN.1.7,0.03177106194142857,0.03953654092928571,0.025162570777857142,biweekly,weighted,0.0,region_02
2024-01-27,2,JN.1.7,0.04187868854767857,0.053754453880535714,0.03200090254178571,biweekly,weighted,,region_02
2024-02-03,2,JN.1.7,0.051986315153928576,0.06797236683178572,0.03883923430571429,biweekly,weighted,0.0,region_02
2024-02-10,2,JN.1.7,0.05693015236642858,0.07212269173125,0.044155552318035717,biweekly,weighted,,region_02
2024-02-17,2,JN.1.7,0.061873989578928576,0.07627301663071429,0.049471870330357146,biweekly,weighted,0.0,region_02
2024-02-24,2,JN.1.7,0.07949634448500001,0.11069810470285715,0.05515872527428571,biweekly,weighted,,region_02
2024-03-02,2,JN.1.7,0.09711869939107143,0.14512319277500002,0.06084558021821428,biweekly,weighted,0.0,region_02
2024-03-09,2,JN.1.7,0.09140564527892858,0.13577382040357144,0.05779952742160714,biweekly,weighted,,region_02
2024-03-16,2,JN.1.7,0.08569259116678572,0.12642444803214287,0.054753474625,biweekly,weighted,0.0,region_02
2024-03-23,2,JN.1.7,0.10755678571302249,0.1728447549901455,0.06075664761953703,biweekly,weighted,,region_02
2024-03-30,2,JN.1.7,0.12942098025925924,0.21926506194814815,0.06675982061407407,biweekly,weighted,0.0,region_02
2024-04-06,2,JN.1.7,0.13853577783366808,0.22162851484330484,0.07815589176299857,biweekly,weighted,,region_02
2024-04-13,2,JN.1.7,0.1476505754080769,0.22399196773846153,0.08955196291192308,biweekly,weighted,0.0,region_02
2024-04-20,2,JN.1.7,0.12628960871103845,0.2028771447645641,0.07114722803229487,biweekly,weighted,,region_02
2024-04-27,2,JN.1.7,0.104928642014,0.18176232179066665,0.052742493152666665,biweekly,weighted,0.0,region_02
2024-01-20,2,JN.1.8.1,0.03315496843785714,0.05179568672821429,0.019819305344642855,biweekly,weighted,0.0,region_02
2024-01-27,2,JN.1.8.1,0.038223300528035714,0.06369470392500001,0.020932826711964284,biweekly,weighted,,region_02
2024-02-03,2,JN.1.8.1,0.04329163261821428,0.07559372112178572,0.022046348079285714,biweekly,weighted,0.0,region_02
2024-02-10,2,JN.1.8.1,0.05082649172160714,0.07778775798392856,0.03159763012035714,biweekly,weighted,,region_02
2024-02-17,2,JN.1.8.1,0.058361350825,0.07998179484607142,0.041148912161428575,biweekly,weighted,0.0,region_02
2024-02-24,2,JN.1.8.1,0.06074834155982142,0.08355798492446428,0.042628379605,biweekly,weighted,,region_02
2024-03-02,2,JN.1.8.1,0.06313533229464285,0.08713417500285714,0.04410784704857142,biweekly,weighted,0.0,region_02
2024-03-09,2,JN.1.8.1,0.06892094787714285,0.10495929819125,0.04264877696642857,biweekly,weighted,,region_02
2024-03-16,2,JN.1.8.1,0.07470656345964286,0.12278442137964286,0.041189706884285714,biweekly,weighted,0.0,region_02
2024-03-23,2,JN.1.8.1,0.07867280459871032,0.12014410091908069,0.04831786151880953,biweekly,weighted,,region_02
2024-03-30,2,JN.1.8.1,0.08263904573777779,0.11750378045851852,0.05544601615333334,biweekly,weighted,0.0,region_02
2024-04-06,2,JN.1.8.1,0.06743612226946583,0.09953478273272079,0.043277882030320514,biweekly,weighted,,region_02
2024-04-13,2,JN.1.8.1,0.052233198801153846,0.08156578500692307,0.031109747907307694,biweekly,weighted,0.0,region_02
2024-05-25,2,KP.1.1,0.11194000263565218,0.15587888139695652,0.07686550202695652,biweekly,weighted,0.0,region_02
2024-06-01,2,KP.1.1,0.09592444543398913,0.13363792791571738,0.06589491929521739,biweekly,weighted,,region_02
2024-06-08,2,KP.1.1,0.07990888823232609,0.11139697443447827,0.05492433656347826,biweekly,weighted,,region_02
2024-06-15,2,KP.1.1,0.06389333103066305,0.08915602095323913,0.043953753831739134,biweekly,weighted,,region_02
2024-06-22,2,KP.1.1,0.047877773829000006,0.066915067472,0.0329831711,biweekly,weighted,0.0,region_02
2024-06-29,2,KP.1.1,0.044401818514000005,0.06209550611675,0.03057507444075,biweekly,weighted,,region_02
2024-07-06,2,KP.1.1,0.040925863199000004,0.0572759447615,0.028166977781500003,biweekly,weighted,0.0,region_02
2024-07-13,2,KP.1.1,0.035240659862750004,0.051707329228,0.022932529356500003,biweekly,weighted,,region_02
2024-07-20,2,KP.1.1,0.0295554565265,0.0461387136945,0.0176980809315,biweekly,weighted,0.0,region_02
2024-07-27,2,KP.1.1,0.025500353591305557,0.04039650076113889,0.014996162113527778,biweekly,weighted,,region_02
2024-08-03,2,KP.1.1,0.021445250656111112,0.034654287827777776,0.012294243295555556,biweekly,weighted,0.0,region_02
2024-08-10,2,KP.1.1,0.021080055765555557,0.03473270147576389,0.011763817995277778,biweekly,weighted,,region_02
2024-08-17,2,KP.1.1,0.020714860875,0.03481111512375,0.011233392695,biweekly,weighted,0.0,region_02
2024-08-24,2,KP.1.1,0.018958115252205882,0.031799013787463234,0.01031332401514706,biweekly,weighted,,region_02
2024-08-31,2,KP.1.1,0.017201369629411763,0.02878691245117647,0.009393255335294119,biweekly,weighted,0.0,region_02
2024-09-07,2,KP.1.1,0.01546892573314338,0.025984280746213236,0.008406794029522059,biweekly,weighted,,region_02
2024-09-14,2,KP.1.1,0.013736481836875,0.02318164904125,0.00742033272375,biweekly,weighted,0.0,region_02
2024-06-22,2,KP.1.1.3,0.0306236787695,0.04649046231,0.0190300739375,biweekly,weighted,0.0,region_02
2024-04-27,2,KP.2,0.15489679681428573,0.2532820786742857,0.08357788569142857,biweekly,weighted,0.0,region_02
2024-05-04,2,KP.2,0.17146886905996894,0.25866314449431677,0.10494569953962733,biweekly,weighted,,region_02
2024-05-11,2,KP.2,0.1880409413056522,0.2640442103143478,0.1263135133878261,biweekly,weighted,0.0,region_02
2024-05-18,2,KP.2,0.15571888649630436,0.21597601829673913,0.10672999805108696,biweekly,weighted,,region_02
2024-05-25,2,KP.2,0.12339683168695652,0.16790782627913045,0.08714648271434783,biweekly,weighted,0.0,region_02
2024-06-01,2,KP.2,0.16121720262120554,0.21999057874183797,0.11274357531035574,biweekly,weighted,,region_02
2024-06-08,2,KP.2,0.19903757355545454,0.27207333120454547,0.13834066790636365,biweekly,weighted,0.0,region_02
2024-06-15,2,KP.2,0.1528242905034773,0.22130457261077274,0.09948037718018182,biweekly,weighted,,region_02
2024-06-22,2,KP.2,0.10661100745150001,0.170535814017,0.060620086454,biweekly,weighted,0.0,region_02
2024-06-29,2,KP.2,0.10339457467100001,0.14792802259299997,0.06961924964575,biweekly,weighted,,region_02
2024-07-06,2,KP.2,0.1001781418905,0.12532023116899998,0.0786184128375,biweekly,weighted,0.0,region_02
2024-07-13,2,KP.2,0.08211809173175,0.10703114476049999,0.061584712565000005,biweekly,weighted,,region_02
2024-07-20,2,KP.2,0.064058041573,0.088742058352,0.044551012292500004,biweekly,weighted,0.0,region_02
2024-07-27,2,KP.2,0.07020331550623685,0.09146460391784211,0.05275275653309211,biweekly,weighted,,region_02
2024-08-03,2,KP.2,0.07634858943947369,0.09418714948368422,0.060954500773684216,biweekly,weighted,0.0,region_02
2024-08-10,2,KP.2,0.07058348792112573,0.09893915715100877,0.04909664100545322,biweekly,weighted,,region_02
2024-08-17,2,KP.2,0.06481838640277778,0.10369116481833333,0.03723878123722222,biweekly,weighted,0.0,region_02
2024-08-24,2,KP.2,0.0629113988063889,0.0965782453129902,0.038347314252140524,biweekly,weighted,,region_02
2024-08-31,2,KP.2,0.061004411210000005,0.08946532580764706,0.03945584726705882,biweekly,weighted,0.0,region_02
2024-09-07,2,KP.2,0.053021758872,0.08464750783382352,0.03093176102802941,biweekly,weighted,,region_02
2024-09-14,2,KP.2,0.045039106534,0.07982968986,0.022407674789,biweekly,weighted,0.0,region_02
2024-09-21,2,KP.2,0.03737584923811111,0.06600463075722222,0.018742340843944445,biweekly,weighted,,region_02
2024-09-28,2,KP.2,0.029712591942222224,0.05217957165444445,0.01507700689888889,biweekly,weighted,0.0,region_02
2024-05-25,2,KP.2.3,0.04131335747380952,0.07139277813,0.021376780190476192,biweekly,weighted,0.0,region_02
2024-06-01,2,KP.2.3,0.05881858082248214,0.09037926072025,0.036426533958482145,biweekly,weighted,,region_02
2024-06-08,2,KP.2.3,0.07632380417115475,0.1093657433105,0.0514762877264881,biweekly,weighted,,region_02
2024-06-15,2,KP.2.3,0.09382902751982738,0.12835222590075002,0.06652604149449405,biweekly,weighted,,region_02
2024-06-22,2,KP.2.3,0.11133425086849999,0.147338708491,0.0815757952625,biweekly,weighted,0.0,region_02
2024-06-29,2,KP.2.3,0.11545793134749999,0.14586389698149999,0.08963075410525001,biweekly,weighted,,region_02
2024-07-06,2,KP.2.3,0.1195816118265,0.144389085472,0.097685712948,biweekly,weighted,0.0,region_02
2024-07-13,2,KP.2.3,0.14677137862825002,0.18258347064199998,0.11559793110925001,biweekly,weighted,,region_02
2024-07-20,2,KP.2.3,0.17396114543000002,0.220777855812,0.1335101492705,biweekly,weighted,0.0,region_02
2024-07-27,2,KP.2.3,0.17749795519578948,0.22441647119336844,0.13681857897682895,biweekly,weighted,,region_02
2024-08-03,2,KP.2.3,0.18103476496157894,0.22805508657473686,0.1401270086831579,biweekly,weighted,0.0,region_02
2024-08-10,2,KP.2.3,0.15967316908134505,0.19599926770070175,0.1277361330607456,biweekly,weighted,,region_02
2024-08-17,2,KP.2.3,0.13831157320111112,0.16394344882666667,0.11534525743833332,biweekly,weighted,0.0,region_02
2024-08-24,2,KP.2.3,0.1317883311143791,0.16065787409450982,0.1064975933582843,biweekly,weighted,,region_02
2024-08-31,2,KP.2.3,0.12526508902764705,0.15737229936235295,0.09764992927823529,biweekly,weighted,0.0,region_02
2024-09-07,2,KP.2.3,0.1261193049956985,0.15340988094180147,0.10220950989724265,biweekly,weighted,,region_02
2024-09-14,2,KP.2.3,0.12697352096375,0.14944746252125,0.10676909051625,biweekly,weighted,0.0,region_02
2024-09-21,2,KP.2.3,0.10980657195437499,0.13242142494491072,0.08993514613776785,biweekly,weighted,,region_02
2024-09-28,2,KP.2.3,0.09263962294499999,0.11539538736857144,0.07310120175928571,biweekly,weighted,0.0,region_02
2024-05-25,2,KP.3,0.07393095188739131,0.12423242952608696,0.03941899473217391,biweekly,weighted,0.0,region_02
2024-06-01,2,KP.3,0.11688301620983202,0.18510548796986168,0.06704881467063241,biweekly,weighted,,region_02
2024-06-08,2,KP.3,0.15983508053227274,0.2459785464136364,0.09467863460909091,biweekly,weighted,0.0,region_02
2024-06-15,2,KP.3,0.15558720068563636,0.2304242947565682,0.09766638848004547,biweekly,weighted,,region_02
2024-06-22,2,KP.3,0.151339320839,0.2148700430995,0.10065414235100001,biweekly,weighted,0.0,region_02
2024-06-29,2,KP.3,0.14821218103225,0.20361282564775002,0.10316465403925,biweekly,weighted,,region_02
2024-07-06,2,KP.3,0.1450850412255,0.192355608196,0.10567516572749999,biweekly,weighted,0.0,region_02
2024-07-13,2,KP.3,0.151935490966,0.19254772700425,0.11719104330975,biweekly,weighted,,region_02
2024-07-20,2,KP.3,0.1587859407065,0.1927398458125,0.128706920892,biweekly,weighted,0.0,region_02
2024-07-27,2,KP.3,0.13521845536825,0.18404196042019738,0.09685412745257896,biweekly,weighted,,region_02
2024-08-03,2,KP.3,0.11165097003,0.17534407502789473,0.0650013340131579,biweekly,weighted,0.0,region_02
2024-08-10,2,KP.3,0.10771739409916667,0.15440465771255846,0.07189311617491229,biweekly,weighted,,region_02
2024-08-17,2,KP.3,0.10378381816833333,0.1334652403972222,0.07878489833666666,biweekly,weighted,0.0,region_02
2024-08-24,2,KP.3,0.08180839792387254,0.10600148068214052,0.061618468766568624,biweekly,weighted,,region_02
2024-08-31,2,KP.3,0.05983297767941176,0.07853772096705883,0.04445203919647059,biweekly,weighted,0.0,region_02
2024-09-07,2,KP.3,0.06960331163751837,0.08855755290165442,0.053662538480422795,biweekly,weighted,,region_02
2024-09-14,2,KP.3,0.079373645595625,0.09857738483625,0.062873037764375,biweekly,weighted,0.0,region_02
2024-09-21,2,KP.3,0.06703523699459821,0.08766639279098215,0.05026225624254464,biweekly,weighted,,region_02
2024-09-28,2,KP.3,0.05469682839357143,0.07675540074571428,0.037651474720714284,biweekly,weighted,0.0,region_02
2024-10-05,2,KP.3,0.055360886329862635,0.08253482628824176,0.03529721437112637,biweekly,weighted,,region_02
2024-10-12,2,KP.3,0.05602494426615385,0.08831425183076923,0.03294295402153846,biweekly,weighted,0.0,region_02
2024-10-19,2,KP.3,0.05650726882080129,0.0901835173303953,0.03268438902287393,biweekly,weighted,,region_02
2024-10-26,2,KP.3,0.05698959337544872,0.09205278283002136,0.032425824024209404,biweekly,weighted,,region_02
2024-11-02,2,KP.3,0.05747191793009616,0.09392204832964743,0.032167259025544875,biweekly,weighted,,region_02
2024-11-09,2,KP.3,0.057954242484743596,0.0957913138292735,0.031908694026880347,biweekly,weighted,,region_02
2024-11-16,2,KP.3,0.05843656703939103,0.09766057932889957,0.03165012902821581,biweekly,weighted,,region_02
2024-11-23,2,KP.3,0.058918891594038465,0.09952984482852564,0.03139156402955128,biweekly,weighted,,region_02
2024-11-30,2,KP.3,0.0594012161486859,0.1013991103281517,0.031132999030886753,biweekly,weighted,,region_02
2024-12-07,2,KP.3,0.059883540703333335,0.10326837582777777,0.030874434032222224,biweekly,weighted,0.0,region_02
2024-12-14,2,KP.3,0.05212447637,0.09008376797083333,0.02683033499416667,biweekly,weighted,,region_02
2024-12-21,2,KP.3,0.04436541203666667,0.07689916011388889,0.022786235956111112,biweekly,weighted,,region_02
2024-12-28,2,KP.3,0.03660634770333333,0.06371455225694445,0.018742136918055555,biweekly,weighted,,region_02
2025-01-04,2,KP.3,0.02884728337,0.0505299444,0.01469803788,biweekly,weighted,0.0,region_02
2025-01-11,2,KP.3,0.029720397045,0.052275258425,0.015046105255000001,biweekly,weighted,,region_02
2025-01-18,2,KP.3,0.03059351072,0.05402057245,0.01539417263,biweekly,weighted,0.0,region_02
2024-06-22,2,KP.3.1.1,0.029434475675,0.048122904822000004,0.016558733116,biweekly,weighted,0.0,region_02
2024-06-29,2,KP.3.1.1,0.050335275754249995,0.07442059237500001,0.03241990501925,biweekly,weighted,,region_02
2024-07-06,2,KP.3.1.1,0.0712360758335,0.100718279928,0.0482810769225,biweekly,weighted,0.0,region_02
2024-07-13,2,KP.3.1.1,0.10943035688275,0.140981314331,0.08320388607675,biweekly,weighted,,region_02
2024-07-20,2,KP.3.1.1,0.147624637932,0.181244348734,0.11812669523099999,biweekly,weighted,0.0,region_02
2024-07-27,2,KP.3.1.1,0.16601344913678948,0.19662761596042105,0.13855663105707894,biweekly,weighted,,region_02
2024-08-03,2,KP.3.1.1,0.18440226034157894,0.21201088318684208,0.1589865668831579,biweekly,weighted,0.0,region_02
2024-08-10,2,KP.3.1.1,0.23634395739717834,0.2815290074686988,0.1949985896985234,biweekly,weighted,,region_02
2024-08-17,2,KP.3.1.1,0.28828565445277776,0.3510471317505555,0.23101061251388888,biweekly,weighted,0.0,region_02
2024-08-24,2,KP.3.1.1,0.3410379260881536,0.3936368445164542,0.29175955154517974,biweekly,weighted,,region_02
2024-08-31,2,KP.3.1.1,0.3937901977235294,0.43622655728235293,0.3525084905764706,biweekly,weighted,0.0,region_02
2024-09-07,2,KP.3.1.1,0.4110820121961397,0.46494736768930145,0.3586893098651103,biweekly,weighted,,region_02
2024-09-14,2,KP.3.1.1,0.42837382666875,0.49366817809625,0.36487012915375,biweekly,weighted,0.0,region_02
2024-09-21,2,KP.3.1.1,0.46566497441473215,0.5298852860659822,0.4022935715372321,biweekly,weighted,,region_02
2024-09-28,2,KP.3.1.1,0.5029561221607143,0.5661023940357143,0.4397170139207143,biweekly,weighted,0.0,region_02
2024-10-05,2,KP.3.1.1,0.517557539619588,0.606834379199011,0.4269466461545879,biweekly,weighted,,region_02
2024-10-12,2,KP.3.1.1,0.5321589570784615,0.6475663643623076,0.41417627838846155,biweekly,weighted,0.0,region_02
2024-10-19,2,KP.3.1.1,0.5145350774892308,0.6439502468461538,0.3840178365892308,biweekly,weighted,,region_02
2024-10-26,2,KP.3.1.1,0.4969111979,0.64033412933,0.35385939479,biweekly,weighted,0.0,region_02
2024-11-02,2,KP.3.1.1,0.46912762793636364,0.5818580659936363,0.35774062709363635,biweekly,weighted,,region_02
2024-11-09,2,KP.3.1.1,0.44134405797272724,0.5233820026572727,0.3616218593972727,biweekly,weighted,0.0,region_02
2024-11-16,2,KP.3.1.1,0.3857096758763636,0.5023402917111364,0.28122286633863636,biweekly,weighted,,region_02
2024-11-23,2,KP.3.1.1,0.33007529378,0.481298580765,0.20082387328,biweekly,weighted,0.0,region_02
2024-11-30,2,KP.3.1.1,0.303755468555,0.4539249060403572,0.17913282662571428,biweekly,weighted,,region_02
2024-12-07,2,KP.3.1.1,0.27743564333,0.4265512313157143,0.15744177997142855,biweekly,weighted,0.0,region_02
2024-12-14,2,KP.3.1.1,0.2669173567766666,0.39479448161285713,0.16262893047626983,biweekly,weighted,,region_02
2024-12-21,2,KP.3.1.1,0.2563990702233333,0.36303773191,0.16781608098111112,biweekly,weighted,0.0,region_02
2024-12-28,2,KP.3.1.1,0.21797959754854165,0.310464726965625,0.14275030227743057,biweekly,weighted,,region_02
2025-01-04,2,KP.3.1.1,0.17956012487375,0.25789172202125,0.11768452357375,biweekly,weighted,0.0,region_02
2025-01-11,2,KP.3.1.1,0.153443875720625,0.21199784148375,0.106397554278125,biweekly,weighted,,region_02
2025-01-18,2,KP.3.1.1,0.1273276265675,0.16610396094625,0.0951105849825,biweekly,weighted,0.0,region_02
2025-01-25,2,KP.3.1.1,0.11349831641089286,0.15523722541526785,0.08053644447339287,biweekly,weighted,,region_02
2025-02-01,2,KP.3.1.1,0.09966900625428572,0.14437048988428572,0.06596230396428572,biweekly,weighted,0.0,region_02
2025-02-08,2,KP.3.1.1,0.09771296222214286,0.14480276831339284,0.06240842052464286,biweekly,weighted,,region_02
2025-02-15,2,KP.3.1.1,0.09575691819,0.14523504674249998,0.058854537085,biweekly,weighted,0.0,region_02
2025-02-22,2,KP.3.1.1,0.0798667874175,0.12826299574125,0.04567427770125,biweekly,weighted,,region_02
2025-03-01,2,KP.3.1.1,0.063976656645,0.11129094474,0.0324940183175,biweekly,weighted,0.0,region_02
2024-06-22,2,KS.1,0.016336565898666666,0.02885871330866667,0.008258905540666666,biweekly,weighted,0.0,region_02
2024-06-29,2,KS.1,0.020152947171833333,0.03540492022544445,0.010257654057277778,biweekly,weighted,,region_02
2024-07-06,2,KS.1,0.023969328445,0.041951127142222225,0.012256402573888887,biweekly,weighted,0.0,region_02
2024-07-13,2,KS.1,0.023268568746433824,0.0404841267765768,0.012007342806123365,biweekly,weighted,,region_02
2024-07-20,2,KS.1,0.02256780904786765,0.03901712641093137,0.011758283038357843,biweekly,weighted,,region_02
2024-07-27,2,KS.1,0.02186704934930147,0.03755012604528595,0.011509223270592318,biweekly,weighted,,region_02
2024-08-03,2,KS.1,0.021166289650735293,0.036083125679640525,0.011260163502826796,biweekly,weighted,,region_02
2024-08-10,2,KS.1,0.020465529952169118,0.0346161253139951,0.011011103735061274,biweekly,weighted,,region_02
2024-08-17,2,KS.1,0.019764770253602938,0.03314912494834967,0.01076204396729575,biweekly,weighted,,region_02
2024-08-24,2,KS.1,0.019064010555036762,0.031682124582704245,0.010512984199530227,biweekly,weighted,,region_02
2024-08-31,2,KS.1,0.018363250856470587,0.030215124217058822,0.010263924431764705,biweekly,weighted,0.0,region_02
2024-09-07,2,KS.1,0.016842481200735292,0.028467789332279413,0.009079205427132352,biweekly,weighted,,region_02
2024-09-14,2,KS.1,0.015321711545,0.0267204544475,0.0078944864225,biweekly,weighted,0.0,region_02
2024-05-11,2,LB.1,0.14486325221875,0.2250042067225,0.08498430469541667,biweekly,weighted,0.0,region_02
2024-05-18,2,LB.1,0.16797774178502717,0.26560568754211955,0.09503489468944747,biweekly,weighted,,region_02
2024-05-25,2,LB.1,0.19109223135130438,0.30620716836173917,0.10508548468347827,biweekly,weighted,0.0,region_02
2024-06-01,2,LB.1,0.2124749630131522,0.31455195247518775,0.13233276456560278,biweekly,weighted,,region_02
2024-06-08,2,LB.1,0.233857694675,0.3228967365886364,0.15958004444772728,biweekly,weighted,0.0,region_02
2024-06-15,2,LB.1,0.257075091655,0.3306176430118182,0.19339439235611364,biweekly,weighted,,region_02
2024-06-22,2,LB.1,0.280292488635,0.338338549435,0.2272087402645,biweekly,weighted,0.0,region_02
2024-06-29,2,LB.1,0.27237645909249997,0.32622841447625006,0.22303806282625,biweekly,weighted,,region_02
2024-07-06,2,LB.1,0.26446042955,0.31411827951750004,0.21886738538800002,biweekly,weighted,0.0,region_02
2024-07-13,2,LB.1,0.2529781639575,0.32046381160625004,0.19399075359100001,biweekly,weighted,,region_02
2024-07-20,2,LB.1,0.24149589836500002,0.32680934369500003,0.169114121794,biweekly,weighted,0.0,region_02
2024-07-27,2,LB.1,0.2511041315756579,0.3267901948409211,0.18544887335673685,biweekly,weighted,,region_02
2024-08-03,2,LB.1,0.2607123647863158,0.3267710459868421,0.2017836249194737,biweekly,weighted,0.0,region_02
2024-08-10,2,LB.1,0.2322636811145468,0.3045216609686988,0.17041677201668126,biweekly,weighted,,region_02
2024-08-17,2,LB.1,0.20381499744277776,0.28227227595055554,0.13904991911388886,biweekly,weighted,0.0,region_02
2024-08-24,2,LB.1,0.18673890875403593,0.25559854035027774,0.12975279653223856,biweekly,weighted,,region_02
2024-08-31,2,LB.1,0.16966282006529412,0.22892480475,0.12045567395058825,biweekly,weighted,0.0,region_02
2024-09-07,2,LB.1,0.14837620518264705,0.1892501778953125,0.11366428577310662,biweekly,weighted,,region_02
2024-09-14,2,LB.1,0.1270895903,0.149575551040625,0.106872897595625,biweekly,weighted,0.0,region_02
2024-09-21,2,LB.1,0.11188187553321428,0.1455934108245982,0.08456735938174108,biweekly,weighted,,region_02
2024-09-28,2,LB.1,0.09667416076642857,0.14161127060857143,0.06226182116785715,biweekly,weighted,0.0,region_02
2024-10-05,2,LB.1,0.0660702271785989,0.10077034983082417,0.04063439457162088,biweekly,weighted,,region_02
2024-10-12,2,LB.1,0.035466293590769235,0.059929429053076924,0.019006967975384616,biweekly,weighted,0.0,region_02
2024-10-19,2,LB.1,0.04431650753600962,0.07582287046216346,0.023236239428317308,biweekly,weighted,,region_02
2024-10-26,2,LB.1,0.05316672148125,0.09171631187125,0.02746551088125,biweekly,weighted,0.0,region_02
2024-09-14,2,LB.1.3.1,0.017279363004375,0.029855207190625,0.00902644050125,biweekly,weighted,0.0,region_02
2024-09-21,2,LB.1.3.1,0.024511529053537498,0.0424126406781625,0.012655203360325,biweekly,weighted,,region_02
2024-09-28,2,LB.1.3.1,0.031743695102700004,0.054970074165699996,0.0162839662194,biweekly,weighted,,region_02
2024-10-05,2,LB.1.3.1,0.0389758611518625,0.06752750765323749,0.019912729078474998,biweekly,weighted,,region_02
2024-10-12,2,LB.1.3.1,0.046208027201025,0.080084941140775,0.023541491937549997,biweekly,weighted,,region_02
2024-10-19,2,LB.1.3.1,0.0534401932501875,0.09264237462831248,0.027170254796624996,biweekly,weighted,,region_02
2024-10-26,2,LB.1.3.1,0.06067235929935,0.10519980811584999,0.030799017655699996,biweekly,weighted,,region_02
2024-11-02,2,LB.1.3.1,0.0679045253485125,0.11775724160338749,0.03442778051477499,biweekly,weighted,,region_02
2024-11-09,2,LB.1.3.1,0.07513669139767501,0.13031467509092498,0.03805654337384999,biweekly,weighted,,region_02
2024-11-16,2,LB.1.3.1,0.0823688574468375,0.14287210857846247,0.04168530623292499,biweekly,weighted,,region_02
2024-11-23,2,LB.1.3.1,0.08960102349599999,0.155429542066,0.045314069091999996,biweekly,weighted,0.0,region_02
2024-11-30,2,LB.1.3.1,0.09150632359199999,0.156574983152,0.0472451452165,biweekly,weighted,,region_02
2024-12-07,2,LB.1.3.1,0.09341162368799999,0.15772042423799998,0.049176221341,biweekly,weighted,,region_02
2024-12-14,2,LB.1.3.1,0.095316923784,0.158865865324,0.051107297465499996,biweekly,weighted,,region_02
2024-12-21,2,LB.1.3.1,0.09722222388,0.16001130641,0.05303837359,biweekly,weighted,0.0,region_02
2024-12-28,2,LB.1.3.1,0.07466026768166667,0.1255941645575,0.039693658860833335,biweekly,weighted,,region_02
2025-01-04,2,LB.1.3.1,0.05209831148333333,0.091177022705,0.026348944131666666,biweekly,weighted,0.0,region_02
2025-01-11,2,LB.1.3.1,0.049943082499791666,0.084658294760625,0.026559488770208334,biweekly,weighted,,region_02
2025-01-18,2,LB.1.3.1,0.04778785351625,0.07813956681625,0.02677003340875,biweekly,weighted,0.0,region_02
2025-01-25,2,LB.1.3.1,0.0555666384746875,0.0927712793921875,0.0301032884753125,biweekly,weighted,,region_02
2025-02-01,2,LB.1.3.1,0.063345423433125,0.107402991968125,0.033436543541875,biweekly,weighted,,region_02
2025-02-08,2,LB.1.3.1,0.0711242083915625,0.1220347045440625,0.0367697986084375,biweekly,weighted,,region_02
2025-02-15,2,LB.1.3.1,0.07890299335,0.13666641712,0.040103053675,biweekly,weighted,0.0,region_02
2025-02-22,2,LB.1.3.1,0.0767317495,0.1308318308225,0.0399974932275,biweekly,weighted,,region_02
2025-03-01,2,LB.1.3.1,0.07456050565,0.124997244525,0.03989193278,biweekly,weighted,0.0,region_02
2025-03-08,2,LB.1.3.1,0.08002720723699999,0.1268718919395,0.046566044104000004,biweekly,weighted,,region_02
2025-03-15,2,LB.1.3.1,0.085493908824,0.128746539354,0.053240155428,biweekly,weighted,0.0,region_02
2025-03-22,2,LB.1.3.1,0.07571342165366667,0.11796996121699999,0.045142084485666666,biweekly,weighted,,region_02
2025-03-29,2,LB.1.3.1,0.06593293448333333,0.10719338308,0.03704401354333333,biweekly,weighted,0.0,region_02
2025-01-04,2,LF.7,0.03096412681,0.054908722640000004,0.015481896235,biweekly,weighted,0.0,region_02
2025-01-11,2,LF.7,0.038652518951,0.06712355166799999,0.0198872174615,biweekly,weighted,,region_02
2025-01-18,2,LF.7,0.046340911092,0.079338380696,0.024292538688,biweekly,weighted,0.0,region_02
2025-01-25,2,LF.7,0.05159555624,0.08774915834416666,0.027237254505833332,biweekly,weighted,,region_02
2025-02-01,2,LF.7,0.056850201388,0.09615993599233334,0.030181970323666665,biweekly,weighted,,region_02
2025-02-08,2,LF.7,0.062104846536,0.10457071364050001,0.033126686141499995,biweekly,weighted,,region_02
2025-02-15,2,LF.7,0.067359491684,0.11298149128866669,0.03607140195933333,biweekly,weighted,,region_02
2025-02-22,2,LF.7,0.07261413683199999,0.12139226893683336,0.03901611777716667,biweekly,weighted,,region_02
2025-03-01,2,LF.7,0.07786878198,0.12980304658500003,0.041960833595,biweekly,weighted,0.0,region_02
2025-03-08,2,LF.7,0.07849055031666666,0.13159305105750002,0.04193218145583333,biweekly,weighted,,region_02
2025-03-15,2,LF.7,0.07911231865333333,0.13338305553000002,0.04190352931666667,biweekly,weighted,,region_02
2025-03-22,2,LF.7,0.07973408699000001,0.1351730600025,0.0418748771775,biweekly,weighted,,region_02
2025-03-29,2,LF.7,0.08035585532666667,0.136963064475,0.04184622503833333,biweekly,weighted,,region_02
2025-04-05,2,LF.7,0.08097762366333333,0.1387530689475,0.04181757289916667,biweekly,weighted,,region_02
2025-04-12,2,LF.7,0.081599392,0.14054307342,0.04178892076,biweekly,weighted,0.0,region_02
2024-06-22,2,LP.1,0.0458209380495,0.0717258192605,0.027248635049499998,biweekly,weighted,0.0,region_02
2024-06-29,2,LP.1,0.043394692147750005,0.06577448043975001,0.026986540900499997,biweekly,weighted,,region_02
2024-07-06,2,LP.1,0.040968446246000004,0.059823141619,0.026724446751499997,biweekly,weighted,0.0,region_02
2025-01-04,2,LP.8.1,0.0798125895,0.13057046277142856,0.04420899972142857,biweekly,weighted,0.0,region_02
2025-01-11,2,LP.8.1,0.13382227133500002,0.2210223781207143,0.07094677724071427,biweekly,weighted,,region_02
2025-01-18,2,LP.8.1,0.18783195317,0.31147429347,0.09768455475999999,biweekly,weighted,0.0,region_02
2025-01-25,2,LP.8.1,0.22242340725,0.326062265783125,0.141487959775,biweekly,weighted,,region_02
2025-02-01,2,LP.8.1,0.25701486133,0.34065023809625,0.18529136479,biweekly,weighted,0.0,region_02
2025-02-08,2,LP.8.1,0.27459395530428576,0.3532907829745536,0.20554468142285715,biweekly,weighted,,region_02
2025-02-15,2,LP.8.1,0.29217304927857146,0.36593132785285715,0.2257979980557143,biweekly,weighted,0.0,region_02
2025-02-22,2,LP.8.1,0.322619272485119,0.43185902919059527,0.22579750276785715,biweekly,weighted,,region_02
2025-03-01,2,LP.8.1,0.3530654956916666,0.4977867305283334,0.22579700747999998,biweekly,weighted,0.0,region_02
2025-03-08,2,LP.8.1,0.44435546646583335,0.5695688039081667,0.326650228102,biweekly,weighted,,region_02
2025-03-15,2,LP.8.1,0.53564543724,0.641350877288,0.42750344872400003,biweekly,weighted,0.0,region_02
2025-03-22,2,LP.8.1,0.5483363330362501,0.645227430764,0.448861146717,biweekly,weighted,,region_02
2025-03-29,2,LP.8.1,0.5610272288325,0.64910398424,0.47021884471,biweekly,weighted,0.0,region_02
2025-04-05,2,LP.8.1,0.55506562888625,0.6426572447053334,0.46500660056733334,biweekly,weighted,,region_02
2025-04-12,2,LP.8.1,0.54910402894,0.6362105051706667,0.45979435642466665,biweekly,weighted,,region_02
2025-04-19,2,LP.8.1,0.54314242899375,0.629763765636,0.45458211228199996,biweekly,weighted,,region_02
2025-04-26,2,LP.8.1,0.5371808290475,0.6233170261013333,0.44936986813933333,biweekly,weighted,,region_02
2025-05-03,2,LP.8.1,0.5312192291012501,0.6168702865666668,0.4441576239966667,biweekly,weighted,,region_02
2025-05-10,2,LP.8.1,0.5252576291550001,0.6104235470320001,0.438945379854,biweekly,weighted,,region_02
2025-05-17,2,LP.8.1,0.5192960292087501,0.6039768074973334,0.4337331357113333,biweekly,weighted,,region_02
2025-05-24,2,LP.8.1,0.5133344292625001,0.5975300679626667,0.4285208915686667,biweekly,weighted,,region_02
2025-05-31,2,LP.8.1,0.50737282931625,0.591083328428,0.42330864742600005,biweekly,weighted,,region_02
2025-06-07,2,LP.8.1,0.50141122937,0.5846365888933334,0.41809640328333336,4_week,empiric,0.0,region_02
2025-06-14,2,LP.8.1,0.461955013683125,0.544422592969375,0.381428812631875,4_week,empiric,,region_02
2025-06-21,2,LP.8.1,0.42249879799625,0.5042085970454167,0.3447612219804167,4_week,empiric,,region_02
2025-06-28,2,LP.8.1,0.383042582309375,0.46399460112145835,0.30809363132895834,4_week,empiric,,region_02
2025-07-05,2,LP.8.1,0.3435863666225,0.4237806051975,0.2714260406775,4_week,empiric,0.0,region_02
2025-07-12,2,LP.8.1,0.30238962266437497,0.378033988178125,0.23595906048937498,4_week,empiric,,region_02
2025-07-19,2,LP.8.1,0.26119287870624996,0.33228737115875,0.20049208030125,4_week,empiric,,region_02
2025-07-26,2,LP.8.1,0.21999613474812502,0.286540754139375,0.165025100113125,4_week,empiric,,region_02
2025-08-02,2,LP.8.1,0.17879939079,0.24079413712,0.129558119925,4_week,empiric,0.0,region_02
2025-08-09,2,LP.8.1,0.14770503838583335,0.20128108498916666,0.10594172962125,4_week,empiric,,region_02
2025-08-16,2,LP.8.1,0.11661068598166667,0.16176803285833333,0.0823253393175,4_week,empiric,,region_02
2025-08-23,2,LP.8.1,0.08551633357749999,0.12225498072749999,0.05870894901375,4_week,empiric,,region_02
2025-08-30,2,LP.8.1,0.054421981173333335,0.08274192859666667,0.03509255871,4_week,empiric,0.0,region_02
2024-09-28,2,MC.1,0.025604929774285714,0.04108768275785714,0.014806531502142856,biweekly,weighted,0.0,region_02
2024-10-05,2,MC.1,0.026038046748174604,0.04195322557551587,0.014973903266547618,biweekly,weighted,,region_02
2024-10-12,2,MC.1,0.02647116372206349,0.0428187683931746,0.01514127503095238,biweekly,weighted,,region_02
2024-10-19,2,MC.1,0.02690428069595238,0.04368431121083333,0.015308646795357142,biweekly,weighted,,region_02
2024-10-26,2,MC.1,0.02733739766984127,0.04454985402849206,0.015476018559761905,biweekly,weighted,,region_02
2024-11-02,2,MC.1,0.02777051464373016,0.04541539684615079,0.015643390324166666,biweekly,weighted,,region_02
2024-11-09,2,MC.1,0.02820363161761905,0.04628093966380952,0.015810762088571427,biweekly,weighted,,region_02
2024-11-16,2,MC.1,0.028636748591507936,0.04714648248146825,0.01597813385297619,biweekly,weighted,,region_02
2024-11-23,2,MC.1,0.029069865565396827,0.04801202529912698,0.016145505617380953,biweekly,weighted,,region_02
2024-11-30,2,MC.1,0.029502982539285714,0.048877568116785716,0.016312877381785714,biweekly,weighted,,region_02
2024-12-07,2,MC.1,0.029936099513174604,0.049743110934444446,0.016480249146190475,biweekly,weighted,,region_02
2024-12-14,2,MC.1,0.030369216487063495,0.050608653752103175,0.016647620910595236,biweekly,weighted,,region_02
2024-12-21,2,MC.1,0.03080233346095238,0.051474196569761904,0.016814992675,biweekly,weighted,,region_02
2024-12-28,2,MC.1,0.031235450434841272,0.052339739387420633,0.016982364439404762,biweekly,weighted,,region_02
2025-01-04,2,MC.1,0.03166856740873016,0.05320528220507936,0.017149736203809524,biweekly,weighted,,region_02
2025-01-11,2,MC.1,0.03210168438261905,0.0540708250227381,0.017317107968214285,biweekly,weighted,,region_02
2025-01-18,2,MC.1,0.032534801356507936,0.05493636784039683,0.017484479732619046,biweekly,weighted,,region_02
2025-01-25,2,MC.1,0.03296791833039683,0.05580191065805556,0.01765185149702381,biweekly,weighted,,region_02
2025-02-01,2,MC.1,0.03340103530428572,0.05666745347571429,0.017819223261428572,biweekly,weighted,0.0,region_02
2025-01-04,2,MC.10.1,0.03743114602,0.061553385105,0.0208319909875,biweekly,weighted,0.0,region_02
2025-01-11,2,MC.10.1,0.037138586177619046,0.06095273535202381,0.020728579367678572,biweekly,weighted,,region_02
2025-01-18,2,MC.10.1,0.0368460263352381,0.06035208559904762,0.020625167747857144,biweekly,weighted,,region_02
2025-01-25,2,MC.10.1,0.036553466492857144,0.059751435846071434,0.020521756128035713,biweekly,weighted,,region_02
2025-02-01,2,MC.10.1,0.03626090665047619,0.059150786093095244,0.020418344508214285,biweekly,weighted,,region_02
2025-02-08,2,MC.10.1,0.03596834680809524,0.058550136340119054,0.020314932888392857,biweekly,weighted,,region_02
2025-02-15,2,MC.10.1,0.03567578696571429,0.057949486587142864,0.02021152126857143,biweekly,weighted,0.0,region_02
2025-02-22,2,MC.10.1,0.035413424616428574,0.05818255697928572,0.019760917028809524,biweekly,weighted,,region_02
2025-03-01,2,MC.10.1,0.03515106226714286,0.05841562737142857,0.01931031278904762,biweekly,weighted,,region_02
2025-03-08,2,MC.10.1,0.03488869991785715,0.058648697763571435,0.018859708549285713,biweekly,weighted,,region_02
2025-03-15,2,MC.10.1,0.034626337568571426,0.05888176815571429,0.01840910430952381,biweekly,weighted,,region_02
2025-03-22,2,MC.10.1,0.03436397521928571,0.059114838547857144,0.017958500069761903,biweekly,weighted,,region_02
2025-03-29,2,MC.10.1,0.03410161287,0.05934790894,0.01750789583,biweekly,weighted,0.0,region_02
2025-02-15,2,MC.19,0.02806271054,0.05019507557,0.01386595517,biweekly,weighted,0.0,region_02
2025-07-05,2,NB.1.8.1,0.09462833901333334,0.15479830404333333,0.055395577103333336,4_week,empiric,0.0,region_02
2025-07-12,2,NB.1.8.1,0.0940293433775,0.15183467790666666,0.05595785193166667,4_week,empiric,,region_02
2025-07-19,2,NB.1.8.1,0.09343034774166667,0.14887105176999998,0.056520126760000004,4_week,empiric,,region_02
2025-07-26,2,NB.1.8.1,0.09283135210583333,0.14590742563333334,0.05708240158833334,4_week,empiric,,region_02
2025-08-02,2,NB.1.8.1,0.09223235647,0.14294379949666666,0.05764467641666667,4_week,empiric,0.0,region_02
2025-08-09,2,NB.1.8.1,0.10079223724833333,0.14823682357916668,0.06729409129666666,4_week,empiric,,region_02
2025-08-16,2,NB.1.8.1,0.10935211802666667,0.15352984766166666,0.07694350617666666,4_week,empiric,,region_02
2025-08-23,2,NB.1.8.1,0.117911998805,0.15882287174416665,0.08659292105666666,4_week,empiric,,region_02
2025-08-30,2,NB.1.8.1,0.12647187958333334,0.16411589582666666,0.09624233593666666,4_week,empiric,0.0,region_02
2025-09-06,2,NB.1.8.1,0.12329122238,0.16378857071166666,0.0915859124325,4_week,empiric,,region_02
2025-09-13,2,NB.1.8.1,0.12011056517666666,0.16346124559666667,0.08692948892833333,4_week,empiric,,region_02
2025-09-20,2,NB.1.8.1,0.11692990797333333,0.16313392048166667,0.08227306542416665,4_week,empiric,,region_02
2025-09-27,2,NB.1.8.1,0.11374925076999999,0.16280659536666667,0.07761664191999999,4_week,empiric,0.0,region_02
2025-08-30,2,NW.1,0.03266826644333334,0.05663485204333333,0.018257707356666666,4_week,empiric,0.0,region_02
2021-01-30,2,Other,0.6039947966725,0.6442347293083334,0.5621322045716667,biweekly,weighted,0.0,region_02
2021-02-06,2,Other,0.5182835161683333,0.6211407184587501,0.4152638583129167,biweekly,weighted,,region_02
2021-02-13,2,Other,0.43257223566416664,0.5980467076091667,0.2683955120541667,biweekly,weighted,0.0,region_02
2021-02-20,2,Other,0.37836568988916663,0.5338302291920833,0.24276751869625002,biweekly,weighted,,region_02
2021-02-27,2,Other,0.3241591441141667,0.469613750775,0.21713952533833333,biweekly,weighted,0.0,region_02
2021-03-06,2,Other,0.564243340492,0.614157330988,0.51282943487,weekly,weighted,0.0,region_02
2021-03-13,2,Other,0.43939754962999994,0.514425343278,0.367709100248,weekly,weighted,0.0,region_02
2021-03-20,2,Other,0.366665625572,0.49255900383,0.255926552416,weekly,weighted,0.0,region_02
2021-03-27,2,Other,0.266806226968,0.308760517836,0.22725637704,weekly,weighted,0.0,region_02
2021-04-03,2,Other,0.21880350709000002,0.259929089248,0.18020119965200002,weekly,weighted,0.0,region_02
2021-04-10,2,Other,0.19557546675,0.22600852250999998,0.16601662636,weekly,weighted,0.0,region_02
2021-04-17,2,Other,0.179018948972,0.294012761114,0.10523734763200002,weekly,weighted,0.0,region_02
2021-04-24,2,Other,0.156037988514,0.23331914693,0.098199290784,weekly,weighted,0.0,region_02
2021-05-01,2,Other,0.15495496466800002,0.20715468079,0.11365525536200001,weekly,weighted,0.0,region_02
2021-05-08,2,Other,0.9167040233020732,0.9312924608228049,0.8979196305520732,weekly,weighted,0.0,region_02
2021-05-15,2,Other,0.8805118796358824,0.9069129225962352,0.8504172005222354,weekly,weighted,0.0,region_02
2021-05-22,2,Other,0.8731693001465476,0.9055181529728571,0.8251171434475,weekly,weighted,0.0,region_02
2021-05-29,2,Other,0.8507132160828916,0.9002709871671085,0.7630398410806024,weekly,weighted,0.0,region_02
2021-06-05,2,Other,0.7990704660068605,0.8910679181305814,0.6746395697202325,weekly,weighted,0.0,region_02
2021-06-12,2,Other,0.6728929356604652,0.7685722084930232,0.5782555227252325,weekly,weighted,0.0,region_02
2021-06-19,2,Other,0.6022559418051899,0.7012283115446836,0.5035117097035443,weekly,weighted,0.0,region_02
2021-06-26,2,Other,0.41096003285013155,0.5501777095423684,0.28076351539394734,weekly,weighted,0.0,region_02
2021-07-03,2,Other,0.27977934752464284,0.3856376983402381,0.19006510530190476,weekly,weighted,0.0,region_02
2021-07-10,2,Other,0.18052750179554217,0.30119350857795185,0.09995209738722892,weekly,weighted,0.0,region_02
2021-07-17,2,Other,0.14157297704566266,0.20813115300168675,0.0957718637339759,weekly,weighted,0.0,region_02
2021-07-24,2,Other,0.046122338106506025,0.05991571881313253,0.035628679601445785,weekly,weighted,0.0,region_02
2021-07-31,2,Other,0.02873603205672131,0.047759225072950814,0.01627909005262295,weekly,weighted,0.0,region_02
2021-08-07,2,Other,0.02245027091081081,0.03942695148,0.013787272261351352,weekly,weighted,0.0,region_02
2021-08-14,2,Other,0.00658654748,0.02105205692,0.00204001693,weekly,weighted,0.0,region_02
2021-08-21,2,Other,0.006651373964347827,0.011576743634347826,0.003448033867826087,weekly,weighted,0.0,region_02
2021-08-28,2,Other,0.02152739093,0.65599548817,0.00025376899,weekly,weighted,0.0,region_02
2021-09-04,2,Other,0.01154626254,0.2136131525,0.000502065,weekly,weighted,0.0,region_02
2021-09-11,2,Other,0.01125733190866883,0.19923072478777054,0.000769728125974026,weekly,weighted,,region_02
2021-09-18,2,Other,0.010968401277337662,0.18484829707554112,0.001037391251948052,weekly,weighted,,region_02
2021-09-25,2,Other,0.010679470646006493,0.17046586936331168,0.001305054377922078,weekly,weighted,,region_02
2021-10-02,2,Other,0.010390540014675324,0.15608344165108223,0.001572717503896104,weekly,weighted,,region_02
2021-10-09,2,Other,0.010101609383344156,0.14170101393885282,0.00184038062987013,weekly,weighted,,region_02
2021-10-16,2,Other,0.009812678752012987,0.12731858622662337,0.002108043755844156,weekly,weighted,,region_02
2021-10-23,2,Other,0.009523748120681817,0.11293615851439394,0.002375706881818182,weekly,weighted,,region_02
2021-10-30,2,Other,0.00923481748935065,0.09855373080216451,0.0026433700077922078,weekly,weighted,,region_02
2021-11-06,2,Other,0.00894588685801948,0.08417130308993508,0.0029110331337662337,weekly,weighted,,region_02
2021-11-13,2,Other,0.00865695622668831,0.06978887537770564,0.0031786962597402596,weekly,weighted,,region_02
2021-11-20,2,Other,0.008368025595357143,0.0554064476654762,0.003446359385714286,weekly,weighted,,region_02
2021-11-27,2,Other,0.008079094964025974,0.04102401995324677,0.003714022511688312,weekly,weighted,,region_02
2021-12-04,2,Other,0.007790164332694805,0.026641592241017333,0.003981685637662337,weekly,weighted,,region_02
2021-12-11,2,Other,0.007501233701363637,0.01225916452878788,0.004249348763636363,weekly,weighted,0.0,region_02
2021-12-18,2,Other,0.007432577605579546,0.012163460082318183,0.0042031394655454545,weekly,weighted,,region_02
2021-12-25,2,Other,0.007363921509795455,0.012067755635848484,0.0041569301674545455,weekly,weighted,,region_02
2022-01-01,2,Other,0.007295265414011364,0.011972051189378788,0.004110720869363636,weekly,weighted,,region_02
2022-01-08,2,Other,0.007226609318227273,0.011876346742909091,0.004064511571272727,weekly,weighted,,region_02
2022-01-15,2,Other,0.007157953222443182,0.011780642296439395,0.004018302273181818,weekly,weighted,,region_02
2022-01-22,2,Other,0.007089297126659092,0.011684937849969698,0.003972092975090909,weekly,weighted,,region_02
2022-01-29,2,Other,0.007020641030875001,0.0115892334035,0.003925883677,weekly,weighted,,region_02
2022-02-05,2,Other,0.00695198493509091,0.011493528957030303,0.003879674378909091,weekly,weighted,,region_02
2022-02-12,2,Other,0.006883328839306819,0.011397824510560607,0.0038334650808181815,weekly,weighted,,region_02
2022-02-19,2,Other,0.006814672743522728,0.011302120064090908,0.0037872557827272725,weekly,weighted,,region_02
2022-02-26,2,Other,0.006746016647738637,0.011206415617621212,0.0037410464846363636,weekly,weighted,,region_02
2022-03-05,2,Other,0.006677360551954546,0.011110711171151515,0.0036948371865454543,weekly,weighted,,region_02
2022-03-12,2,Other,0.006608704456170455,0.011015006724681819,0.0036486278884545454,weekly,weighted,,region_02
2022-03-19,2,Other,0.006540048360386364,0.010919302278212122,0.003602418590363636,weekly,weighted,,region_02
2022-03-26,2,Other,0.006471392264602273,0.010823597831742424,0.003556209292272727,weekly,weighted,,region_02
2022-04-02,2,Other,0.0064027361688181825,0.010727893385272727,0.0035099999941818182,weekly,weighted,,region_02
2022-04-09,2,Other,0.0063340800730340915,0.01063218893880303,0.003463790696090909,weekly,weighted,,region_02
2022-04-16,2,Other,0.0062654239772500005,0.010536484492333333,0.003417581398,weekly,weighted,,region_02
2022-04-23,2,Other,0.0061967678814659095,0.010440780045863636,0.0033713720999090906,weekly,weighted,,region_02
2022-04-30,2,Other,0.0061281117856818185,0.01034507559939394,0.0033251628018181817,weekly,weighted,,region_02
2022-05-07,2,Other,0.0060594556898977275,0.010249371152924243,0.0032789535037272724,weekly,weighted,,region_02
2022-05-14,2,Other,0.0059907995941136365,0.010153666706454546,0.0032327442056363635,weekly,weighted,,region_02
2022-05-21,2,Other,0.0059221434983295455,0.010057962259984848,0.0031865349075454546,weekly,weighted,,region_02
2022-05-28,2,Other,0.0058534874025454545,0.009962257813515151,0.0031403256094545452,weekly,weighted,,region_02
2022-06-04,2,Other,0.0057848313067613635,0.009866553367045455,0.0030941163113636363,weekly,weighted,,region_02
2022-06-11,2,Other,0.0057161752109772725,0.009770848920575757,0.003047907013272727,weekly,weighted,,region_02
2022-06-18,2,Other,0.005647519115193182,0.00967514447410606,0.003001697715181818,weekly,weighted,,region_02
2022-06-25,2,Other,0.005578863019409091,0.009579440027636364,0.002955488417090909,weekly,weighted,,region_02
2022-07-02,2,Other,0.005510206923625,0.009483735581166667,0.002909279119,weekly,weighted,,region_02
2022-07-09,2,Other,0.005441550827840909,0.00938803113469697,0.002863069820909091,weekly,weighted,,region_02
2022-07-16,2,Other,0.005372894732056818,0.009292326688227272,0.0028168605228181816,weekly,weighted,,region_02
2022-07-23,2,Other,0.005304238636272727,0.009196622241757576,0.0027706512247272727,weekly,weighted,,region_02
2022-07-30,2,Other,0.005235582540488636,0.009100917795287879,0.0027244419266363637,weekly,weighted,,region_02
2022-08-06,2,Other,0.005166926444704545,0.00900521334881818,0.0026782326285454544,weekly,weighted,,region_02
2022-08-13,2,Other,0.005098270348920454,0.008909508902348484,0.0026320233304545455,weekly,weighted,,region_02
2022-08-20,2,Other,0.005029614253136363,0.008813804455878788,0.002585814032363636,weekly,weighted,,region_02
2022-08-27,2,Other,0.004960958157352272,0.008718100009409091,0.0025396047342727272,weekly,weighted,,region_02
2022-09-03,2,Other,0.004892302061568182,0.008622395562939394,0.0024933954361818183,weekly,weighted,,region_02
2022-09-10,2,Other,0.004823645965784091,0.008526691116469696,0.002447186138090909,weekly,weighted,,region_02
2022-09-17,2,Other,0.00475498987,0.00843098667,0.00240097684,weekly,weighted,0.0,region_02
2022-09-24,2,Other,0.004770384899189189,0.008454331278539501,0.0024104188285602912,weekly,weighted,,region_02
2022-10-01,2,Other,0.004785779928378379,0.008477675887079001,0.0024198608171205824,weekly,weighted,,region_02
2022-10-08,2,Other,0.004801174957567568,0.008501020495618503,0.002429302805680873,weekly,weighted,,region_02
2022-10-15,2,Other,0.004816569986756757,0.008524365104158004,0.0024387447942411642,weekly,weighted,,region_02
2022-10-22,2,Other,0.0048319650159459465,0.008547709712697504,0.0024481867828014554,weekly,weighted,,region_02
2022-10-29,2,Other,0.004847360045135135,0.008571054321237006,0.0024576287713617465,weekly,weighted,,region_02
2022-11-05,2,Other,0.004862755074324324,0.008594398929776507,0.0024670707599220376,weekly,weighted,,region_02
2022-11-12,2,Other,0.004878150103513514,0.008617743538316009,0.0024765127484823284,weekly,weighted,,region_02
2022-11-19,2,Other,0.004893545132702703,0.008641088146855509,0.0024859547370426195,weekly,weighted,,region_02
2022-11-26,2,Other,0.004908940161891892,0.00866443275539501,0.0024953967256029106,weekly,weighted,,region_02
2022-12-03,2,Other,0.004924335191081082,0.008687777363934512,0.0025048387141632018,weekly,weighted,,region_02
2022-12-10,2,Other,0.004939730220270271,0.008711121972474012,0.002514280702723493,weekly,weighted,,region_02
2022-12-17,2,Other,0.0049551252494594595,0.008734466581013513,0.002523722691283784,weekly,weighted,,region_02
2022-12-24,2,Other,0.004970520278648649,0.008757811189553015,0.0025331646798440748,weekly,weighted,,region_02
2022-12-31,2,Other,0.004985915307837838,0.008781155798092515,0.002542606668404366,weekly,weighted,,region_02
2023-01-07,2,Other,0.005001310337027027,0.008804500406632016,0.002552048656964657,weekly,weighted,,region_02
2023-01-14,2,Other,0.005016705366216217,0.008827845015171518,0.002561490645524948,weekly,weighted,,region_02
2023-01-21,2,Other,0.005032100395405406,0.008851189623711017,0.0025709326340852393,weekly,weighted,,region_02
2023-01-28,2,Other,0.005047495424594595,0.008874534232250519,0.00258037462264553,weekly,weighted,,region_02
2023-02-04,2,Other,0.005062890453783784,0.00889787884079002,0.002589816611205821,weekly,weighted,,region_02
2023-02-11,2,Other,0.005078285482972973,0.008921223449329522,0.0025992585997661123,weekly,weighted,,region_02
2023-02-18,2,Other,0.005093680512162162,0.008944568057869022,0.0026087005883264035,weekly,weighted,,region_02
2023-02-25,2,Other,0.005109075541351352,0.008967912666408524,0.0026181425768866946,weekly,weighted,,region_02
2023-03-04,2,Other,0.005124470570540541,0.008991257274948025,0.0026275845654469853,weekly,weighted,,region_02
2023-03-11,2,Other,0.00513986559972973,0.009014601883487525,0.0026370265540072765,weekly,weighted,,region_02
2023-03-18,2,Other,0.00515526062891892,0.009037946492027027,0.0026464685425675676,weekly,weighted,,region_02
2023-03-25,2,Other,0.0051706556581081085,0.009061291100566528,0.0026559105311278587,weekly,weighted,,region_02
2023-04-01,2,Other,0.005186050687297297,0.009084635709106028,0.00266535251968815,weekly,weighted,,region_02
2023-04-08,2,Other,0.005201445716486487,0.00910798031764553,0.0026747945082484406,weekly,weighted,,region_02
2023-04-15,2,Other,0.005216840745675676,0.009131324926185031,0.0026842364968087317,weekly,weighted,,region_02
2023-04-22,2,Other,0.005232235774864865,0.009154669534724531,0.002693678485369023,weekly,weighted,,region_02
2023-04-29,2,Other,0.005247630804054054,0.009178014143264033,0.002703120473929314,weekly,weighted,,region_02
2023-05-06,2,Other,0.005263025833243244,0.009201358751803534,0.002712562462489605,weekly,weighted,,region_02
2023-05-13,2,Other,0.005278420862432433,0.009224703360343036,0.002722004451049896,weekly,weighted,,region_02
2023-05-20,2,Other,0.0052938158916216215,0.009248047968882536,0.002731446439610187,weekly,weighted,,region_02
2023-05-27,2,Other,0.005309210920810811,0.009271392577422037,0.002740888428170478,weekly,weighted,,region_02
2023-06-03,2,Other,0.00532460595,0.009294737185961539,0.0027503304167307693,weekly,weighted,,region_02
2023-06-10,2,Other,0.005340000979189189,0.009318081794501039,0.0027597724052910604,weekly,weighted,,region_02
2023-06-17,2,Other,0.005355396008378379,0.00934142640304054,0.0027692143938513516,weekly,weighted,,region_02
2023-06-24,2,Other,0.005370791037567568,0.009364771011580042,0.0027786563824116423,weekly,weighted,,region_02
2023-07-01,2,Other,0.005386186066756757,0.009388115620119541,0.0027880983709719334,weekly,weighted,,region_02
2023-07-08,2,Other,0.005401581095945946,0.009411460228659043,0.0027975403595322246,weekly,weighted,,region_02
2023-07-15,2,Other,0.005416976125135135,0.009434804837198545,0.0028069823480925157,weekly,weighted,,region_02
2023-07-22,2,Other,0.005432371154324324,0.009458149445738044,0.002816424336652807,weekly,weighted,,region_02
2023-07-29,2,Other,0.005447766183513514,0.009481494054277546,0.0028258663252130976,weekly,weighted,,region_02
2023-08-05,2,Other,0.005463161212702703,0.009504838662817048,0.0028353083137733887,weekly,weighted,,region_02
2023-08-12,2,Other,0.005478556241891892,0.009528183271356547,0.00284475030233368,weekly,weighted,,region_02
2023-08-19,2,Other,0.005493951271081082,0.009551527879896049,0.002854192290893971,weekly,weighted,,region_02
2023-08-26,2,Other,0.0055093463002702705,0.00957487248843555,0.002863634279454262,weekly,weighted,,region_02
2023-09-02,2,Other,0.005524741329459459,0.009598217096975052,0.002873076268014553,weekly,weighted,,region_02
2023-09-09,2,Other,0.005540136358648649,0.009621561705514552,0.002882518256574844,weekly,weighted,,region_02
2023-09-16,2,Other,0.005555531387837838,0.009644906314054054,0.002891960245135135,biweekly,weighted,0.0,region_02
2023-09-23,2,Other,0.01197261382391892,0.020159285187027025,0.0064880916225675675,biweekly,weighted,,region_02
2023-09-30,2,Other,0.01838969626,0.03067366406,0.010084223,biweekly,weighted,0.0,region_02
2023-10-07,2,Other,0.01511833475983871,0.025503531367419355,0.008173701111935484,biweekly,weighted,,region_02
2023-10-14,2,Other,0.011846973259677419,0.020333398674838712,0.0062631792238709676,biweekly,weighted,0.0,region_02
2023-10-21,2,Other,0.011276537217459677,0.019381512280729842,0.005950056352108871,biweekly,weighted,,region_02
2023-10-28,2,Other,0.010706101175241935,0.01842962588662097,0.005636933480346774,biweekly,weighted,,region_02
2023-11-04,2,Other,0.010135665133024193,0.0174777394925121,0.0053238106085846774,biweekly,weighted,,region_02
2023-11-11,2,Other,0.00956522909080645,0.016525853098403227,0.00501068773682258,biweekly,weighted,,region_02
2023-11-18,2,Other,0.00899479304858871,0.015573966704294357,0.004697564865060484,biweekly,weighted,,region_02
2023-11-25,2,Other,0.008424357006370968,0.014622080310185486,0.004384441993298387,biweekly,weighted,,region_02
2023-12-02,2,Other,0.007853920964153226,0.013670193916076614,0.00407131912153629,biweekly,weighted,,region_02
2023-12-09,2,Other,0.007283484921935484,0.012718307521967743,0.0037581962497741936,biweekly,weighted,,region_02
2023-12-16,2,Other,0.006713048879717742,0.011766421127858872,0.0034450733780120968,biweekly,weighted,,region_02
2023-12-23,2,Other,0.0061426128375,0.01081453473375,0.00313195050625,biweekly,weighted,0.0,region_02
2023-12-30,2,Other,0.00554960997853261,0.009595535397527173,0.0029072630792119566,biweekly,weighted,,region_02
2024-01-06,2,Other,0.004956607119565218,0.008376536061304347,0.002682575652173913,biweekly,weighted,0.0,region_02
2024-01-13,2,Other,0.005237922909068323,0.008980978464223601,0.0027763906718012423,biweekly,weighted,,region_02
2024-01-20,2,Other,0.005519238698571428,0.009585420867142857,0.0028702056914285713,biweekly,weighted,0.0,region_02
2024-01-27,2,Other,0.0067808567739285714,0.011693547073857143,0.0035600319935714286,biweekly,weighted,,region_02
2024-02-03,2,Other,0.008042474849285714,0.013801673280571428,0.004249858295714286,biweekly,weighted,,region_02
2024-02-10,2,Other,0.009304092924642857,0.015909799487285714,0.004939684597857144,biweekly,weighted,,region_02
2024-02-17,2,Other,0.010565711,0.018017925694,0.005629510900000001,biweekly,weighted,0.0,region_02
2024-02-24,2,Other,0.01609455878,0.026723163389500003,0.0088872734,biweekly,weighted,,region_02
2024-03-02,2,Other,0.021623406560000002,0.035428401085000005,0.0121450359,biweekly,weighted,0.0,region_02
2024-03-09,2,Other,0.021628169095333334,0.0354441152285,0.012143964506666667,biweekly,weighted,,region_02
2024-03-16,2,Other,0.02163293163066667,0.035459829372000005,0.012142893113333334,biweekly,weighted,,region_02
2024-03-23,2,Other,0.021637694166,0.0354755435155,0.01214182172,biweekly,weighted,,region_02
2024-03-30,2,Other,0.021642456701333336,0.035491257659000006,0.012140750326666666,biweekly,weighted,,region_02
2024-04-06,2,Other,0.021647219236666668,0.0355069718025,0.012139678933333333,biweekly,weighted,,region_02
2024-04-13,2,Other,0.021651981772000003,0.035522685946000006,0.01213860754,biweekly,weighted,,region_02
2024-04-20,2,Other,0.021656744307333334,0.0355384000895,0.012137536146666668,biweekly,weighted,,region_02
2024-04-27,2,Other,0.02166150684266667,0.035554114233000006,0.012136464753333333,biweekly,weighted,,region_02
2024-05-04,2,Other,0.021666269378,0.0355698283765,0.01213539336,biweekly,weighted,,region_02
2024-05-11,2,Other,0.021671031913333336,0.035585542520000006,0.012134321966666667,biweekly,weighted,,region_02
2024-05-18,2,Other,0.021675794448666668,0.0356012566635,0.012133250573333334,biweekly,weighted,,region_02
2024-05-25,2,Other,0.021680556984000003,0.035616970807000006,0.012132179180000001,biweekly,weighted,,region_02
2024-06-01,2,Other,0.021685319519333335,0.0356326849505,0.012131107786666666,biweekly,weighted,,region_02
2024-06-08,2,Other,0.02169008205466667,0.035648399094000006,0.012130036393333333,biweekly,weighted,,region_02
2024-06-15,2,Other,0.02169484459,0.0356641132375,0.012128965,biweekly,weighted,,region_02
2024-06-22,2,Other,0.021699607125333333,0.035679827381,0.012127893606666667,biweekly,weighted,,region_02
2024-06-29,2,Other,0.02170436966066667,0.0356955415245,0.012126822213333334,biweekly,weighted,,region_02
2024-07-06,2,Other,0.021709132196,0.035711255668,0.01212575082,biweekly,weighted,,region_02
2024-07-13,2,Other,0.021713894731333335,0.0357269698115,0.012124679426666667,biweekly,weighted,,region_02
2024-07-20,2,Other,0.021718657266666667,0.035742683955,0.012123608033333334,biweekly,weighted,,region_02
2024-07-27,2,Other,0.021723419802000002,0.035758398098500004,0.01212253664,biweekly,weighted,,region_02
2024-08-03,2,Other,0.021728182337333334,0.035774112242,0.012121465246666668,biweekly,weighted,,region_02
2024-08-10,2,Other,0.02173294487266667,0.035789826385500004,0.012120393853333333,biweekly,weighted,,region_02
2024-08-17,2,Other,0.021737707408,0.035805540529,0.01211932246,biweekly,weighted,,region_02
2024-08-24,2,Other,0.021742469943333335,0.035821254672500004,0.012118251066666667,biweekly,weighted,,region_02
2024-08-31,2,Other,0.021747232478666667,0.035836968816,0.012117179673333334,biweekly,weighted,,region_02
2024-09-07,2,Other,0.021751995014000002,0.035852682959500004,0.012116108280000001,biweekly,weighted,,region_02
2024-09-14,2,Other,0.021756757549333334,0.035868397103,0.012115036886666666,biweekly,weighted,,region_02
2024-09-21,2,Other,0.02176152008466667,0.035884111246500004,0.012113965493333333,biweekly,weighted,,region_02
2024-09-28,2,Other,0.02176628262,0.03589982539,0.0121128941,biweekly,weighted,0.0,region_02
2021-03-20,2,P.1,0.003664973612,0.041669363525999994,0.000311094314,weekly,weighted,0.0,region_02
2021-03-27,2,P.1,0.009789414332,0.01250249222,0.007660468947999999,weekly,weighted,0.0,region_02
2021-04-03,2,P.1,0.018460715933999998,0.029573824628,0.012482788972,weekly,weighted,0.0,region_02
2021-04-10,2,P.1,0.026285960528000002,0.031228116527999998,0.022161643206,weekly,weighted,0.0,region_02
2021-04-17,2,P.1,0.02531713061,0.0353372857,0.018696230092,weekly,weighted,0.0,region_02
2021-04-24,2,P.1,0.028567041457999997,0.045621755720000004,0.018367737532,weekly,weighted,0.0,region_02
2021-05-01,2,P.1,0.044072034208,0.081906794014,0.023269456998,weekly,weighted,0.0,region_02
2021-05-08,2,P.1,0.063788145036,0.14372051656,0.028268675504,weekly,weighted,0.0,region_02
2021-05-15,2,P.1,0.05706039071125,0.108515517785,0.02934054611375,weekly,weighted,0.0,region_02
2021-05-22,2,P.1,0.08815597463375,0.15639463067125,0.049207974691249996,weekly,weighted,0.0,region_02
2021-05-29,2,P.1,0.1074915584175,0.22832341678125,0.057299181005,weekly,weighted,0.0,region_02
2021-06-05,2,P.1,0.06937191542375,0.1447268957275,0.0334937106825,weekly,weighted,0.0,region_02
2021-06-12,2,P.1,0.09278543293500001,0.187640274565,0.046418026710000004,weekly,weighted,0.0,region_02
2021-06-19,2,P.1,0.08701810241,0.129749910285,0.05963004628666666,weekly,weighted,0.0,region_02
2021-06-26,2,P.1,0.07461670413833334,0.23316277563833335,0.020977439358333332,weekly,weighted,0.0,region_02
2021-07-03,2,P.1,0.044686701152,0.092664197088,0.022080091759999997,weekly,weighted,0.0,region_02
2021-07-10,2,P.1,0.039284360411999994,0.119906070828,0.012923322245999999,weekly,weighted,0.0,region_02
2021-07-17,2,P.1,0.028808233886,0.129964346812,0.013742680148,weekly,weighted,0.0,region_02
2022-11-05,2,XBB,0.04468203522,0.07834769785000001,0.02259622328,weekly,weighted,0.0,region_02
2022-11-12,2,XBB,0.041534802375384615,0.07381239189615384,0.020611221543076923,weekly,weighted,0.0,region_02
2022-11-19,2,XBB,0.06843318061122172,0.11156642045925338,0.03830467538300905,weekly,weighted,,region_02
2022-11-26,2,XBB,0.09533155884705882,0.14932044902235295,0.05599812922294117,weekly,weighted,0.0,region_02
2022-12-03,2,XBB,0.08998331471470589,0.1219929149935294,0.06409995016764705,weekly,weighted,0.0,region_02
2022-12-10,2,XBB,0.08935290180588236,0.13541175424941176,0.05509087772117647,weekly,weighted,0.0,region_02
2022-12-17,2,XBB,0.0752661960082353,0.11203612825529412,0.04772040949235294,weekly,weighted,0.0,region_02
2022-12-24,2,XBB,0.0628041333975,0.094729580914375,0.039128672796875,weekly,weighted,0.0,region_02
2022-12-31,2,XBB,0.04515249207666667,0.06395384892866667,0.030599185327333335,weekly,weighted,0.0,region_02
2023-01-07,2,XBB,0.03140062546142857,0.04516668218642857,0.020918861164285714,weekly,weighted,0.0,region_02
2023-01-14,2,XBB,0.03461462416769231,0.04556509050153846,0.025682134553076923,weekly,weighted,0.0,region_02
2023-01-21,2,XBB,0.0221786494375,0.03394565824416667,0.013705532064166666,weekly,weighted,0.0,region_02
2023-01-28,2,XBB,0.018326797607272727,0.02580176277,0.012552785094545455,weekly,weighted,0.0,region_02
2023-02-04,2,XBB,0.010396701075555556,0.01679562736111111,0.0059775693033333336,weekly,weighted,0.0,region_02
2023-02-11,2,XBB,0.012480096888333334,0.021979074303333332,0.006347627456666667,weekly,weighted,0.0,region_02
2023-02-18,2,XBB,0.009203092756,0.016029248946000003,0.004760812968,weekly,weighted,0.0,region_02
2023-02-25,2,XBB,0.015448484942,0.026083650812,0.00833481606,weekly,weighted,0.0,region_02
2023-03-04,2,XBB,0.020102767275,0.032617326825,0.011454733089999999,weekly,weighted,0.0,region_02
2023-03-11,2,XBB,0.016876592765,0.02974289842,0.008559774610000001,weekly,weighted,0.0,region_02
2023-03-18,2,XBB,0.025498695437500003,0.04514785949,0.012788732535,weekly,weighted,,region_02
2023-03-25,2,XBB,0.03412079811,0.06055282056,0.01701769046,weekly,weighted,0.0,region_02
2023-04-01,2,XBB,0.048166574909999996,0.08350634575,0.024770162065,weekly,weighted,0.0,region_02
2023-04-08,2,XBB,0.03827231005,0.06380522996,0.02088041231,weekly,weighted,0.0,region_02
2023-04-15,2,XBB,0.016035551205555557,0.027247258151777778,0.00857527260111111,biweekly,weighted,0.0,region_02
2023-04-22,2,XBB,0.020878423868611114,0.03443989545713889,0.011641377530347222,biweekly,weighted,,region_02
2023-04-29,2,XBB,0.02572129653166667,0.0416325327625,0.014707482459583332,biweekly,weighted,0.0,region_02
2023-05-06,2,XBB,0.03452357888988994,0.05559043482832547,0.019843596343376572,biweekly,weighted,,region_02
2023-05-13,2,XBB,0.043325861248113204,0.06954833689415095,0.02497971022716981,biweekly,weighted,0.0,region_02
2023-05-20,2,XBB,0.04194190384261429,0.0659088924553447,0.024889530151565673,biweekly,weighted,,region_02
2023-05-27,2,XBB,0.04055794643711538,0.062269448016538456,0.024799350075961537,biweekly,weighted,0.0,region_02
2023-06-03,2,XBB,0.046294510443361615,0.06877330425189668,0.029547984808667042,biweekly,weighted,,region_02
2023-06-10,2,XBB,0.05203107444960785,0.0752771604872549,0.03429661954137255,biweekly,weighted,0.0,region_02
2023-06-17,2,XBB,0.050362713023277314,0.07376514127309423,0.032700193927355944,biweekly,weighted,,region_02
2023-06-24,2,XBB,0.04869435159694678,0.07225312205893357,0.031103768313339338,biweekly,weighted,,region_02
2023-07-01,2,XBB,0.04702599017061625,0.0707411028447729,0.02950734269932273,biweekly,weighted,,region_02
2023-07-08,2,XBB,0.04535762874428571,0.06922908363061224,0.027910917085306124,biweekly,weighted,0.0,region_02
2023-07-15,2,XBB,0.04418529198537202,0.06897851663238945,0.02639674700931973,biweekly,weighted,,region_02
2023-07-22,2,XBB,0.04301295522645834,0.06872794963416666,0.024882576933333334,biweekly,weighted,0.0,region_02
2023-07-29,2,XBB,0.04731578101482492,0.07300438698208334,0.02873363590113475,biweekly,weighted,,region_02
2023-08-05,2,XBB,0.0516186068031915,0.07728082433,0.03258469486893617,biweekly,weighted,0.0,region_02
2023-08-12,2,XBB,0.051498703729421835,0.07203029503793479,0.03561469910870721,biweekly,weighted,,region_02
2023-08-19,2,XBB,0.051378800655652174,0.06677976574586957,0.038644703348478256,biweekly,weighted,0.0,region_02
2023-08-26,2,XBB,0.04201472234915942,0.05443731853293478,0.03173424524712802,biweekly,weighted,,region_02
2023-09-02,2,XBB,0.03265064404266667,0.04209487132,0.02482378714577778,biweekly,weighted,0.0,region_02
2023-09-09,2,XBB,0.03168546880349243,0.04322474083829546,0.022592261851752525,biweekly,weighted,,region_02
2023-09-16,2,XBB,0.03072029356431818,0.04435461035659091,0.020360736557727275,biweekly,weighted,0.0,region_02
2023-09-23,2,XBB,0.032218216398089326,0.04423164547899313,0.02278579236107294,biweekly,weighted,,region_02
2023-09-30,2,XBB,0.03371613923186047,0.04410868060139535,0.025210848164418608,biweekly,weighted,0.0,region_02
2023-10-07,2,XBB,0.023880866745930235,0.03346660228569767,0.016602272212209303,biweekly,weighted,,region_02
2023-10-14,2,XBB,0.01404559426,0.02282452397,0.00799369626,biweekly,weighted,0.0,region_02
2023-10-21,2,XBB,0.01688719559475,0.026692702900375,0.009976753582,biweekly,weighted,,region_02
2023-10-28,2,XBB,0.0197287969295,0.030560881830749998,0.011959810904,biweekly,weighted,0.0,region_02
2023-11-04,2,XBB,0.020478957131416668,0.033235369094958334,0.0116998850945,biweekly,weighted,,region_02
2023-11-11,2,XBB,0.021229117333333335,0.035909856359166666,0.011439959285,biweekly,weighted,0.0,region_02
2023-11-18,2,XBB,0.015614288977318841,0.026903179905670288,0.008205598548804347,biweekly,weighted,,region_02
2023-11-25,2,XBB,0.009999460621304346,0.017896503452173914,0.0049712378126086955,biweekly,weighted,0.0,region_02
2023-12-02,2,XBB,0.011717608173846619,0.018884713183864733,0.006814018628248792,biweekly,weighted,,region_02
2023-12-09,2,XBB,0.013435755726388889,0.019872922915555553,0.008656799443888889,biweekly,weighted,0.0,region_02
2023-04-08,2,XBB.1.16,0.033980058504999994,0.057593476025,0.018130933864999997,weekly,weighted,0.0,region_02
2023-04-15,2,XBB.1.16,0.04663099789987654,0.07212494042228394,0.028434110712962958,weekly,weighted,,region_02
2023-04-22,2,XBB.1.16,0.05928193729475309,0.08665640481956789,0.038737287560925926,weekly,weighted,,region_02
2023-04-29,2,XBB.1.16,0.07193287668962964,0.10118786921685184,0.04904046440888889,biweekly,weighted,0.0,region_02
2023-05-06,2,XBB.1.16,0.07296807647358841,0.1081530650055014,0.046564356321425575,biweekly,weighted,,region_02
2023-05-13,2,XBB.1.16,0.07400327625754717,0.11511826079415094,0.04408824823396226,biweekly,weighted,0.0,region_02
2023-05-20,2,XBB.1.16,0.08920548500906204,0.13459062931524854,0.05527929943736575,biweekly,weighted,,region_02
2023-05-27,2,XBB.1.16,0.10440769376057692,0.15406299783634614,0.06647035064076924,biweekly,weighted,0.0,region_02
2023-06-03,2,XBB.1.16,0.11841919101852375,0.1763187376935652,0.07421096265038463,biweekly,weighted,,region_02
2023-06-10,2,XBB.1.16,0.1324306882764706,0.1985744775507843,0.08195157466000001,biweekly,weighted,0.0,region_02
2023-06-17,2,XBB.1.16,0.1332529035882353,0.18928049704309216,0.0890969052793,biweekly,weighted,,region_02
2023-06-24,2,XBB.1.16,0.1340751189,0.17998651653540002,0.0962422358986,biweekly,weighted,0.0,region_02
2023-07-01,2,XBB.1.16,0.10591206373969389,0.14458115130361837,0.07465865529593264,biweekly,weighted,,region_02
2023-07-08,2,XBB.1.16,0.07774900857938775,0.10917578607183673,0.0530750746932653,biweekly,weighted,0.0,region_02
2023-07-15,2,XBB.1.16,0.0895003517870897,0.13282960327654336,0.056795792154549316,biweekly,weighted,,region_02
2023-07-22,2,XBB.1.16,0.10125169499479166,0.15648342048125,0.06051650961583333,biweekly,weighted,0.0,region_02
2023-07-29,2,XBB.1.16,0.08636631004548093,0.1273002442873271,0.055388349966108155,biweekly,weighted,,region_02
2023-08-05,2,XBB.1.16,0.07148092509617021,0.09811706809340426,0.05026019031638298,biweekly,weighted,0.0,region_02
2023-08-12,2,XBB.1.16,0.06626469918428077,0.09348421495637604,0.04506544914090888,biweekly,weighted,,region_02
2023-08-19,2,XBB.1.16,0.06104847327239131,0.08885136181934783,0.039870707965434786,biweekly,weighted,0.0,region_02
2023-08-26,2,XBB.1.16,0.0622560203176401,0.08455718566034058,0.04456578817305073,biweekly,weighted,,region_02
2023-09-02,2,XBB.1.16,0.06346356736288888,0.08026300950133333,0.04926086838066667,biweekly,weighted,0.0,region_02
2023-09-09,2,XBB.1.16,0.053881360909967174,0.06871633703430302,0.041438525937606066,biweekly,weighted,,region_02
2023-09-16,2,XBB.1.16,0.04429915445704546,0.057169664567272724,0.033616183494545454,biweekly,weighted,0.0,region_02
2023-09-23,2,XBB.1.16,0.03690043292154598,0.04865740343724101,0.02732918261843552,biweekly,weighted,,region_02
2023-09-30,2,XBB.1.16,0.02950171138604651,0.0401451423072093,0.021042181742325583,biweekly,weighted,0.0,region_02
2023-10-07,2,XBB.1.16,0.02716946482826716,0.03794183849384855,0.018797192027626204,biweekly,weighted,,region_02
2023-10-14,2,XBB.1.16,0.024837218270487807,0.0357385346804878,0.01655220231292683,biweekly,weighted,0.0,region_02
2023-10-21,2,XBB.1.16,0.020573341938993905,0.0310659313407439,0.012941303862338414,biweekly,weighted,,region_02
2023-10-28,2,XBB.1.16,0.0163094656075,0.026393328001,0.009330405411749999,biweekly,weighted,0.0,region_02
2023-04-29,2,XBB.1.16.1,0.02414622421292683,0.04116039895804878,0.012861982805609757,biweekly,weighted,0.0,region_02
2023-05-06,2,XBB.1.16.1,0.03575812477719512,0.059876493541036586,0.019377919526707317,biweekly,weighted,,region_02
2023-05-13,2,XBB.1.16.1,0.04737002534146341,0.07859258812402439,0.02589385624780488,biweekly,weighted,,region_02
2023-05-20,2,XBB.1.16.1,0.0589819259057317,0.0973086827070122,0.03240979296890244,biweekly,weighted,,region_02
2023-05-27,2,XBB.1.16.1,0.07059382647,0.11602477729,0.03892572969,biweekly,weighted,0.0,region_02
2023-06-03,2,XBB.1.16.1,0.06199064879882353,0.09583445148833333,0.03753350612921569,biweekly,weighted,,region_02
2023-06-10,2,XBB.1.16.1,0.05338747112764706,0.07564412568666667,0.036141282568431375,biweekly,weighted,0.0,region_02
2023-06-17,2,XBB.1.16.1,0.061256095016023526,0.08780472228753333,0.04081345917081569,biweekly,weighted,,region_02
2023-06-24,2,XBB.1.16.1,0.0691247189044,0.0999653188884,0.0454856357732,biweekly,weighted,0.0,region_02
2023-07-01,2,XBB.1.16.1,0.0608802076358,0.09041423075858723,0.03887841522809149,biweekly,weighted,,region_02
2023-07-08,2,XBB.1.16.1,0.0526356963672,0.08086314262877448,0.03227119468298298,biweekly,weighted,,region_02
2023-07-15,2,XBB.1.16.1,0.044391185098599996,0.0713120544989617,0.025663974137874468,biweekly,weighted,,region_02
2023-07-22,2,XBB.1.16.1,0.036146673829999997,0.06176096636914894,0.019056753592765957,biweekly,weighted,0.0,region_02
2023-07-29,2,XBB.1.16.1,0.04247437635531914,0.06458257174414894,0.02658795719925532,biweekly,weighted,,region_02
2023-08-05,2,XBB.1.16.1,0.04880207888063829,0.06740417711914894,0.03411916080574468,biweekly,weighted,0.0,region_02
2023-08-12,2,XBB.1.16.1,0.050368865049340884,0.07182505455424838,0.03386054985722017,biweekly,weighted,,region_02
2023-08-19,2,XBB.1.16.1,0.05193565121804348,0.07624593198934783,0.03360193890869565,biweekly,weighted,0.0,region_02
2023-08-26,2,XBB.1.16.1,0.036791007004799516,0.05454097210022947,0.023543368516125603,biweekly,weighted,,region_02
2023-09-02,2,XBB.1.16.1,0.021646362791555556,0.03283601221111111,0.013484798123555556,biweekly,weighted,0.0,region_02
2023-09-09,2,XBB.1.16.1,0.020741807581800505,0.03007090138691919,0.013725041552118688,biweekly,weighted,,region_02
2023-09-16,2,XBB.1.16.1,0.019837252372045453,0.02730579056272727,0.013965284980681818,biweekly,weighted,0.0,region_02
2023-09-23,2,XBB.1.16.1,0.019154016994278537,0.027104115944154333,0.013047260107085096,biweekly,weighted,,region_02
2023-09-30,2,XBB.1.16.1,0.018470781616511625,0.026902441325581394,0.012129235233488373,biweekly,weighted,0.0,region_02
2023-10-07,2,XBB.1.16.1,0.014682810190816787,0.022293474538644355,0.00917256542003687,biweekly,weighted,,region_02
2023-10-14,2,XBB.1.16.1,0.01089483876512195,0.017684507751707317,0.006215895606585366,biweekly,weighted,0.0,region_02
2023-07-22,2,XBB.1.16.11,0.01970341991829787,0.03368978491617021,0.010435049065531915,biweekly,weighted,0.0,region_02
2023-07-29,2,XBB.1.16.11,0.018610802807147317,0.03134969098870374,0.010078767112844588,biweekly,weighted,,region_02
2023-08-05,2,XBB.1.16.11,0.017518185695996762,0.02900959706123728,0.009722485160157262,biweekly,weighted,,region_02
2023-08-12,2,XBB.1.16.11,0.016425568584846208,0.026669503133770818,0.009366203207469935,biweekly,weighted,,region_02
2023-08-19,2,XBB.1.16.11,0.015332951473695653,0.024329409206304352,0.009009921254782609,biweekly,weighted,0.0,region_02
2023-08-26,2,XBB.1.16.11,0.015520591161625606,0.024034415804041066,0.009428951167169082,biweekly,weighted,,region_02
2023-09-02,2,XBB.1.16.11,0.015708230849555558,0.023739422401777777,0.009847981079555555,biweekly,weighted,0.0,region_02
2023-09-09,2,XBB.1.16.11,0.01862110288091414,0.026843049068502524,0.012409717970118687,biweekly,weighted,,region_02
2023-09-16,2,XBB.1.16.11,0.021533974912272727,0.02994667573522727,0.01497145486068182,biweekly,weighted,0.0,region_02
2023-09-23,2,XBB.1.16.11,0.02129094386174612,0.03267965110651608,0.013183519269975056,biweekly,weighted,,region_02
2023-09-30,2,XBB.1.16.11,0.02104791281121951,0.03541262647780488,0.011395583679268292,biweekly,weighted,0.0,region_02
2023-10-07,2,XBB.1.16.11,0.016909461684512194,0.027755732012439027,0.009493501470975609,biweekly,weighted,,region_02
2023-10-14,2,XBB.1.16.11,0.012771010557804878,0.02009883754707317,0.007591419262682927,biweekly,weighted,0.0,region_02
2023-10-21,2,XBB.1.16.11,0.01330889444590244,0.021718702203286585,0.007542849386216464,biweekly,weighted,,region_02
2023-10-28,2,XBB.1.16.11,0.013846778334000002,0.0233385668595,0.00749427950975,biweekly,weighted,0.0,region_02
2023-09-02,2,XBB.1.16.15,0.006212071241282051,0.01110753577051282,0.0030969949912820513,biweekly,weighted,0.0,region_02
2023-09-09,2,XBB.1.16.15,0.006219588373766026,0.01092571274775641,0.0031825334387660257,biweekly,weighted,,region_02
2023-09-16,2,XBB.1.16.15,0.00622710550625,0.010743889725,0.00326807188625,biweekly,weighted,0.0,region_02
2023-09-23,2,XBB.1.16.15,0.006172441933125,0.0105479488825,0.003283916258125,biweekly,weighted,,region_02
2023-09-30,2,XBB.1.16.15,0.00611777836,0.01035200804,0.00329976063,biweekly,weighted,0.0,region_02
2023-06-24,2,XBB.1.16.6,0.025354185085510204,0.0434620239755102,0.013350855767959182,biweekly,weighted,0.0,region_02
2023-07-01,2,XBB.1.16.6,0.0385224752777551,0.0671134416467551,0.01968324250697959,biweekly,weighted,,region_02
2023-07-08,2,XBB.1.16.6,0.05169076547,0.090764859318,0.026015629246,biweekly,weighted,0.0,region_02
2023-07-15,2,XBB.1.16.6,0.05594089311375,0.09679399008525,0.028744739165708334,biweekly,weighted,,region_02
2023-07-22,2,XBB.1.16.6,0.0601910207575,0.1028231208525,0.031473849085416665,biweekly,weighted,0.0,region_02
2023-07-29,2,XBB.1.16.6,0.06551108298853724,0.11042080433922873,0.034898567527708334,biweekly,weighted,,region_02
2023-08-05,2,XBB.1.16.6,0.07083114521957447,0.11801848782595745,0.03832328597,biweekly,weighted,0.0,region_02
2023-08-12,2,XBB.1.16.6,0.06684012707924375,0.10483309316504394,0.03963462474934783,biweekly,weighted,,region_02
2023-08-19,2,XBB.1.16.6,0.06284910893891305,0.09164769850413043,0.04094596352869565,biweekly,weighted,0.0,region_02
2023-08-26,2,XBB.1.16.6,0.07223516358145653,0.10295781684662078,0.04841438563357005,biweekly,weighted,,region_02
2023-09-02,2,XBB.1.16.6,0.08162121822400001,0.11426793518911112,0.055882807738444444,biweekly,weighted,0.0,region_02
2023-09-09,2,XBB.1.16.6,0.08373320115620456,0.11021126665773737,0.0621006410494495,biweekly,weighted,,region_02
2023-09-16,2,XBB.1.16.6,0.08584518408840909,0.10615459812636363,0.06831847436045455,biweekly,weighted,0.0,region_02
2023-09-23,2,XBB.1.16.6,0.08418246570269292,0.10249272690794925,0.06822826103336681,biweekly,weighted,,region_02
2023-09-30,2,XBB.1.16.6,0.08251974731697674,0.09883085568953488,0.06813804770627907,biweekly,weighted,0.0,region_02
2023-10-07,2,XBB.1.16.6,0.07157867165604935,0.08757013238647476,0.05774522723533466,biweekly,weighted,,region_02
2023-10-14,2,XBB.1.16.6,0.06063759599512195,0.07630940908341463,0.047352406764390245,biweekly,weighted,0.0,region_02
2023-10-21,2,XBB.1.16.6,0.053289057513060976,0.07705321111608232,0.03590147386257012,biweekly,weighted,,region_02
2023-10-28,2,XBB.1.16.6,0.045940519031,0.07779701314875001,0.02445054096075,biweekly,weighted,0.0,region_02
2023-11-04,2,XBB.1.16.6,0.034116579661749996,0.058349378430625,0.0179494252419375,biweekly,weighted,,region_02
2023-11-11,2,XBB.1.16.6,0.0222926402925,0.0389017437125,0.011448309523125,biweekly,weighted,0.0,region_02
2023-11-18,2,XBB.1.16.6,0.020036833099493244,0.034334292789763514,0.010577389614400337,biweekly,weighted,,region_02
2023-11-25,2,XBB.1.16.6,0.017781025906486485,0.02976684186702703,0.009706469705675675,biweekly,weighted,0.0,region_02
2023-12-02,2,XBB.1.16.6,0.01427104032986089,0.02376311851395469,0.007854371913867248,biweekly,weighted,,region_02
2023-12-09,2,XBB.1.16.6,0.010761054753235294,0.017759395160882353,0.006002274122058823,biweekly,weighted,0.0,region_02
2023-12-16,2,XBB.1.16.6,0.008410994134852941,0.014178833266764706,0.004561558837794117,biweekly,weighted,,region_02
2023-12-23,2,XBB.1.16.6,0.006060933516470588,0.010598271372647058,0.0031208435535294114,biweekly,weighted,0.0,region_02
2022-12-03,2,XBB.1.5,0.12339805513600001,0.21239422162399998,0.062131210665333336,weekly,weighted,0.0,region_02
2022-12-10,2,XBB.1.5,0.18022048210352942,0.2672377667011765,0.11212838134176471,weekly,weighted,0.0,region_02
2022-12-17,2,XBB.1.5,0.36484411359,0.50380426645,0.24062216282,weekly,weighted,0.0,region_02
2022-12-24,2,XBB.1.5,0.411851569018,0.55974671046,0.274841930468,weekly,weighted,0.0,region_02
2022-12-31,2,XBB.1.5,0.5307337164879999,0.668133425712,0.39009050727,weekly,weighted,0.0,region_02
2023-01-07,2,XBB.1.5,0.6220803811007692,0.7142623525415384,0.522979227396923,weekly,weighted,0.0,region_02
2023-01-14,2,XBB.1.5,0.6747327997123077,0.7265586715476923,0.6194857496469232,weekly,weighted,0.0,region_02
2023-01-21,2,XBB.1.5,0.7863884766883333,0.828844388325,0.7387598703308332,weekly,weighted,0.0,region_02
2023-01-28,2,XBB.1.5,0.8306757482627273,0.8713568123909091,0.7829827178618182,weekly,weighted,0.0,region_02
2023-02-04,2,XBB.1.5,0.857345849276,0.8767467856410001,0.836022144555,weekly,weighted,0.0,region_02
2023-02-11,2,XBB.1.5,0.8497490021922222,0.8848269515555556,0.8085678550922223,weekly,weighted,0.0,region_02
2023-02-18,2,XBB.1.5,0.88753192871875,0.9116632342337501,0.8593303188675,weekly,weighted,0.0,region_02
2023-02-25,2,XBB.1.5,0.9073889106525,0.93534063548125,0.87228000164125,weekly,weighted,0.0,region_02
2023-03-04,2,XBB.1.5,0.9061248898514285,0.9316841278771429,0.8748827746942858,weekly,weighted,0.0,region_02
2023-03-11,2,XBB.1.5,0.8845195273566667,0.9154804348933333,0.8470754126700001,weekly,weighted,0.0,region_02
2023-03-18,2,XBB.1.5,0.852656292914,0.8960855245599999,0.799275815486,weekly,weighted,0.0,region_02
2023-03-25,2,XBB.1.5,0.8304723501225,0.8630181849,0.793737083675,weekly,weighted,0.0,region_02
2023-04-01,2,XBB.1.5,0.8259206414233334,0.8651630679766668,0.78067769607,weekly,weighted,0.0,region_02
2023-04-08,2,XBB.1.5,0.79963627458,0.85853564739,0.7288211286049999,weekly,weighted,0.0,region_02
2023-04-15,2,XBB.1.5,0.7569215406065455,0.7952045787463636,0.7153406901787273,biweekly,weighted,0.0,region_02
2023-04-22,2,XBB.1.5,0.7251396327205876,0.7754376343102188,0.6703479586523267,biweekly,weighted,,region_02
2023-04-29,2,XBB.1.5,0.6933577248346297,0.755670689874074,0.625355227125926,biweekly,weighted,0.0,region_02
2023-05-06,2,XBB.1.5,0.6495575453232583,0.7070028847183578,0.5883280760146611,biweekly,weighted,,region_02
2023-05-13,2,XBB.1.5,0.6057573658118868,0.6583350795626415,0.5513009249033962,biweekly,weighted,0.0,region_02
2023-05-20,2,XBB.1.5,0.5151796431669049,0.5645021639593977,0.46540267725487117,biweekly,weighted,,region_02
2023-05-27,2,XBB.1.5,0.4246019205219231,0.4706692483561538,0.37950442960634617,biweekly,weighted,0.0,region_02
2023-06-03,2,XBB.1.5,0.38867244408723606,0.4338897524251357,0.34484728452699664,biweekly,weighted,,region_02
2023-06-10,2,XBB.1.5,0.35274296765254903,0.39711025649411763,0.31019013944764706,biweekly,weighted,0.0,region_02
2023-06-17,2,XBB.1.5,0.3333772155878745,0.37800425347735883,0.29088804157332354,biweekly,weighted,,region_02
2023-06-24,2,XBB.1.5,0.3140114635232,0.35889825046060003,0.271585943699,biweekly,weighted,0.0,region_02
2023-07-01,2,XBB.1.5,0.27767402547955916,0.3261818162211163,0.2329583254457245,biweekly,weighted,,region_02
2023-07-08,2,XBB.1.5,0.24133658743591835,0.29346538198163263,0.194330707192449,biweekly,weighted,0.0,region_02
2023-07-15,2,XBB.1.5,0.19906978088337585,0.24042775739446215,0.16188475629289117,biweekly,weighted,,region_02
2023-07-22,2,XBB.1.5,0.15680297433083332,0.18739013280729166,0.12943880539333333,biweekly,weighted,0.0,region_02
2023-07-29,2,XBB.1.5,0.12107272533669325,0.15115947792534795,0.09538116112868794,biweekly,weighted,,region_02
2023-08-05,2,XBB.1.5,0.0853424763425532,0.11492882304340427,0.061323516864042554,biweekly,weighted,0.0,region_02
2023-08-12,2,XBB.1.5,0.07576556327399399,0.10152837338431082,0.054820516259738675,biweekly,weighted,,region_02
2023-08-19,2,XBB.1.5,0.06618865020543478,0.08812792372521738,0.04831751565543479,biweekly,weighted,0.0,region_02
2023-08-26,2,XBB.1.5,0.05770447802605073,0.07426401139216425,0.043948551045939616,biweekly,weighted,,region_02
2023-09-02,2,XBB.1.5,0.04922030584666667,0.06040009905911112,0.03957958643644444,biweekly,weighted,0.0,region_02
2023-09-09,2,XBB.1.5,0.03633571078537879,0.04643065147398738,0.02799025104606313,biweekly,weighted,,region_02
2023-09-16,2,XBB.1.5,0.02345111572409091,0.032461203888863636,0.016400915655681816,biweekly,weighted,0.0,region_02
2023-09-23,2,XBB.1.5,0.021719612204952433,0.030693244316176004,0.014818941761794397,biweekly,weighted,,region_02
2023-09-30,2,XBB.1.5,0.019988108685813955,0.02892528474348837,0.013236967867906978,biweekly,weighted,0.0,region_02
2023-10-07,2,XBB.1.5,0.01917365617522405,0.028044875983695407,0.01252606057907544,biweekly,weighted,,region_02
2023-10-14,2,XBB.1.5,0.018359203664634147,0.02716446722390244,0.011815153290243904,biweekly,weighted,0.0,region_02
2023-10-21,2,XBB.1.5,0.01627815759097561,0.024824408290426828,0.010124549790182928,biweekly,weighted,,region_02
2023-10-28,2,XBB.1.5,0.014197111517317073,0.02248434935695122,0.008433946290121952,biweekly,weighted,,region_02
2023-11-04,2,XBB.1.5,0.012116065443658538,0.02014429042347561,0.006743342790060976,biweekly,weighted,,region_02
2023-11-11,2,XBB.1.5,0.01003501937,0.01780423149,0.00505273929,biweekly,weighted,0.0,region_02
2023-01-21,2,XBB.1.5.1,0.009509583585,0.015718385345000002,0.00529367634,weekly,weighted,0.0,region_02
2023-01-28,2,XBB.1.5.1,0.01154827966625,0.01797545259125,0.00697060174,weekly,weighted,0.0,region_02
2023-02-04,2,XBB.1.5.1,0.01117446122125,0.01771232183125,0.00658159516875,weekly,weighted,0.0,region_02
2023-02-11,2,XBB.1.5.1,0.019410681244285712,0.03258076629428571,0.010555879878571428,weekly,weighted,0.0,region_02
2023-02-18,2,XBB.1.5.1,0.015208454336666668,0.025115425698333332,0.008479976714999999,weekly,weighted,0.0,region_02
2023-02-25,2,XBB.1.5.1,0.019548259468333332,0.031811891537777776,0.011099834666666666,weekly,weighted,,region_02
2023-03-04,2,XBB.1.5.1,0.023888064599999998,0.038508357377222226,0.013719692618333333,weekly,weighted,,region_02
2023-03-11,2,XBB.1.5.1,0.028227869731666664,0.04520482321666667,0.01633955057,weekly,weighted,0.0,region_02
2023-03-18,2,XBB.1.5.1,0.03275625594,0.051741611215,0.019289744085,weekly,weighted,0.0,region_02
2023-03-25,2,XBB.1.5.1,0.02197884815,0.0381175884975,0.011395474665,weekly,weighted,0.0,region_02
2023-04-01,2,XBB.1.5.1,0.02252793620969697,0.03759324000845454,0.012376464455818182,weekly,weighted,,region_02
2023-04-08,2,XBB.1.5.1,0.02307702426939394,0.03706889151940909,0.013357454246636364,weekly,weighted,,region_02
2023-04-15,2,XBB.1.5.1,0.02362611232909091,0.036544543030363634,0.014338444037454545,biweekly,weighted,0.0,region_02
2023-04-22,2,XBB.1.5.1,0.02225118509084175,0.03530710950851515,0.013065592962708754,biweekly,weighted,,region_02
2023-04-29,2,XBB.1.5.1,0.020876257852592593,0.034069675986666666,0.011792741887962963,biweekly,weighted,0.0,region_02
2023-05-06,2,XBB.1.5.1,0.019591508012423167,0.032309094687712765,0.010917222887993499,biweekly,weighted,,region_02
2023-05-13,2,XBB.1.5.1,0.018306758172253742,0.030548513388758865,0.010041703888024035,biweekly,weighted,,region_02
2023-05-20,2,XBB.1.5.1,0.017022008332084317,0.028787932089804964,0.00916618488805457,biweekly,weighted,,region_02
2023-05-27,2,XBB.1.5.1,0.01573725849191489,0.027027350790851064,0.008290665888085106,biweekly,weighted,0.0,region_02
2023-06-03,2,XBB.1.5.1,0.017684166744486855,0.029812824672680434,0.009562321631199416,biweekly,weighted,,region_02
2023-06-10,2,XBB.1.5.1,0.019631074997058823,0.032598298554509804,0.010833977374313726,biweekly,weighted,0.0,region_02
2023-08-19,2,XBB.1.5.10,0.0163280461,0.02680658735,0.00915790163,biweekly,weighted,0.0,region_02
2023-08-26,2,XBB.1.5.10,0.0138761913425,0.0228526249975,0.0077523786449999995,biweekly,weighted,,region_02
2023-09-02,2,XBB.1.5.10,0.011424336585,0.018898662645,0.006346855659999999,biweekly,weighted,,region_02
2023-09-09,2,XBB.1.5.10,0.0089724818275,0.014944700292500002,0.004941332675,biweekly,weighted,,region_02
2023-09-16,2,XBB.1.5.10,0.00652062707,0.01099073794,0.00353580969,biweekly,weighted,0.0,region_02
2023-07-22,2,XBB.1.5.70,0.024980404723333332,0.042565016693333325,0.013267136486666666,biweekly,weighted,0.0,region_02
2023-07-29,2,XBB.1.5.70,0.021245145562575757,0.03568023372484848,0.011567572074242423,biweekly,weighted,,region_02
2023-08-05,2,XBB.1.5.70,0.01750988640181818,0.02879545075636364,0.009868007661818182,biweekly,weighted,0.0,region_02
2023-08-12,2,XBB.1.5.70,0.019174480372648222,0.029874394036768774,0.011605607549496046,biweekly,weighted,,region_02
2023-08-19,2,XBB.1.5.70,0.020839074343478262,0.030953337317173913,0.013343207437173913,biweekly,weighted,0.0,region_02
2023-08-26,2,XBB.1.5.70,0.019880183127628022,0.028969027072364734,0.013048732447475845,biweekly,weighted,,region_02
2023-09-02,2,XBB.1.5.70,0.018921291911777778,0.026984716827555558,0.012754257457777777,biweekly,weighted,0.0,region_02
2023-09-09,2,XBB.1.5.70,0.0162587439462298,0.023292051468550505,0.010906714388434343,biweekly,weighted,,region_02
2023-09-16,2,XBB.1.5.70,0.013596195980681819,0.019599386109545456,0.00905917131909091,biweekly,weighted,0.0,region_02
2023-09-23,2,XBB.1.5.70,0.01452593932766649,0.021768067739889006,0.009223145431173363,biweekly,weighted,,region_02
2023-09-30,2,XBB.1.5.70,0.015455682674651161,0.023936749370232557,0.009387119543255815,biweekly,weighted,0.0,region_02
2023-10-07,2,XBB.1.5.70,0.014133145639825581,0.02336391966511628,0.007902592297877906,biweekly,weighted,,region_02
2023-10-14,2,XBB.1.5.70,0.012810608604999999,0.02279108996,0.0064180650525,biweekly,weighted,0.0,region_02
2023-10-21,2,XBB.1.5.70,0.014232239453125,0.02421328807475,0.007615838125,biweekly,weighted,,region_02
2023-10-28,2,XBB.1.5.70,0.01565387030125,0.0256354861895,0.0088136111975,biweekly,weighted,0.0,region_02
2023-08-05,2,XBB.1.5.72,0.019336513122826086,0.03257801205673913,0.010453773499565217,biweekly,weighted,0.0,region_02
2023-08-12,2,XBB.1.5.72,0.017372398414616977,0.029392617551270706,0.009341215886601967,biweekly,weighted,,region_02
2023-08-19,2,XBB.1.5.72,0.015408283706407868,0.026207223045802277,0.008228658273638716,biweekly,weighted,,region_02
2023-08-26,2,XBB.1.5.72,0.013444168998198757,0.02302182854033385,0.007116100660675466,biweekly,weighted,,region_02
2023-09-02,2,XBB.1.5.72,0.011480054289989649,0.019836434034865423,0.006003543047712215,biweekly,weighted,,region_02
2023-09-09,2,XBB.1.5.72,0.00951593958178054,0.016651039529396998,0.004890985434748965,biweekly,weighted,,region_02
2023-09-16,2,XBB.1.5.72,0.007551824873571428,0.013465645023928571,0.003778427821785714,biweekly,weighted,0.0,region_02
2023-09-23,2,XBB.1.5.72,0.0063367476077380944,0.01128318873125,0.003178140303273809,biweekly,weighted,,region_02
2023-09-30,2,XBB.1.5.72,0.0051216703419047615,0.009100732438571428,0.0025778527847619046,biweekly,weighted,0.0,region_02
2023-03-18,2,XBB.1.9.1,0.0208119619625,0.03539785277,0.0110986318925,weekly,weighted,0.0,region_02
2023-03-25,2,XBB.1.9.1,0.0492344461375,0.07798551023,0.02881629579,weekly,weighted,0.0,region_02
2023-04-01,2,XBB.1.9.1,0.05934356153,0.09038679550333334,0.036578362186666664,weekly,weighted,0.0,region_02
2023-04-08,2,XBB.1.9.1,0.065778810535,0.10506003350000001,0.038249812085,weekly,weighted,0.0,region_02
2023-04-15,2,XBB.1.9.1,0.05888366651818182,0.09543835534363637,0.03333263292218182,biweekly,weighted,0.0,region_02
2023-04-22,2,XBB.1.9.1,0.056553431101313126,0.08628322941468855,0.034935279127757575,biweekly,weighted,,region_02
2023-04-29,2,XBB.1.9.1,0.05422319568444444,0.07712810348574074,0.03653792533333333,biweekly,weighted,0.0,region_02
2023-05-06,2,XBB.1.9.1,0.0604574043424109,0.08264483976683262,0.042829353093176106,biweekly,weighted,,region_02
2023-05-13,2,XBB.1.9.1,0.06669161300037736,0.08816157604792452,0.049120780853018874,biweekly,weighted,0.0,region_02
2023-05-20,2,XBB.1.9.1,0.08627281103191944,0.10892427659453918,0.06709937381545175,biweekly,weighted,,region_02
2023-05-27,2,XBB.1.9.1,0.10585400906346153,0.12968697714115385,0.08507796677788462,biweekly,weighted,0.0,region_02
2023-06-03,2,XBB.1.9.1,0.0914670226332994,0.11488115338861614,0.07151802746796192,biweekly,weighted,,region_02
2023-06-10,2,XBB.1.9.1,0.07708003620313726,0.10007532963607843,0.05795808815803921,biweekly,weighted,0.0,region_02
2023-06-17,2,XBB.1.9.1,0.08257244157360945,0.11840178492538615,0.05521070931891757,biweekly,weighted,,region_02
2023-06-24,2,XBB.1.9.1,0.08806484694408163,0.13672824021469387,0.05246333047979592,biweekly,weighted,0.0,region_02
2023-07-01,2,XBB.1.9.1,0.07252432508571428,0.11447411007693878,0.04238617207295918,biweekly,weighted,,region_02
2023-07-08,2,XBB.1.9.1,0.05698380322734694,0.09221997993918367,0.032309013666122446,biweekly,weighted,0.0,region_02
2023-07-15,2,XBB.1.9.1,0.06386718556721513,0.0962967021868835,0.04000842265420706,biweekly,weighted,,region_02
2023-07-22,2,XBB.1.9.1,0.07075056790708333,0.10037342443458334,0.04770783164229167,biweekly,weighted,0.0,region_02
2023-07-29,2,XBB.1.9.1,0.06512908102662678,0.0895631794458023,0.045744661656464985,biweekly,weighted,,region_02
2023-08-05,2,XBB.1.9.1,0.05950759414617022,0.07875293445702128,0.043781491670638294,biweekly,weighted,0.0,region_02
2023-08-12,2,XBB.1.9.1,0.050142656997640665,0.07404917280884397,0.03269383361509692,biweekly,weighted,,region_02
2023-08-19,2,XBB.1.9.1,0.04077771984911111,0.06934541116066667,0.021606175559555556,biweekly,weighted,0.0,region_02
2023-08-26,2,XBB.1.9.1,0.031113056549,0.04964064868755556,0.01822948818977778,biweekly,weighted,,region_02
2023-09-02,2,XBB.1.9.1,0.02144839324888889,0.029935886214444443,0.014852800820000001,biweekly,weighted,0.0,region_02
2023-09-09,2,XBB.1.9.1,0.01672859378955808,0.02368936559574495,0.011385580165681818,biweekly,weighted,,region_02
2023-09-16,2,XBB.1.9.1,0.012008794330227272,0.017442844977045454,0.007918359511363637,biweekly,weighted,0.0,region_02
2023-09-23,2,XBB.1.9.1,0.011186966932064855,0.01738475918913248,0.006800379504218404,biweekly,weighted,,region_02
2023-09-30,2,XBB.1.9.1,0.010365139533902439,0.01732667340121951,0.00568239949707317,biweekly,weighted,0.0,region_02
2023-10-07,2,XBB.1.9.1,0.011774039293414635,0.01965826272719512,0.006463742440487805,biweekly,weighted,,region_02
2023-10-14,2,XBB.1.9.1,0.01318293905292683,0.021989852053170732,0.007245085383902439,biweekly,weighted,0.0,region_02
2023-10-21,2,XBB.1.9.1,0.013740714381200256,0.023580609262111682,0.007257990329845957,biweekly,weighted,,region_02
2023-10-28,2,XBB.1.9.1,0.014298489709473684,0.02517136647105263,0.007270895275789474,biweekly,weighted,0.0,region_02
2023-11-04,2,XBB.1.9.1,0.013862981019605262,0.023839086245000002,0.007298668951052632,biweekly,weighted,,region_02
2023-11-11,2,XBB.1.9.1,0.013427472329736841,0.02250680601894737,0.007326442626315789,biweekly,weighted,0.0,region_02
2023-11-18,2,XBB.1.9.1,0.014094038996625178,0.023048086029338548,0.007958930403157895,biweekly,weighted,,region_02
2023-11-25,2,XBB.1.9.1,0.014760605663513515,0.02358936603972973,0.008591418180000001,biweekly,weighted,0.0,region_02
2023-12-02,2,XBB.1.9.1,0.01224535329022898,0.019498715048614865,0.0071657370036111116,biweekly,weighted,,region_02
2023-12-09,2,XBB.1.9.1,0.009730100916944444,0.0154080640575,0.005740055827222222,biweekly,weighted,0.0,region_02
2023-03-25,2,XBB.1.9.2,0.0199828753225,0.0343380328275,0.0105014280425,weekly,weighted,0.0,region_02
2023-04-01,2,XBB.1.9.2,0.018330750189545456,0.03154463413572727,0.009618074354454546,weekly,weighted,,region_02
2023-04-08,2,XBB.1.9.2,0.016678625056590908,0.028751235443954543,0.00873472066640909,weekly,weighted,,region_02
2023-04-15,2,XBB.1.9.2,0.015026499923636362,0.02595783675218182,0.007851366978363637,biweekly,weighted,0.0,region_02
2023-04-22,2,XBB.1.9.2,0.020392024075151515,0.03488805425266498,0.010786127613348486,biweekly,weighted,,region_02
2023-04-29,2,XBB.1.9.2,0.025757548226666666,0.04381827175314815,0.013720888248333334,biweekly,weighted,0.0,region_02
2023-05-06,2,XBB.1.9.2,0.030712541185314468,0.05029442362468728,0.017252619215393082,biweekly,weighted,,region_02
2023-05-13,2,XBB.1.9.2,0.035667534143962266,0.05677057549622641,0.02078435018245283,biweekly,weighted,0.0,region_02
2023-05-20,2,XBB.1.9.2,0.034468559340250365,0.05619100777407475,0.019470134194014877,biweekly,weighted,,region_02
2023-05-27,2,XBB.1.9.2,0.03326958453653846,0.05561144005192308,0.018155918205576924,biweekly,weighted,0.0,region_02
2023-06-03,2,XBB.1.9.2,0.0373138667721908,0.05721976241821644,0.02302448995053356,biweekly,weighted,,region_02
2023-06-10,2,XBB.1.9.2,0.04135814900784314,0.05882808478450981,0.027893061695490197,biweekly,weighted,0.0,region_02
2023-06-17,2,XBB.1.9.2,0.036968105830227596,0.05427877355177521,0.024071441163165265,biweekly,weighted,,region_02
2023-06-24,2,XBB.1.9.2,0.032578062652612046,0.049729462319040615,0.020249820630840337,biweekly,weighted,,region_02
2023-07-01,2,XBB.1.9.2,0.0281880194749965,0.04518015108630603,0.016428200098515408,biweekly,weighted,,region_02
2023-07-08,2,XBB.1.9.2,0.02379797629738095,0.04063083985357143,0.012606579566190476,biweekly,weighted,0.0,region_02
2023-07-15,2,XBB.1.9.2,0.028274840837520264,0.047667484497636775,0.015236708619797366,biweekly,weighted,,region_02
2023-07-22,2,XBB.1.9.2,0.032751705377659576,0.054704129141702126,0.017866837673404256,biweekly,weighted,0.0,region_02
2023-07-29,2,XBB.1.9.2,0.028560068892938537,0.04773478079275177,0.015570630400762807,biweekly,weighted,,region_02
2023-08-05,2,XBB.1.9.2,0.024368432408217497,0.040765432443801417,0.013274423128121356,biweekly,weighted,,region_02
2023-08-12,2,XBB.1.9.2,0.020176795923496454,0.03379608409485106,0.010978215855479905,biweekly,weighted,,region_02
2023-08-19,2,XBB.1.9.2,0.015985159438775414,0.026826735745900707,0.008682008582838456,biweekly,weighted,,region_02
2023-08-26,2,XBB.1.9.2,0.011793522954054374,0.01985738739695035,0.006385801310197006,biweekly,weighted,,region_02
2023-09-02,2,XBB.1.9.2,0.007601886469333334,0.012888039048,0.004089594037555556,biweekly,weighted,0.0,region_02
2023-09-09,2,XBB.1.9.2,0.007035191085916667,0.01180572973525,0.003839418353152778,biweekly,weighted,,region_02
2023-09-16,2,XBB.1.9.2,0.0064684957024999995,0.0107234204225,0.00358924266875,biweekly,weighted,0.0,region_02
2023-04-15,2,XBB.2.3,0.023103535310363636,0.037483279610181816,0.013153391585090908,biweekly,weighted,0.0,region_02
2023-04-22,2,XBB.2.3,0.02411283335203367,0.040181078939442755,0.013231084115415823,biweekly,weighted,,region_02
2023-04-29,2,XBB.2.3,0.025122131393703704,0.0428788782687037,0.01330877664574074,biweekly,weighted,0.0,region_02
2023-05-06,2,XBB.2.3,0.02519317979753813,0.042830800720626366,0.013422395272772331,biweekly,weighted,,region_02
2023-05-13,2,XBB.2.3,0.02526422820137255,0.042782723172549025,0.013536013899803922,biweekly,weighted,0.0,region_02
2023-05-20,2,XBB.2.3,0.044605193377801666,0.06361776252896681,0.03035821390634427,biweekly,weighted,,region_02
2023-05-27,2,XBB.2.3,0.06394615855423078,0.0844528018853846,0.04718041391288462,biweekly,weighted,0.0,region_02
2023-06-03,2,XBB.2.3,0.07385319163760559,0.09645147393798642,0.05516580755506976,biweekly,weighted,,region_02
2023-06-10,2,XBB.2.3,0.0837602247209804,0.10845014599058825,0.0631512011972549,biweekly,weighted,0.0,region_02
2023-06-17,2,XBB.2.3,0.0756536668864902,0.10153250730099411,0.05472651207882745,biweekly,weighted,,region_02
2023-06-24,2,XBB.2.3,0.067547109052,0.09461486861139999,0.0463018229604,biweekly,weighted,0.0,region_02
2023-07-01,2,XBB.2.3,0.08060545116885715,0.1166636180744755,0.05288872468887347,biweekly,weighted,,region_02
2023-07-08,2,XBB.2.3,0.0936637932857143,0.138712367537551,0.05947562641734694,biweekly,weighted,0.0,region_02
2023-07-15,2,XBB.2.3,0.09583766738837798,0.1388950485412755,0.06263505594159013,biweekly,weighted,,region_02
2023-07-22,2,XBB.2.3,0.09801154149104167,0.139077729545,0.06579448546583333,biweekly,weighted,0.0,region_02
2023-07-29,2,XBB.2.3,0.09540180446498892,0.1276812241213298,0.06924027804068263,biweekly,weighted,,region_02
2023-08-05,2,XBB.2.3,0.09279206743893617,0.11628471869765958,0.07268607061553192,biweekly,weighted,0.0,region_02
2023-08-12,2,XBB.2.3,0.08249159955218548,0.10475815834709065,0.06366473693374422,biweekly,weighted,,region_02
2023-08-19,2,XBB.2.3,0.07219113166543478,0.09323159799652174,0.05464340325195652,biweekly,weighted,0.0,region_02
2023-08-26,2,XBB.2.3,0.07024707142692194,0.08776311521155633,0.055342888215978256,biweekly,weighted,,region_02
2023-09-02,2,XBB.2.3,0.06830301118840909,0.08229463242659091,0.05604237318,biweekly,weighted,0.0,region_02
2023-09-09,2,XBB.2.3,0.059446818957045455,0.07248373782625,0.04814629565727273,biweekly,weighted,,region_02
2023-09-16,2,XBB.2.3,0.05059062672568182,0.06267284322590909,0.040250218134545455,biweekly,weighted,0.0,region_02
2023-09-23,2,XBB.2.3,0.04611521634563161,0.06115496642679176,0.03404432545273785,biweekly,weighted,,region_02
2023-09-30,2,XBB.2.3,0.041639805965581395,0.059637089627674424,0.027838432770930233,biweekly,weighted,0.0,region_02
2023-10-07,2,XBB.2.3,0.035568059235351675,0.04959788570017867,0.024622678788513895,biweekly,weighted,,region_02
2023-10-14,2,XBB.2.3,0.02949631250512195,0.03955868177268292,0.02140692480609756,biweekly,weighted,0.0,region_02
2023-10-21,2,XBB.2.3,0.03197619388406098,0.04383689529359146,0.02260168189529878,biweekly,weighted,,region_02
2023-10-28,2,XBB.2.3,0.034456075263,0.0481151088145,0.023796438984500002,biweekly,weighted,0.0,region_02
2023-11-04,2,XBB.2.3,0.027203568206631577,0.03926001185975,0.018076353392907897,biweekly,weighted,,region_02
2023-11-11,2,XBB.2.3,0.019951061150263155,0.030404914904999997,0.01235626780131579,biweekly,weighted,0.0,region_02
2023-11-18,2,XBB.2.3,0.01908953274202813,0.031140387489913792,0.010851126826692379,biweekly,weighted,,region_02
2023-11-25,2,XBB.2.3,0.018228004333793103,0.03187586007482759,0.009345985852068967,biweekly,weighted,0.0,region_02
2023-12-02,2,XBB.2.3,0.01511003643867816,0.02645206864676884,0.007738476440718392,biweekly,weighted,,region_02
2023-12-09,2,XBB.2.3,0.011992068543563219,0.02102827721871009,0.0061309670293678165,biweekly,weighted,,region_02
2023-12-16,2,XBB.2.3,0.008874100648448277,0.01560448579065134,0.004523457618017241,biweekly,weighted,,region_02
2023-12-23,2,XBB.2.3,0.005756132753333333,0.010180694362592592,0.0029159482066666667,biweekly,weighted,0.0,region_02
2024-09-14,2,XEC,0.02004354225875,0.030899494886875,0.012226989085,biweekly,weighted,0.0,region_02
2024-09-21,2,XEC,0.03325263832330357,0.04823214747022321,0.02194750561357143,biweekly,weighted,,region_02
2024-09-28,2,XEC,0.04646173438785715,0.06556480005357143,0.03166802214214286,biweekly,weighted,0.0,region_02
2024-10-05,2,XEC,0.05786208509623626,0.08294865646601648,0.0385584148553022,biweekly,weighted,,region_02
2024-10-12,2,XEC,0.06926243580461539,0.10033251287846154,0.04544880756846154,biweekly,weighted,0.0,region_02
2024-10-19,2,XEC,0.1095322183128077,0.15888656498173076,0.07108303678073077,biweekly,weighted,,region_02
2024-10-26,2,XEC,0.149802000821,0.217440617085,0.096717265993,biweekly,weighted,0.0,region_02
2024-11-02,2,XEC,0.18054756054913637,0.24524276825477273,0.12732136815059092,biweekly,weighted,,region_02
2024-11-09,2,XEC,0.21129312027727273,0.27304491942454545,0.15792547030818183,biweekly,weighted,0.0,region_02
2024-11-16,2,XEC,0.22340961376363638,0.31987028591477273,0.14556906428742425,biweekly,weighted,,region_02
2024-11-23,2,XEC,0.23552610725,0.366695652405,0.13321265826666667,biweekly,weighted,0.0,region_02
2024-11-30,2,XEC,0.26747070377,0.3697231031125,0.18308343448666667,biweekly,weighted,,region_02
2024-12-07,2,XEC,0.29941530028999996,0.37275055382,0.23295421070666666,biweekly,weighted,0.0,region_02
2024-12-14,2,XEC,0.30627138850625,0.404531802775,0.22000204264833334,biweekly,weighted,,region_02
2024-12-21,2,XEC,0.3131274767225,0.43631305173,0.20704987459000002,biweekly,weighted,0.0,region_02
2024-12-28,2,XEC,0.357052382081875,0.4514900259675,0.27245632279687504,biweekly,weighted,,region_02
2025-01-04,2,XEC,0.40097728744125,0.466667000205,0.33786277100375,biweekly,weighted,0.0,region_02
2025-01-11,2,XEC,0.39109502753451386,0.4889506600386111,0.300209902846875,biweekly,weighted,,region_02
2025-01-18,2,XEC,0.3812127676277778,0.5112343198722222,0.26255703469,biweekly,weighted,0.0,region_02
2025-01-25,2,XEC,0.36342128573201393,0.4552303678879861,0.278813449355,biweekly,weighted,,region_02
2025-02-01,2,XEC,0.34562980383625,0.39922641590375,0.29506986402,biweekly,weighted,0.0,region_02
2025-02-08,2,XEC,0.331956848500625,0.43234701268562503,0.24438123125625,biweekly,weighted,,region_02
2025-02-15,2,XEC,0.318283893165,0.4654676094675,0.19369259849249998,biweekly,weighted,0.0,region_02
2025-02-22,2,XEC,0.29991599544750003,0.41724408542208336,0.19929292860124997,biweekly,weighted,,region_02
2025-03-01,2,XEC,0.28154809773,0.36902056137666667,0.20489325871,biweekly,weighted,0.0,region_02
2025-03-08,2,XEC,0.19726819545000002,0.28108664353833335,0.1313388894,biweekly,weighted,,region_02
2025-03-15,2,XEC,0.11298829317,0.1931527257,0.05778452009,biweekly,weighted,0.0,region_02
2025-08-30,2,XFC,0.03960395977,0.06485597789,0.0235725157,4_week,empiric,0.0,region_02
2025-06-07,2,XFG,0.1677018702,0.23643966019,0.11526805162,4_week,empiric,0.0,region_02
2025-06-14,2,XFG,0.18846772424625,0.259270947425,0.133037630465,4_week,empiric,,region_02
2025-06-21,2,XFG,0.2092335782925,0.28210223466,0.15080720931000002,4_week,empiric,,region_02
2025-06-28,2,XFG,0.22999943233875,0.304933521895,0.16857678815500002,4_week,empiric,,region_02
2025-07-05,2,XFG,0.250765286385,0.32776480913,0.186346367,4_week,empiric,0.0,region_02
2025-07-12,2,XFG,0.3402016256,0.414846777915,0.2739188484825,4_week,empiric,,region_02
2025-07-19,2,XFG,0.42963796481500005,0.5019287467,0.361491329965,4_week,empiric,,region_02
2025-07-26,2,XFG,0.51907430403,0.5890107154850001,0.44906381144749996,4_week,empiric,,region_02
2025-08-02,2,XFG,0.608510643245,0.67609268427,0.5366362929299999,4_week,empiric,0.0,region_02
2025-08-09,2,XFG,0.61928972353625,0.6815671920791667,0.5530486305516666,4_week,empiric,,region_02
2025-08-16,2,XFG,0.6300688038275,0.6870416998883333,0.5694609681733334,4_week,empiric,,region_02
2025-08-23,2,XFG,0.64084788411875,0.6925162076975,0.585873305795,4_week,empiric,,region_02
2025-08-30,2,XFG,0.65162696441,0.6979907155066667,0.6022856434166667,4_week,empiric,0.0,region_02
2025-09-06,2,XFG,0.6591327190408334,0.7083859046325001,0.6061490327108333,4_week,empiric,,region_02
2025-09-13,2,XFG,0.6666384736716666,0.7187810937583334,0.610012422005,4_week,empiric,,region_02
2025-09-20,2,XFG,0.6741442283024999,0.7291762828841667,0.6138758112991667,4_week,empiric,,region_02
2025-09-27,2,XFG,0.6816499829333332,0.7395714720100001,0.6177392005933333,4_week,empiric,0.0,region_02
2025-09-27,2,XFG.14.1,0.057500955959999996,0.09730257590666667,0.03275828560333333,4_week,empiric,0.0,region_02
2021-07-03,3,AY.3,0.07669171691,0.1447211355,0.03917625919,weekly,weighted,0.0,region_03
2021-07-10,3,AY.3,0.07771794498,0.11602280289,0.05132514983,weekly,weighted,0.0,region_03
2021-07-17,3,AY.3,0.12993629277,0.21723814309,0.07438459247,weekly,weighted,0.0,region_03
2021-07-24,3,AY.3,0.09299459308,0.18537275493,0.04415658489,weekly,weighted,0.0,region_03
2021-01-30,3,B.1,0.053624355421000004,0.068901866302,0.042454668693000006,biweekly,weighted,0.0,region_03
2021-02-06,3,B.1,0.04530227230850001,0.06306454371600001,0.0333653455605,biweekly,weighted,,region_03
2021-02-13,3,B.1,0.036980189196000005,0.057227221130000006,0.024276022427999998,biweekly,weighted,0.0,region_03
2021-02-20,3,B.1,0.0400622668665,0.079799344762,0.020938320971,biweekly,weighted,,region_03
2021-02-27,3,B.1,0.043144344537,0.10237146839399999,0.017600619514,biweekly,weighted,0.0,region_03
2021-01-30,3,B.1.1,0.02499752678,0.04632294178,0.01335211471,biweekly,weighted,0.0,region_03
2021-02-06,3,B.1.1,0.02113395557,0.041493935509999996,0.01070065657,biweekly,weighted,,region_03
2021-02-13,3,B.1.1,0.01727038436,0.03666492924,0.00804919843,biweekly,weighted,0.0,region_03
2021-02-20,3,B.1.1,0.024709169754999996,0.06170737557,0.00976529764,biweekly,weighted,,region_03
2021-02-27,3,B.1.1,0.03214795515,0.0867498219,0.01148139685,biweekly,weighted,0.0,region_03
2021-02-13,3,B.1.1.519,0.014417640037777778,0.027490318856666668,0.0075359277222222226,biweekly,weighted,0.0,region_03
2021-02-20,3,B.1.1.519,0.014535145161666667,0.03153228190611111,0.0067529821927777775,biweekly,weighted,,region_03
2021-02-27,3,B.1.1.519,0.014652650285555556,0.035574244955555556,0.005970036663333333,biweekly,weighted,0.0,region_03
2021-12-11,3,B.1.1.529,0.029169064513098593,0.044697525530422534,0.01791055647422535,weekly,weighted,0.0,region_03
2021-12-18,3,B.1.1.529,0.2298140600327143,0.2871413841842857,0.17889083325885713,weekly,weighted,0.0,region_03
2021-12-25,3,B.1.1.529,0.49656994792014497,0.5665714701875363,0.42591384010072464,weekly,weighted,0.0,region_03
2022-01-01,3,B.1.1.529,0.6329127116241177,0.6808374642447059,0.5807411434017647,weekly,weighted,0.0,region_03
2022-01-08,3,B.1.1.529,0.6538554308081818,0.6762305132365152,0.6301336577443939,weekly,weighted,0.0,region_03
2022-01-15,3,B.1.1.529,0.6455411466201493,0.6658544291307462,0.624150913152985,weekly,weighted,0.0,region_03
2022-01-22,3,B.1.1.529,0.6185369568345455,0.633800449244697,0.6025482948978788,weekly,weighted,0.0,region_03
2022-01-29,3,B.1.1.529,0.5984908489076923,0.6138146735150769,0.5832614779472307,weekly,weighted,0.0,region_03
2022-02-05,3,B.1.1.529,0.579671375453125,0.5963034150195312,0.563102123793125,weekly,weighted,0.0,region_03
2022-02-12,3,B.1.1.529,0.5426243046919048,0.5601416570792064,0.525583917895873,weekly,weighted,0.0,region_03
2022-02-19,3,B.1.1.529,0.5168718049122581,0.5327295115396774,0.5011938431808065,weekly,weighted,0.0,region_03
2022-02-26,3,B.1.1.529,0.48895703036262295,0.5091707203236066,0.46669697053065573,weekly,weighted,0.0,region_03
2022-03-05,3,B.1.1.529,0.4488050791125,0.48074344048883333,0.41602860366316663,weekly,weighted,0.0,region_03
2022-03-12,3,B.1.1.529,0.36541493060237284,0.39915743356525424,0.3311361817608474,weekly,weighted,0.0,region_03
2022-03-19,3,B.1.1.529,0.2690161882798276,0.30013680072706894,0.2394987498886207,weekly,weighted,0.0,region_03
2022-03-26,3,B.1.1.529,0.17403053191666668,0.20711488028350877,0.1436951632952632,weekly,weighted,0.0,region_03
2022-04-02,3,B.1.1.529,0.08949419801160714,0.11410425503660715,0.06901875738660715,weekly,weighted,0.0,region_03
2022-04-09,3,B.1.1.529,0.04261735540388889,0.05179633693407407,0.03501277391888889,weekly,weighted,0.0,region_03
2022-04-16,3,B.1.1.529,0.043457500636,0.0667063970115,0.026567303297,weekly,weighted,0.0,region_03
2022-04-23,3,B.1.1.529,0.02934145986263158,0.04495891242368421,0.018025638634210524,weekly,weighted,0.0,region_03
2022-04-30,3,B.1.1.529,0.017395415704172933,0.027059645752199248,0.010500277317105263,weekly,weighted,,region_03
2022-05-07,3,B.1.1.529,0.005449371545714286,0.009160379080714284,0.002974916,weekly,weighted,0.0,region_03
2022-05-14,3,B.1.1.529,0.01212588325,0.01893843524,0.00728184311,weekly,weighted,0.0,region_03
2021-01-30,3,B.1.1.7,0.009410924092,0.028296565266000002,0.003095605458,biweekly,weighted,0.0,region_03
2021-02-06,3,B.1.1.7,0.014917306276416669,0.04344159004716667,0.00503644171025,biweekly,weighted,,region_03
2021-02-13,3,B.1.1.7,0.020423688460833336,0.058586614828333335,0.0069772779625,biweekly,weighted,0.0,region_03
2021-02-20,3,B.1.1.7,0.05947207092916666,0.12521017777416668,0.027459588910416666,biweekly,weighted,,region_03
2021-02-27,3,B.1.1.7,0.0985204533975,0.19183374072,0.04794189985833333,biweekly,weighted,0.0,region_03
2021-03-06,3,B.1.1.7,0.1867739968,0.2751526087525,0.12199931964249999,weekly,weighted,0.0,region_03
2021-03-13,3,B.1.1.7,0.2373308464875,0.2683597430575,0.2090002745425,weekly,weighted,0.0,region_03
2021-03-20,3,B.1.1.7,0.3549600541625,0.440982051195,0.2771960645925,weekly,weighted,0.0,region_03
2021-03-27,3,B.1.1.7,0.5010910034175,0.54891616106,0.4530378058575,weekly,weighted,0.0,region_03
2021-04-03,3,B.1.1.7,0.564716786145,0.6091790795300001,0.518995203075,weekly,weighted,0.0,region_03
2021-04-10,3,B.1.1.7,0.6430194228875,0.68466772139,0.597330868245,weekly,weighted,0.0,region_03
2021-04-17,3,B.1.1.7,0.638401821255,0.66604229808,0.6093461513525,weekly,weighted,0.0,region_03
2021-04-24,3,B.1.1.7,0.6449145823725,0.684942901135,0.6019815951574999,weekly,weighted,0.0,region_03
2021-05-01,3,B.1.1.7,0.710825935005,0.7771526426074999,0.632647797465,weekly,weighted,0.0,region_03
2021-05-08,3,B.1.1.7,0.6916917065783333,0.7309723297733334,0.64979687333,weekly,weighted,0.0,region_03
2021-05-15,3,B.1.1.7,0.7277125451288888,0.7645686070122222,0.6873933540444445,weekly,weighted,0.0,region_03
2021-05-22,3,B.1.1.7,0.7300455371544445,0.7704858183866666,0.6859593987466667,weekly,weighted,0.0,region_03
2021-05-29,3,B.1.1.7,0.70606300566,0.74868919452,0.65973515643,weekly,weighted,0.0,region_03
2021-06-05,3,B.1.1.7,0.6420743664111112,0.7093250023000001,0.5689852237699999,weekly,weighted,0.0,region_03
2021-06-12,3,B.1.1.7,0.6097357471777778,0.6962935858299999,0.5158824490166667,weekly,weighted,0.0,region_03
2021-06-19,3,B.1.1.7,0.5560087429166667,0.6408844060377779,0.4677441252588889,weekly,weighted,0.0,region_03
2021-06-26,3,B.1.1.7,0.40491861701199994,0.5602498888959999,0.266601675748,weekly,weighted,0.0,region_03
2021-07-03,3,B.1.1.7,0.21081482205000002,0.2872417072444444,0.14990049104,weekly,weighted,0.0,region_03
2021-07-10,3,B.1.1.7,0.1495498319477778,0.22939546406222222,0.09192580647,weekly,weighted,0.0,region_03
2021-07-17,3,B.1.1.7,0.05513986945,0.14910974477833333,0.019437476994999998,weekly,weighted,0.0,region_03
2021-07-24,3,B.1.1.7,0.02765058457,0.04786150240444444,0.015472370717777776,weekly,weighted,0.0,region_03
2021-01-30,3,B.1.2,0.40356775745875,0.49191779270625,0.32096252217875,biweekly,weighted,0.0,region_03
2021-02-06,3,B.1.2,0.41183200851125,0.5001277606925001,0.328725771978125,biweekly,weighted,,region_03
2021-02-13,3,B.1.2,0.42009625956374996,0.50833772867875,0.3364890217775,biweekly,weighted,0.0,region_03
2021-02-20,3,B.1.2,0.365780455990625,0.463773466646875,0.2786606838925,biweekly,weighted,,region_03
2021-02-27,3,B.1.2,0.3114646524175,0.419209204615,0.2208323460075,biweekly,weighted,0.0,region_03
2021-02-27,3,B.1.351,0.017838128688333333,0.05863898371666667,0.005268398401666667,biweekly,weighted,0.0,region_03
2021-03-06,3,B.1.351,0.01166117843,0.0485166721,0.00272269687,weekly,weighted,0.0,region_03
2021-03-13,3,B.1.351,0.01851701038,0.058196092025,0.0057288924,weekly,weighted,0.0,region_03
2021-03-20,3,B.1.351,0.014972244155,0.0453431271,0.0048407998375,weekly,weighted,0.0,region_03
2021-03-27,3,B.1.351,0.017887364604999997,0.04902418703,0.0063946351875,weekly,weighted,0.0,region_03
2021-04-03,3,B.1.351,0.011585533155,0.0258141513925,0.0051654098775,weekly,weighted,0.0,region_03
2021-04-10,3,B.1.351,0.016066517215,0.039484162815,0.0064459471050000005,weekly,weighted,0.0,region_03
2021-04-17,3,B.1.351,0.011519301685,0.0158902895625,0.0083676980575,weekly,weighted,0.0,region_03
2021-04-24,3,B.1.351,0.008287954375,0.036445003005000004,0.001846402275,weekly,weighted,0.0,region_03
2021-05-01,3,B.1.351,0.008733951955,0.01675027376,0.00453699706,weekly,weighted,0.0,region_03
2021-05-08,3,B.1.351,0.0085741414225,0.0346437748525,0.00208255899,weekly,weighted,0.0,region_03
2021-01-30,3,B.1.427,0.010317120301428572,0.01733650094142857,0.0062401946628571426,biweekly,weighted,0.0,region_03
2021-02-06,3,B.1.427,0.013821407137380953,0.048144222303630954,0.005016562801011905,biweekly,weighted,,region_03
2021-02-13,3,B.1.427,0.017325693973333334,0.07895194366583334,0.0037929309391666667,biweekly,weighted,0.0,region_03
2021-02-20,3,B.1.427,0.022849046818333336,0.09037908911666667,0.005669505258333333,biweekly,weighted,,region_03
2021-02-27,3,B.1.427,0.028372399663333336,0.1018062345675,0.0075460795775,biweekly,weighted,0.0,region_03
2021-03-06,3,B.1.427,0.03464293107,0.11596337706,0.00972209405,weekly,weighted,0.0,region_03
2021-03-13,3,B.1.427,0.01263805851,0.05311287567,0.00291232415,weekly,weighted,0.0,region_03
2021-03-20,3,B.1.427,0.01899956912,0.06927607954,0.00501422212,weekly,weighted,0.0,region_03
2021-03-27,3,B.1.427,0.00722084334,0.01601743698,0.00323933456,weekly,weighted,0.0,region_03
2021-04-03,3,B.1.427,0.00802924018,0.01463195309,0.00439273845,weekly,weighted,0.0,region_03
2021-04-10,3,B.1.427,0.00385881378,0.01338947099,0.00110450643,weekly,weighted,0.0,region_03
2021-01-30,3,B.1.429,0.019708648478333333,0.035381146085833336,0.010937259455833334,biweekly,weighted,0.0,region_03
2021-02-06,3,B.1.429,0.026255655023749998,0.06051188195125,0.011625781927083332,biweekly,weighted,,region_03
2021-02-13,3,B.1.429,0.03280266156916666,0.08564261781666667,0.012314304398333331,biweekly,weighted,0.0,region_03
2021-02-20,3,B.1.429,0.03473967794875,0.06783690722624999,0.019563347411666664,biweekly,weighted,,region_03
2021-02-27,3,B.1.429,0.036676694328333335,0.05003119663583333,0.026812390425,biweekly,weighted,0.0,region_03
2021-03-06,3,B.1.429,0.04049992561,0.05443197861,0.03002061509,weekly,weighted,0.0,region_03
2021-03-13,3,B.1.429,0.03340930119,0.06681785733,0.01641107537,weekly,weighted,0.0,region_03
2021-03-20,3,B.1.429,0.02929282747,0.0513006039,0.01656149328,weekly,weighted,0.0,region_03
2021-03-27,3,B.1.429,0.02533983998,0.04753329977,0.01336319931,weekly,weighted,0.0,region_03
2021-04-03,3,B.1.429,0.02038747445,0.0381930694,0.01078972034,weekly,weighted,0.0,region_03
2021-04-10,3,B.1.429,0.0136964703,0.01679812744,0.01116101164,weekly,weighted,0.0,region_03
2021-04-17,3,B.1.429,0.00767535716,0.02051160112,0.00284872437,weekly,weighted,0.0,region_03
2021-04-24,3,B.1.429,0.00548230251,0.01031760871,0.00290638837,weekly,weighted,0.0,region_03
2021-02-13,3,B.1.525,0.00331558264,0.00598905981,0.001833327,biweekly,weighted,0.0,region_03
2021-02-20,3,B.1.525,0.003564335525,0.00947260391,0.00147412921,biweekly,weighted,,region_03
2021-02-27,3,B.1.525,0.00381308841,0.01295614801,0.00111493142,biweekly,weighted,0.0,region_03
2021-03-06,3,B.1.525,0.009608675413333335,0.026106993356666667,0.00349976495,weekly,weighted,0.0,region_03
2021-03-13,3,B.1.525,0.018874225516666666,0.026133108263333333,0.013605569490000002,weekly,weighted,0.0,region_03
2021-03-20,3,B.1.525,0.01809674377,0.03210384833333333,0.010140509346666667,weekly,weighted,0.0,region_03
2021-03-27,3,B.1.525,0.01620226043,0.02644348889666667,0.009887442616666667,weekly,weighted,0.0,region_03
2021-04-03,3,B.1.525,0.014365484626666666,0.026983013996666666,0.0076022691399999995,weekly,weighted,0.0,region_03
2021-04-10,3,B.1.525,0.01483690925,0.024210097269999998,0.009061203339999999,weekly,weighted,0.0,region_03
2021-04-17,3,B.1.525,0.007764674566666667,0.021898490686666664,0.0027280387800000003,weekly,weighted,0.0,region_03
2021-04-24,3,B.1.525,0.008731607346666666,0.012996108579999999,0.0058595775633333335,weekly,weighted,0.0,region_03
2021-05-01,3,B.1.525,0.007521363283333333,0.018186594053333335,0.0030912004866666663,weekly,weighted,0.0,region_03
2021-05-08,3,B.1.525,0.009717701313333334,0.02292379737,0.004087962676666667,weekly,weighted,0.0,region_03
2021-01-30,3,B.1.526,0.00860424526,0.02737072669,0.0026695102,biweekly,weighted,0.0,region_03
2021-02-06,3,B.1.526,0.01343732595,0.030927767202083335,0.006206732437916666,biweekly,weighted,,region_03
2021-02-13,3,B.1.526,0.01827040664,0.03448480771416667,0.009743954675833333,biweekly,weighted,0.0,region_03
2021-02-20,3,B.1.526,0.03211694889875,0.09173300319125,0.011634081777083333,biweekly,weighted,,region_03
2021-02-27,3,B.1.526,0.0459634911575,0.14898119866833334,0.013524208878333333,biweekly,weighted,0.0,region_03
2021-03-06,3,B.1.526,0.07606134563666667,0.21666184067666663,0.02420189666,weekly,weighted,0.0,region_03
2021-03-13,3,B.1.526,0.12860804796333333,0.22640888889666666,0.06930606439333332,weekly,weighted,0.0,region_03
2021-03-20,3,B.1.526,0.14353096237,0.26219712197666667,0.07394013429333333,weekly,weighted,0.0,region_03
2021-03-27,3,B.1.526,0.15574062864000002,0.25269322594,0.09183400372666667,weekly,weighted,0.0,region_03
2021-04-03,3,B.1.526,0.15398510297333334,0.22852483392,0.10150174548,weekly,weighted,0.0,region_03
2021-04-10,3,B.1.526,0.14915395031333334,0.25643230975,0.08397480969666667,weekly,weighted,0.0,region_03
2021-04-17,3,B.1.526,0.15788414080666666,0.2626777688633333,0.09181049466333334,weekly,weighted,0.0,region_03
2021-04-24,3,B.1.526,0.16088017821,0.24171674251666664,0.10464214285333334,weekly,weighted,0.0,region_03
2021-05-01,3,B.1.526,0.14681810389000002,0.24039386709666666,0.08581683908666667,weekly,weighted,0.0,region_03
2021-05-08,3,B.1.526,0.15832058092,0.24215534826,0.09998318056,weekly,weighted,0.0,region_03
2021-05-15,3,B.1.526,0.12442008257,0.22262352407199998,0.068180920184,weekly,weighted,0.0,region_03
2021-05-22,3,B.1.526,0.100851340592,0.172196599842,0.056791049988,weekly,weighted,0.0,region_03
2021-05-29,3,B.1.526,0.11266320943800001,0.21040048599199998,0.05721479319,weekly,weighted,0.0,region_03
2021-06-05,3,B.1.526,0.116328272224,0.187626859548,0.069643169642,weekly,weighted,0.0,region_03
2021-06-12,3,B.1.526,0.10692435055800001,0.147144487498,0.076207964122,weekly,weighted,0.0,region_03
2021-06-19,3,B.1.526,0.090581347048,0.206222495436,0.037104041502,weekly,weighted,0.0,region_03
2021-06-26,3,B.1.526,0.12915505469,0.2347471118,0.06690689176,weekly,weighted,0.0,region_03
2021-07-03,3,B.1.526,0.05446021259,0.08739806712,0.0334803015,weekly,weighted,0.0,region_03
2021-02-13,3,B.1.526.1,0.006785612553333334,0.012349073774999999,0.003810008445,biweekly,weighted,0.0,region_03
2021-02-20,3,B.1.526.1,0.012025538055833333,0.02634777082083333,0.005553602317500001,biweekly,weighted,,region_03
2021-02-27,3,B.1.526.1,0.017265463558333333,0.040346467866666666,0.007297196190000001,biweekly,weighted,0.0,region_03
2021-02-13,3,B.1.526.2,0.00274837215,0.0243877843,0.00030373626,biweekly,weighted,0.0,region_03
2021-02-20,3,B.1.526.2,0.0048628152000000004,0.034634538615,0.0007107870058333333,biweekly,weighted,,region_03
2021-02-27,3,B.1.526.2,0.00697725825,0.044881292930000004,0.0011178377516666666,biweekly,weighted,0.0,region_03
2021-01-30,3,B.1.596,0.0938198845825,0.1374179683625,0.0632103718825,biweekly,weighted,0.0,region_03
2021-02-06,3,B.1.596,0.08605584409125,0.16825298033750002,0.04573983349875001,biweekly,weighted,,region_03
2021-02-13,3,B.1.596,0.0782918036,0.19908799231250002,0.028269295115000002,biweekly,weighted,0.0,region_03
2021-02-20,3,B.1.596,0.0669285058975,0.15180963743625,0.02854640572375,biweekly,weighted,,region_03
2021-02-27,3,B.1.596,0.055565208195,0.10453128256,0.0288235163325,biweekly,weighted,0.0,region_03
2021-04-17,3,B.1.617.2,0.00527955417,0.013638667995,0.0020332494175,weekly,weighted,0.0,region_03
2021-04-24,3,B.1.617.2,0.0092718263625,0.01981608011,0.0043151924625,weekly,weighted,0.0,region_03
2021-05-01,3,B.1.617.2,0.0083603616825,0.02307097893,0.003002257205,weekly,weighted,0.0,region_03
2021-05-08,3,B.1.617.2,0.007315679105,0.01783037372,0.002984604335,weekly,weighted,0.0,region_03
2021-05-15,3,B.1.617.2,0.011407033724,0.031810914722,0.004035934432000001,weekly,weighted,0.0,region_03
2021-05-22,3,B.1.617.2,0.021389452543294118,0.03726534913552941,0.011167527428705883,weekly,weighted,0.0,region_03
2021-05-29,3,B.1.617.2,0.025558029486666668,0.047657870998,0.012756566424166668,weekly,weighted,0.0,region_03
2021-06-05,3,B.1.617.2,0.051256541206279066,0.08742007058697675,0.027763409149302327,weekly,weighted,0.0,region_03
2021-06-12,3,B.1.617.2,0.08381269231127907,0.1377798557976744,0.04638629484674418,weekly,weighted,0.0,region_03
2021-06-19,3,B.1.617.2,0.16634193929127905,0.2586511058174419,0.09849340949418604,weekly,weighted,0.0,region_03
2021-06-26,3,B.1.617.2,0.27988959849,0.422232198716,0.17133201062599998,weekly,weighted,0.0,region_03
2021-07-03,3,B.1.617.2,0.6010036177409303,0.6861929013280232,0.5110588572747674,weekly,weighted,0.0,region_03
2021-07-10,3,B.1.617.2,0.6968161727105814,0.7695874648040697,0.6158189177510466,weekly,weighted,0.0,region_03
2021-07-17,3,B.1.617.2,0.8471115661222093,0.8871352346833721,0.7992522952170931,weekly,weighted,0.0,region_03
2021-07-24,3,B.1.617.2,0.9284088459133721,0.9506763053497674,0.8997460194798838,weekly,weighted,0.0,region_03
2021-07-31,3,B.1.617.2,0.9754342925116867,0.9821036809898794,0.9668701147454217,weekly,weighted,0.0,region_03
2021-08-07,3,B.1.617.2,0.9822536931308236,0.9889874374162352,0.972898744134353,weekly,weighted,0.0,region_03
2021-08-14,3,B.1.617.2,0.9903084017885366,0.9947462074636586,0.9834691598646342,weekly,weighted,0.0,region_03
2021-08-21,3,B.1.617.2,0.9934994054997561,0.9970493927236586,0.9874514813821952,weekly,weighted,0.0,region_03
2021-08-28,3,B.1.617.2,0.9919094443320988,0.9968433615595061,0.9829485210367901,weekly,weighted,0.0,region_03
2021-09-04,3,B.1.617.2,0.995797016404156,0.9986928306622078,0.989889499428961,weekly,weighted,0.0,region_03
2021-09-11,3,B.1.617.2,0.9960697962816438,0.9985533887389041,0.9912718591628767,weekly,weighted,0.0,region_03
2021-09-18,3,B.1.617.2,0.9962358283691026,0.9987972577411538,0.9910756418341026,weekly,weighted,0.0,region_03
2021-09-25,3,B.1.617.2,0.9930770751791138,0.998313279091519,0.9813222666326583,weekly,weighted,0.0,region_03
2021-10-02,3,B.1.617.2,0.9939002257125642,0.9984937845132051,0.9836743206542307,weekly,weighted,0.0,region_03
2021-10-09,3,B.1.617.2,0.9923627252381944,0.9973206329677777,0.9829191938052778,weekly,weighted,0.0,region_03
2021-10-16,3,B.1.617.2,0.9914516355539189,0.9970412149627027,0.9807419994395946,weekly,weighted,0.0,region_03
2021-10-23,3,B.1.617.2,0.9905925904006493,0.9977651176514285,0.9743606897142857,weekly,weighted,0.0,region_03
2021-10-30,3,B.1.617.2,0.9935250416614084,0.9981410092032394,0.983899793993662,weekly,weighted,0.0,region_03
2021-11-06,3,B.1.617.2,0.9856716296443836,0.9960477025541097,0.9638725241568492,weekly,weighted,0.0,region_03
2021-11-13,3,B.1.617.2,0.989521208219375,0.9970347601914062,0.9736018618573438,weekly,weighted,0.0,region_03
2021-11-20,3,B.1.617.2,0.982269866598611,0.9954316185576388,0.9538843664858333,weekly,weighted,0.0,region_03
2021-11-27,3,B.1.617.2,0.9890128357305633,0.9983334658857748,0.9638217897484507,weekly,weighted,0.0,region_03
2021-12-04,3,B.1.617.2,0.9900954243011765,0.9962237941870589,0.9789781132161766,weekly,weighted,0.0,region_03
2021-12-11,3,B.1.617.2,0.9644545937926762,0.9786988924928168,0.9445796231142253,weekly,weighted,0.0,region_03
2021-12-18,3,B.1.617.2,0.7182878400598571,0.780259247337,0.6493911887924286,weekly,weighted,0.0,region_03
2021-12-25,3,B.1.617.2,0.35491003808797106,0.4367566138936232,0.2788854761831884,weekly,weighted,0.0,region_03
2022-01-01,3,B.1.617.2,0.12306312449808825,0.18254152586764705,0.07760313295691176,weekly,weighted,0.0,region_03
2022-01-08,3,B.1.617.2,0.05354537503432836,0.0740257559980597,0.03742185415776119,weekly,weighted,0.0,region_03
2022-01-15,3,B.1.617.2,0.027715828686567166,0.03952287365462687,0.018676052022686566,weekly,weighted,0.0,region_03
2022-01-22,3,B.1.617.2,0.008938302285892858,0.015265235761071428,0.004755172536607143,weekly,weighted,0.0,region_03
2022-01-29,3,B.1.617.2,0.006673493393174603,0.010294983887301587,0.004078948881269842,weekly,weighted,0.0,region_03
2021-05-01,3,B.1.621,0.005861165582499999,0.01837551594,0.0018693446175000001,weekly,weighted,0.0,region_03
2021-05-08,3,B.1.621,0.007764560993392856,0.01735575344214286,0.00371807071875,weekly,weighted,,region_03
2021-05-15,3,B.1.621,0.009667956404285713,0.016335990944285714,0.00556679682,weekly,weighted,0.0,region_03
2021-05-22,3,B.1.621,0.019435017610214284,0.03774338097821429,0.009825400476,weekly,weighted,,region_03
2021-05-29,3,B.1.621,0.029202078816142854,0.05915077101214286,0.014084004131999998,weekly,weighted,,region_03
2021-06-05,3,B.1.621,0.03896914002207143,0.08055816104607144,0.018342607788,weekly,weighted,,region_03
2021-06-12,3,B.1.621,0.048736201228,0.10196555108000001,0.022601211444,weekly,weighted,0.0,region_03
2021-06-19,3,B.1.621,0.042715769366111114,0.08860979043111111,0.01996923380388889,weekly,weighted,,region_03
2021-06-26,3,B.1.621,0.03669533750422222,0.07525402978222223,0.01733725616377778,weekly,weighted,,region_03
2021-07-03,3,B.1.621,0.030674905642333335,0.061898269133333336,0.014705278523666666,weekly,weighted,,region_03
2021-07-10,3,B.1.621,0.024654473780444445,0.04854250848444445,0.012073300883555555,weekly,weighted,,region_03
2021-07-17,3,B.1.621,0.018634041918555555,0.03518674783555556,0.009441323243444445,weekly,weighted,,region_03
2021-07-24,3,B.1.621,0.012613610056666667,0.021830987186666664,0.0068093456033333334,weekly,weighted,0.0,region_03
2021-07-31,3,B.1.621,0.00694642309,0.02277452312,0.00209513307,weekly,weighted,0.0,region_03
2021-05-15,3,B.1.637,0.06615324690499999,0.10986899957500001,0.03981083445,weekly,weighted,0.0,region_03
2021-05-22,3,B.1.637,0.0449643936,0.12462485582,0.016953778450000002,weekly,weighted,0.0,region_03
2021-05-29,3,B.1.637,0.06756496429,0.18556341529,0.02252559364,weekly,weighted,0.0,region_03
2021-06-05,3,B.1.637,0.04719027132,0.1230070889,0.01718814112,weekly,weighted,0.0,region_03
2021-06-12,3,B.1.637,0.05365505815,0.20408169925,0.0123815788,weekly,weighted,0.0,region_03
2021-12-11,3,BA.1.1,0.008589294218235295,0.014339556752941176,0.004717331064117647,weekly,weighted,0.0,region_03
2021-12-18,3,BA.1.1,0.09716379532941176,0.132750365225,0.06848061873705882,weekly,weighted,0.0,region_03
2021-12-25,3,BA.1.1,0.280510031125,0.3134419181767647,0.24924954070764707,weekly,weighted,0.0,region_03
2022-01-01,3,BA.1.1,0.457103909815,0.5078522361379412,0.4069510584370588,weekly,weighted,0.0,region_03
2022-01-08,3,BA.1.1,0.5545757027232353,0.5854301768200001,0.5233694674335294,weekly,weighted,0.0,region_03
2022-01-15,3,BA.1.1,0.6335518272491176,0.6645671918108824,0.6016616225235294,weekly,weighted,0.0,region_03
2022-01-22,3,BA.1.1,0.7085864631567647,0.7319211819588236,0.6843764238491177,weekly,weighted,0.0,region_03
2022-01-29,3,BA.1.1,0.7269340227626471,0.7498049893808824,0.7031282642305882,weekly,weighted,0.0,region_03
2022-02-05,3,BA.1.1,0.764672133852353,0.7898752075785295,0.7379789177108824,weekly,weighted,0.0,region_03
2022-02-12,3,BA.1.1,0.8085165689976471,0.8339633433258824,0.7809808727567648,weekly,weighted,0.0,region_03
2022-02-19,3,BA.1.1,0.8272081438235294,0.8497468759032353,0.8027731530811765,weekly,weighted,0.0,region_03
2022-02-26,3,BA.1.1,0.7991709796811765,0.8283072920402941,0.7674709786382353,weekly,weighted,0.0,region_03
2022-03-05,3,BA.1.1,0.7646180286129411,0.8031704408282353,0.7225315009841176,weekly,weighted,0.0,region_03
2022-03-12,3,BA.1.1,0.6728606522088235,0.7321595251567646,0.6091744864688236,weekly,weighted,0.0,region_03
2022-03-19,3,BA.1.1,0.5013574317964705,0.5510191075944118,0.4516755833347059,weekly,weighted,0.0,region_03
2022-03-26,3,BA.1.1,0.31696422573382355,0.371147822807353,0.2662226119470588,weekly,weighted,0.0,region_03
2022-04-02,3,BA.1.1,0.18844374006323528,0.23494820647441175,0.14764925793647057,weekly,weighted,0.0,region_03
2022-04-09,3,BA.1.1,0.08736359262352941,0.10292571388588236,0.07346486366,weekly,weighted,0.0,region_03
2022-04-16,3,BA.1.1,0.03940649944117647,0.06083558916264706,0.023899822714999998,weekly,weighted,0.0,region_03
2022-04-23,3,BA.1.1,0.02613669206588235,0.03964828228705882,0.01626524120970588,weekly,weighted,0.0,region_03
2022-04-30,3,BA.1.1,0.015368548489411764,0.023721095955441175,0.00937181270852941,weekly,weighted,,region_03
2022-05-07,3,BA.1.1,0.004600404912941176,0.007793909623823529,0.0024783842073529414,weekly,weighted,0.0,region_03
2022-01-15,3,BA.2,0.015922993214444445,0.02855573698111111,0.007874699103333334,weekly,weighted,0.0,region_03
2022-01-22,3,BA.2,0.01584072467,0.027370425314000003,0.008270096314,weekly,weighted,0.0,region_03
2022-01-29,3,BA.2,0.013865836910923078,0.019334947890923077,0.009630334154923077,weekly,weighted,0.0,region_03
2022-02-05,3,BA.2,0.011526639721587302,0.018099660526349207,0.0068957436871428576,weekly,weighted,0.0,region_03
2022-02-12,3,BA.2,0.020771331937301588,0.028500549997460316,0.01468166966111111,weekly,weighted,0.0,region_03
2022-02-19,3,BA.2,0.027945118896451612,0.038877166387258064,0.01940488642532258,weekly,weighted,0.0,region_03
2022-02-26,3,BA.2,0.06361230010901639,0.09101032123721312,0.04246572075295082,weekly,weighted,0.0,region_03
2022-03-05,3,BA.2,0.11645254505133333,0.157800661276,0.0827617389455,weekly,weighted,0.0,region_03
2022-03-12,3,BA.2,0.24224094970745763,0.2987416795755932,0.19167574280491526,weekly,weighted,0.0,region_03
2022-03-19,3,BA.2,0.4267281442884483,0.4748183529948276,0.37964851126551724,weekly,weighted,0.0,region_03
2022-03-26,3,BA.2,0.5885019877498245,0.6395842474807018,0.535962664244035,weekly,weighted,0.0,region_03
2022-04-02,3,BA.2,0.7143150142255357,0.7617807473453572,0.66304223771625,weekly,weighted,0.0,region_03
2022-04-09,3,BA.2,0.7500852259721819,0.7858794938438182,0.7115600813514545,weekly,weighted,0.0,region_03
2022-04-16,3,BA.2,0.7139778920898148,0.7532298465570371,0.6721513955685184,weekly,weighted,0.0,region_03
2022-04-23,3,BA.2,0.6568770341145282,0.6887740391609435,0.6238732056796226,weekly,weighted,0.0,region_03
2022-04-30,3,BA.2,0.60083886455,0.6292163180360784,0.571940224545098,weekly,weighted,0.0,region_03
2022-05-07,3,BA.2,0.48348583660843136,0.5130048978562746,0.4540474245354902,weekly,weighted,0.0,region_03
2022-05-14,3,BA.2,0.4201446628566,0.4524182468652,0.3883591824774,weekly,weighted,0.0,region_03
2022-05-21,3,BA.2,0.3225266708404082,0.3474837687557143,0.2983052979930612,weekly,weighted,0.0,region_03
2022-05-28,3,BA.2,0.2611054529745833,0.2777180739989583,0.244995964690625,weekly,weighted,0.0,region_03
2022-06-04,3,BA.2,0.19677772896085105,0.22145628960765956,0.17374705475723404,weekly,weighted,0.0,region_03
2022-06-11,3,BA.2,0.14082796418086957,0.17123499901413042,0.11403210639391305,weekly,weighted,0.0,region_03
2022-06-18,3,BA.2,0.10112843527000001,0.12242922423909092,0.08242258277136363,weekly,weighted,0.0,region_03
2022-06-25,3,BA.2,0.07789439995818181,0.09366347081977273,0.06404227145272727,weekly,weighted,0.0,region_03
2022-07-02,3,BA.2,0.04419111313209303,0.0591305555827907,0.032164271790697675,weekly,weighted,0.0,region_03
2022-07-09,3,BA.2,0.03477113977785714,0.043260767257380955,0.027546725855952383,weekly,weighted,0.0,region_03
2022-07-16,3,BA.2,0.020906257057560978,0.02752558464487805,0.015528225067560976,weekly,weighted,0.0,region_03
2022-07-23,3,BA.2,0.0124490362585,0.0179287957025,0.0083084472685,weekly,weighted,0.0,region_03
2022-07-30,3,BA.2,0.014148635815,0.023593096797894737,0.007775431217368421,weekly,weighted,0.0,region_03
2022-08-06,3,BA.2,0.006138005797297298,0.010328876459189189,0.0033385212205405404,weekly,weighted,0.0,region_03
2022-03-26,3,BA.2.12.1,0.039433500172,0.064597135782,0.022048520298,weekly,weighted,0.0,region_03
2022-04-02,3,BA.2.12.1,0.07946553453875001,0.11526626574732143,0.05199403741571429,weekly,weighted,0.0,region_03
2022-04-09,3,BA.2.12.1,0.15195224068363639,0.1917990735989091,0.11758133714836363,weekly,weighted,0.0,region_03
2022-04-16,3,BA.2.12.1,0.24135667885851853,0.27779778617425926,0.20752345798074073,weekly,weighted,0.0,region_03
2022-04-23,3,BA.2.12.1,0.31132326962826923,0.3436377862328846,0.28033241514980767,weekly,weighted,0.0,region_03
2022-04-30,3,BA.2.12.1,0.382375693665,0.4167598228046154,0.34885265219634615,weekly,weighted,0.0,region_03
2022-05-07,3,BA.2.12.1,0.5029502686337255,0.5329245907421569,0.4729647975341177,weekly,weighted,0.0,region_03
2022-05-14,3,BA.2.12.1,0.5636814254520001,0.5992451226709999,0.5276387786868,weekly,weighted,0.0,region_03
2022-05-21,3,BA.2.12.1,0.6395013829075,0.6690205174187499,0.6091729129354166,weekly,weighted,0.0,region_03
2022-05-28,3,BA.2.12.1,0.680447790771875,0.7011512927702084,0.6591885574166666,weekly,weighted,0.0,region_03
2022-06-04,3,BA.2.12.1,0.6859011713497872,0.712388435576383,0.6584653131506383,weekly,weighted,0.0,region_03
2022-06-11,3,BA.2.12.1,0.6446123745123913,0.6871504887291304,0.6002690105330435,weekly,weighted,0.0,region_03
2022-06-18,3,BA.2.12.1,0.5315354214773333,0.5650130192435555,0.4977061304771111,weekly,weighted,0.0,region_03
2022-06-25,3,BA.2.12.1,0.3784659294918182,0.4147202921190909,0.3431975902486364,weekly,weighted,0.0,region_03
2022-07-02,3,BA.2.12.1,0.27929237346255814,0.31150488174255814,0.24869531878279072,weekly,weighted,0.0,region_03
2022-07-09,3,BA.2.12.1,0.16401543078,0.18572803835023807,0.143899391805,weekly,weighted,0.0,region_03
2022-07-16,3,BA.2.12.1,0.0974166965697561,0.11567721588634146,0.08121511503658536,weekly,weighted,0.0,region_03
2022-07-23,3,BA.2.12.1,0.0634556955655,0.07534223217525,0.05300159910725,weekly,weighted,0.0,region_03
2022-07-30,3,BA.2.12.1,0.03753831252289473,0.051369508335526316,0.026571061020789474,weekly,weighted,0.0,region_03
2022-08-06,3,BA.2.12.1,0.021360271585405405,0.030727533925675676,0.014237946803783784,weekly,weighted,0.0,region_03
2022-08-13,3,BA.2.12.1,0.015003044416666667,0.021617071082222224,0.009990484609444444,weekly,weighted,0.0,region_03
2022-09-17,3,BA.2.75,0.007369620103666667,0.012960811704000002,0.003761640098,weekly,weighted,0.0,region_03
2022-09-24,3,BA.2.75,0.006441097995862069,0.01126243408586207,0.003317342155862069,weekly,weighted,0.0,region_03
2022-10-01,3,BA.2.75,0.008714702811428571,0.0150425255175,0.0045697078542857135,weekly,weighted,0.0,region_03
2022-10-08,3,BA.2.75,0.016481057225714288,0.02673882282875,0.009404349812142856,weekly,weighted,,region_03
2022-10-15,3,BA.2.75,0.02424741164,0.03843512014,0.01423899177,weekly,weighted,0.0,region_03
2022-10-22,3,BA.2.75,0.022444672085714285,0.03580989170142857,0.013076052065000001,weekly,weighted,,region_03
2022-10-29,3,BA.2.75,0.020641932531428573,0.03318466326285714,0.01191311236,weekly,weighted,,region_03
2022-11-05,3,BA.2.75,0.018839192977142857,0.030559434824285716,0.010750172655000001,weekly,weighted,,region_03
2022-11-12,3,BA.2.75,0.017036453422857145,0.027934206385714287,0.00958723295,weekly,weighted,,region_03
2022-11-19,3,BA.2.75,0.01523371386857143,0.025308977947142857,0.008424293245,weekly,weighted,,region_03
2022-11-26,3,BA.2.75,0.013430974314285714,0.02268374950857143,0.007261353540000001,weekly,weighted,,region_03
2022-12-03,3,BA.2.75,0.01162823476,0.02005852107,0.006098413835,weekly,weighted,0.0,region_03
2022-12-10,3,BA.2.75,0.018130430022499998,0.02971988637,0.01018609153,weekly,weighted,0.0,region_03
2022-12-17,3,BA.2.75,0.02128248848,0.03794843331,0.01059303433,weekly,weighted,0.0,region_03
2023-12-09,3,BA.2.86,0.04625219852,0.07454614341,0.02640616521,biweekly,weighted,0.0,region_03
2023-12-16,3,BA.2.86,0.04130044315819445,0.06558480946680556,0.024104956122222222,biweekly,weighted,,region_03
2023-12-23,3,BA.2.86,0.03634868779638889,0.056623475523611105,0.021803747034444446,biweekly,weighted,0.0,region_03
2023-12-30,3,BA.2.86,0.02935655015548016,0.04723561640480555,0.016903935983507937,biweekly,weighted,,region_03
2024-01-06,3,BA.2.86,0.022364412514571427,0.037847757286,0.012004124932571428,biweekly,weighted,0.0,region_03
2024-01-13,3,BA.2.86,0.02359583330014286,0.039579060912999994,0.012824486715142858,biweekly,weighted,,region_03
2024-01-20,3,BA.2.86,0.024827254085714286,0.04131036454,0.013644848497714286,biweekly,weighted,0.0,region_03
2022-05-14,3,BA.4,0.009543941508367347,0.01421754389102041,0.00609792100877551,weekly,weighted,0.0,region_03
2022-05-21,3,BA.4,0.018861459757755102,0.028669452751020407,0.011732792291428571,weekly,weighted,0.0,region_03
2022-05-28,3,BA.4,0.0340925814425,0.04645828988020834,0.02428723367229167,weekly,weighted,0.0,region_03
2022-06-04,3,BA.4,0.049975082595319145,0.06735464217191489,0.03605671746212766,weekly,weighted,0.0,region_03
2022-06-11,3,BA.4,0.07812852477217391,0.10636696430043478,0.055472883516739124,weekly,weighted,0.0,region_03
2022-06-18,3,BA.4,0.11924568597568182,0.15431404554022726,0.08971869437545454,weekly,weighted,0.0,region_03
2022-06-25,3,BA.4,0.1398634196,0.18447775258295457,0.10271099531522726,weekly,weighted,0.0,region_03
2022-07-02,3,BA.4,0.12547756003767443,0.14281209679534881,0.10954801391720931,weekly,weighted,0.0,region_03
2022-07-09,3,BA.4,0.13389891918142857,0.15497680682547618,0.11474884762666666,weekly,weighted,0.0,region_03
2022-07-16,3,BA.4,0.10848699964390243,0.12534248374560977,0.0932458148497561,weekly,weighted,0.0,region_03
2022-07-23,3,BA.4,0.10481107532925,0.120153614879,0.09082034304775,weekly,weighted,0.0,region_03
2022-07-30,3,BA.4,0.0779872262168421,0.09692137335473684,0.061733659651052625,weekly,weighted,0.0,region_03
2022-08-06,3,BA.4,0.06993930444513513,0.08266960728783784,0.0586274440427027,weekly,weighted,0.0,region_03
2022-08-13,3,BA.4,0.05634489955666666,0.06779656103833333,0.04631811132027777,weekly,weighted,0.0,region_03
2022-08-20,3,BA.4,0.04370473176228572,0.05288653575942857,0.035713079784,weekly,weighted,0.0,region_03
2022-08-27,3,BA.4,0.039041503059411765,0.04852547211647058,0.030956879093235294,weekly,weighted,0.0,region_03
2022-09-03,3,BA.4,0.03839885037151515,0.05246920138575758,0.02722501845121212,weekly,weighted,0.0,region_03
2022-09-10,3,BA.4,0.0261045594815625,0.0361421158309375,0.0182391224953125,weekly,weighted,0.0,region_03
2022-09-17,3,BA.4,0.02807233368419355,0.03916389543322581,0.019422908222580644,weekly,weighted,0.0,region_03
2022-09-24,3,BA.4,0.017003775636666666,0.025287410306333333,0.010874688997666667,weekly,weighted,0.0,region_03
2022-10-01,3,BA.4,0.01299441294310345,0.021586393615862072,0.0071826875051724135,weekly,weighted,0.0,region_03
2022-10-08,3,BA.4,0.01363856687,0.024012330296666665,0.006936355026666667,weekly,weighted,0.0,region_03
2022-10-15,3,BA.4,0.018302527428148148,0.028410624022592593,0.011067388407037037,weekly,weighted,0.0,region_03
2022-06-18,3,BA.4.6,0.011064427927560976,0.018978789629756097,0.0058468553446341465,weekly,weighted,0.0,region_03
2022-06-25,3,BA.4.6,0.015980601012947154,0.02441628224237805,0.009949969882317073,weekly,weighted,,region_03
2022-07-02,3,BA.4.6,0.020896774098333334,0.029853774855,0.01405308442,weekly,weighted,0.0,region_03
2022-07-09,3,BA.4.6,0.036562792593414634,0.06115559533926829,0.019882797649268293,weekly,weighted,0.0,region_03
2022-07-16,3,BA.4.6,0.04745593912292683,0.07105531879731708,0.03003465534097561,weekly,weighted,0.0,region_03
2022-07-23,3,BA.4.6,0.04857260407975,0.06266319220925,0.0368751388965,weekly,weighted,0.0,region_03
2022-07-30,3,BA.4.6,0.05707785918578947,0.06931903801473685,0.04642901334289474,weekly,weighted,0.0,region_03
2022-08-06,3,BA.4.6,0.07422702256108109,0.08997019219162161,0.06047483745081081,weekly,weighted,0.0,region_03
2022-08-13,3,BA.4.6,0.07941527685388888,0.10075658704722222,0.06136691073666667,weekly,weighted,0.0,region_03
2022-08-20,3,BA.4.6,0.10266645869999999,0.12129184390771428,0.08602933990114285,weekly,weighted,0.0,region_03
2022-08-27,3,BA.4.6,0.10835143463558823,0.1262101281211765,0.09222909786235294,weekly,weighted,0.0,region_03
2022-09-03,3,BA.4.6,0.1058265440390909,0.11977187498969698,0.09299313773636364,weekly,weighted,0.0,region_03
2022-09-10,3,BA.4.6,0.116483012215,0.1409271042796875,0.0949740957003125,weekly,weighted,0.0,region_03
2022-09-17,3,BA.4.6,0.13763752381066666,0.15807537933233332,0.11893687496533333,weekly,weighted,0.0,region_03
2022-09-24,3,BA.4.6,0.146190281212,0.16911016951000002,0.12529314284566667,weekly,weighted,0.0,region_03
2022-10-01,3,BA.4.6,0.13132413194172415,0.15716017217448278,0.10835720906999999,weekly,weighted,0.0,region_03
2022-10-08,3,BA.4.6,0.13294783394285714,0.1590417075375,0.10974339661892858,weekly,weighted,0.0,region_03
2022-10-15,3,BA.4.6,0.09416000324296296,0.12406986261962961,0.06950087293407407,weekly,weighted,0.0,region_03
2022-10-22,3,BA.4.6,0.11545406654461539,0.13837571614038463,0.09514181946346154,weekly,weighted,0.0,region_03
2022-10-29,3,BA.4.6,0.0975530824068,0.1267647561428,0.0731812331084,weekly,weighted,0.0,region_03
2022-11-05,3,BA.4.6,0.08042454036583334,0.0987703145175,0.06454063191333333,weekly,weighted,0.0,region_03
2022-11-12,3,BA.4.6,0.06076071978304348,0.08125713240913043,0.044139399961739136,weekly,weighted,0.0,region_03
2022-11-19,3,BA.4.6,0.043482835319999996,0.06878008642727272,0.025561267510454545,weekly,weighted,0.0,region_03
2022-11-26,3,BA.4.6,0.02549820828,0.03813493003333334,0.016194367783333333,weekly,weighted,0.0,region_03
2022-12-03,3,BA.4.6,0.0215196535925,0.033939098287,0.012752020872,weekly,weighted,0.0,region_03
2022-12-10,3,BA.4.6,0.020002644955178568,0.03128489174028572,0.011981136235285714,weekly,weighted,,region_03
2022-12-17,3,BA.4.6,0.01848563631785714,0.02863068519357143,0.01121025159857143,weekly,weighted,0.0,region_03
2022-05-21,3,BA.5,0.013828226954285715,0.01956046361244898,0.009421017552857142,weekly,weighted,0.0,region_03
2022-05-28,3,BA.5,0.021450725483617022,0.02929665655531915,0.01524527297680851,weekly,weighted,0.0,region_03
2022-06-04,3,BA.5,0.06258530661148937,0.08379035601574468,0.045434397981276596,weekly,weighted,0.0,region_03
2022-06-11,3,BA.5,0.12360299410978262,0.1428053252728261,0.10613866701130434,weekly,weighted,0.0,region_03
2022-06-18,3,BA.5,0.23622378673045452,0.2572526999490909,0.21611872958886363,weekly,weighted,0.0,region_03
2022-06-25,3,BA.5,0.3836191357534091,0.4361451701675,0.3330802842975,weekly,weighted,0.0,region_03
2022-07-02,3,BA.5,0.5177143313167442,0.5607214500734884,0.47451452391093024,weekly,weighted,0.0,region_03
2022-07-09,3,BA.5,0.6287263575054762,0.6676475817247619,0.5885022864457143,weekly,weighted,0.0,region_03
2022-07-16,3,BA.5,0.722050454557561,0.744549075277561,0.698651011397317,weekly,weighted,0.0,region_03
2022-07-23,3,BA.5,0.76648857146525,0.7922382876280001,0.73914431035525,weekly,weighted,0.0,region_03
2022-07-30,3,BA.5,0.8066200394373685,0.8263835797176317,0.7856384798102631,weekly,weighted,0.0,region_03
2022-08-06,3,BA.5,0.8195341277762163,0.83944188743,0.7982590987875676,weekly,weighted,0.0,region_03
2022-08-13,3,BA.5,0.8349331782924999,0.8515070892047222,0.8172946423291667,weekly,weighted,0.0,region_03
2022-08-20,3,BA.5,0.8281975370997059,0.8465402003597058,0.8086159229291177,weekly,weighted,0.0,region_03
2022-08-27,3,BA.5,0.8308989493282353,0.8491685180111765,0.8113758774367646,weekly,weighted,0.0,region_03
2022-09-03,3,BA.5,0.8249797441745454,0.8439691211242424,0.8046972227818182,weekly,weighted,0.0,region_03
2022-09-10,3,BA.5,0.8212070278815625,0.844653459265,0.7958210781215624,weekly,weighted,0.0,region_03
2022-09-17,3,BA.5,0.7879791105938709,0.8079347206696774,0.7669415531616128,weekly,weighted,0.0,region_03
2022-09-24,3,BA.5,0.7714245378973333,0.7953273991743333,0.7461325168599999,weekly,weighted,0.0,region_03
2022-10-01,3,BA.5,0.7564445223121429,0.7834531047510714,0.7278290539967857,weekly,weighted,0.0,region_03
2022-10-08,3,BA.5,0.7349462685755556,0.7644445057266667,0.703781845392963,weekly,weighted,0.0,region_03
2022-10-15,3,BA.5,0.6886769820137038,0.7287048255955555,0.6463718348081481,weekly,weighted,0.0,region_03
2022-10-22,3,BA.5,0.6381510679538462,0.7075936381634615,0.5640906874942307,weekly,weighted,0.0,region_03
2022-10-29,3,BA.5,0.5260608959192,0.5765022969252,0.4752162754524,weekly,weighted,0.0,region_03
2022-11-05,3,BA.5,0.48844237749749997,0.5242715862899999,0.45270672688874997,weekly,weighted,0.0,region_03
2022-11-12,3,BA.5,0.3961507561404348,0.4392710302195652,0.3542339205747826,weekly,weighted,0.0,region_03
2022-11-19,3,BA.5,0.3375115042381818,0.37390670722136365,0.30249363725772727,weekly,weighted,0.0,region_03
2022-11-26,3,BA.5,0.2359096046009524,0.3158409098785714,0.16772382954809523,weekly,weighted,0.0,region_03
2022-12-03,3,BA.5,0.19678880646799998,0.25671855881850003,0.145687878877,weekly,weighted,0.0,region_03
2022-12-10,3,BA.5,0.1683650950068421,0.19553694050684212,0.14360126382526317,weekly,weighted,0.0,region_03
2022-12-17,3,BA.5,0.15853612455833332,0.18244579600055555,0.13666217774166667,weekly,weighted,0.0,region_03
2022-12-24,3,BA.5,0.1384095251564706,0.1875787727970588,0.09815087563941176,weekly,weighted,0.0,region_03
2022-12-31,3,BA.5,0.0882619163025,0.110836501235,0.068983959034375,weekly,weighted,0.0,region_03
2023-01-07,3,BA.5,0.07249763757066667,0.09110012799533333,0.056693819662,weekly,weighted,0.0,region_03
2023-01-14,3,BA.5,0.057058576228571425,0.08139795597,0.038305742400714285,weekly,weighted,0.0,region_03
2023-01-21,3,BA.5,0.036911484426923075,0.05328162272461538,0.024512200688461536,weekly,weighted,0.0,region_03
2023-01-28,3,BA.5,0.022380704835833334,0.037171676445833336,0.012333663024999999,weekly,weighted,0.0,region_03
2023-02-04,3,BA.5,0.015430149707272727,0.025547725402727272,0.008556876247272728,weekly,weighted,0.0,region_03
2022-09-10,3,BA.5.2.6,0.005993186124,0.010557987912,0.0030531960980000003,weekly,weighted,0.0,region_03
2022-09-17,3,BA.5.2.6,0.006407944626,0.011350021666333332,0.0032386728003333336,weekly,weighted,,region_03
2022-09-24,3,BA.5.2.6,0.006822703128000001,0.012142055420666667,0.0034241495026666666,weekly,weighted,,region_03
2022-10-01,3,BA.5.2.6,0.007237461630000001,0.012934089175,0.003609626205,weekly,weighted,0.0,region_03
2022-10-08,3,BA.5.2.6,0.015588515746666665,0.026053696246666664,0.008531924026666667,weekly,weighted,0.0,region_03
2022-10-15,3,BA.5.2.6,0.01592998486,0.0258648581775,0.009110404877499999,weekly,weighted,0.0,region_03
2022-10-22,3,BA.5.2.6,0.014978178561153846,0.025707794424615384,0.007912606072692308,weekly,weighted,0.0,region_03
2022-10-29,3,BA.5.2.6,0.010456410796,0.017822447417999997,0.005575670862,weekly,weighted,0.0,region_03
2022-11-05,3,BA.5.2.6,0.020274528611666665,0.03159787335083333,0.012208334985833333,weekly,weighted,0.0,region_03
2022-11-12,3,BA.5.2.6,0.021707247165833332,0.03612335406541667,0.011987555482916665,weekly,weighted,,region_03
2022-11-19,3,BA.5.2.6,0.02313996572,0.040648834780000004,0.01176677598,weekly,weighted,0.0,region_03
2022-11-26,3,BA.5.2.6,0.0193401360875,0.033160869962500006,0.01020634291,weekly,weighted,,region_03
2022-12-03,3,BA.5.2.6,0.015540306455,0.025672905145,0.00864590984,weekly,weighted,0.0,region_03
2022-12-10,3,BA.5.2.6,0.01551106586894737,0.026488333450526317,0.008238099955789474,weekly,weighted,0.0,region_03
2022-12-17,3,BA.5.2.6,0.019694401068125,0.031970447511875,0.011231024633125,weekly,weighted,0.0,region_03
2022-12-24,3,BA.5.2.6,0.0157999022340625,0.025968183239374998,0.008863640876249999,weekly,weighted,,region_03
2022-12-31,3,BA.5.2.6,0.0119054034,0.019965918966875,0.0064962571193749995,weekly,weighted,0.0,region_03
2022-10-01,3,BF.11,0.0072846406884,0.0128600001328,0.003698253362,weekly,weighted,0.0,region_03
2022-10-08,3,BF.11,0.012378651803333333,0.022159027246666668,0.006146691816666667,weekly,weighted,0.0,region_03
2022-10-15,3,BF.11,0.013602156346666667,0.02267415394625,0.007491368995416667,weekly,weighted,0.0,region_03
2022-10-22,3,BF.11,0.0173086135464,0.0283399289844,0.0097417809448,weekly,weighted,0.0,region_03
2022-10-29,3,BF.11,0.017848079214347827,0.029936260907826088,0.009725537171739131,weekly,weighted,0.0,region_03
2022-11-05,3,BF.11,0.017772967771666665,0.0278504631325,0.010632456977916668,weekly,weighted,0.0,region_03
2022-08-20,3,BF.7,0.007736719816470589,0.012185408788235295,0.004599069752647059,weekly,weighted,0.0,region_03
2022-08-27,3,BF.7,0.008187111827741936,0.014401440388387097,0.00417745172,weekly,weighted,0.0,region_03
2022-09-03,3,BF.7,0.011513209325589718,0.019129643563881048,0.0063782702442187495,weekly,weighted,,region_03
2022-09-10,3,BF.7,0.0148393068234375,0.023857846739375,0.0085790887684375,weekly,weighted,0.0,region_03
2022-09-17,3,BF.7,0.016940076524666666,0.023839057857000003,0.011612763162,weekly,weighted,0.0,region_03
2022-09-24,3,BF.7,0.028906594341,0.039528700336333336,0.020493977890333335,weekly,weighted,0.0,region_03
2022-10-01,3,BF.7,0.036539928923793104,0.05213481843,0.024560062664137933,weekly,weighted,0.0,region_03
2022-10-08,3,BF.7,0.034335127632500004,0.04755522057928572,0.023962631023571428,weekly,weighted,0.0,region_03
2022-10-15,3,BF.7,0.05623400445925926,0.07823613286148147,0.03892503120037037,weekly,weighted,0.0,region_03
2022-10-22,3,BF.7,0.07145200154,0.1104774360476923,0.042977092214230773,weekly,weighted,0.0,region_03
2022-10-29,3,BF.7,0.08095789492199999,0.1030029520404,0.0623342707752,weekly,weighted,0.0,region_03
2022-11-05,3,BF.7,0.06843701253333333,0.10162209595208332,0.043735804967916674,weekly,weighted,0.0,region_03
2022-11-12,3,BF.7,0.08793294138173913,0.11234441043304348,0.06738236935260869,weekly,weighted,0.0,region_03
2022-11-19,3,BF.7,0.06421711041818182,0.09990202669318182,0.03848730518772728,weekly,weighted,0.0,region_03
2022-11-26,3,BF.7,0.07917923054571428,0.11499052885000001,0.051723282606190475,weekly,weighted,0.0,region_03
2022-12-03,3,BF.7,0.0488189822075,0.07285291403500001,0.030969146918000002,weekly,weighted,0.0,region_03
2022-12-10,3,BF.7,0.04147395844473684,0.06601095630947369,0.024170821141052633,weekly,weighted,0.0,region_03
2022-12-17,3,BF.7,0.04497444094125,0.067663178779375,0.028234396129375,weekly,weighted,0.0,region_03
2022-12-24,3,BF.7,0.0346909072834375,0.05367307888875,0.02104729251,weekly,weighted,,region_03
2022-12-31,3,BF.7,0.024407373625625,0.039682978998125,0.013860188890625,weekly,weighted,0.0,region_03
2023-01-07,3,BF.7,0.011640053908571427,0.019019665729285713,0.006580046811428571,weekly,weighted,0.0,region_03
2023-01-14,3,BF.7,0.019294413740000002,0.0345725473,0.009541468695,weekly,weighted,0.0,region_03
2023-01-21,3,BF.7,0.00884276526818182,0.015426935881818182,0.004563955675454545,weekly,weighted,0.0,region_03
2022-10-15,3,BN.1,0.008316766355,0.01488694374125,0.00413647724875,weekly,weighted,0.0,region_03
2022-10-22,3,BN.1,0.012817623568214285,0.02073833099419643,0.0073842973965178565,weekly,weighted,,region_03
2022-10-29,3,BN.1,0.017318480781428572,0.026589718247142857,0.010632117544285714,weekly,weighted,0.0,region_03
2022-11-05,3,BN.1,0.02507934439833333,0.042501166465,0.013436077006666667,weekly,weighted,0.0,region_03
2022-11-12,3,BN.1,0.021977879478,0.034418284892,0.013124362192,weekly,weighted,0.0,region_03
2022-11-19,3,BN.1,0.032951352185000005,0.0541472230125,0.0184116999175,weekly,weighted,0.0,region_03
2022-11-26,3,BN.1,0.022876530354285714,0.038474583465,0.012474080747857145,weekly,weighted,0.0,region_03
2022-12-03,3,BN.1,0.0467028455815,0.072777071781,0.027981670014999998,weekly,weighted,0.0,region_03
2022-12-10,3,BN.1,0.02180904355894737,0.032825440952631575,0.013730475924736842,weekly,weighted,0.0,region_03
2022-12-17,3,BN.1,0.026989952970555554,0.04381279336944444,0.015338478610555555,weekly,weighted,0.0,region_03
2022-12-24,3,BN.1,0.024603902635882354,0.035435485489411764,0.01637491255,weekly,weighted,0.0,region_03
2022-12-31,3,BN.1,0.0251290015875,0.038405268685625,0.01549003767875,weekly,weighted,0.0,region_03
2023-01-07,3,BN.1,0.02298759363125,0.03554679790995536,0.013960731061517857,weekly,weighted,,region_03
2023-01-14,3,BN.1,0.020846185675,0.03268832713428572,0.012431424444285714,weekly,weighted,0.0,region_03
2022-09-17,3,BQ.1,0.006605709360333333,0.011648719757333333,0.0033597042396666665,weekly,weighted,0.0,region_03
2022-09-24,3,BQ.1,0.00992333504,0.015585553678,0.005918646573666667,weekly,weighted,0.0,region_03
2022-10-01,3,BQ.1,0.015264134661034483,0.022683061916206896,0.009773457165862068,weekly,weighted,0.0,region_03
2022-10-08,3,BQ.1,0.027639435272142857,0.039781492868571425,0.01840159802607143,weekly,weighted,0.0,region_03
2022-10-15,3,BQ.1,0.038062482244074075,0.052191598685555556,0.026929256057407407,weekly,weighted,0.0,region_03
2022-10-22,3,BQ.1,0.049013367351923076,0.06536727771192308,0.03576388382038462,weekly,weighted,0.0,region_03
2022-10-29,3,BQ.1,0.1270037055016,0.1538905429836,0.10329974800240001,weekly,weighted,0.0,region_03
2022-11-05,3,BQ.1,0.14927978937875,0.1741861676179167,0.12668211944416666,weekly,weighted,0.0,region_03
2022-11-12,3,BQ.1,0.18311170197086954,0.2189954318430435,0.1508915838973913,weekly,weighted,0.0,region_03
2022-11-19,3,BQ.1,0.2484981045131818,0.28602512858181817,0.21360812268499998,weekly,weighted,0.0,region_03
2022-11-26,3,BQ.1,0.2818149966847619,0.3261576507780952,0.2404146208652381,weekly,weighted,0.0,region_03
2022-12-03,3,BQ.1,0.2558174572885,0.2940577879545,0.220213113725,weekly,weighted,0.0,region_03
2022-12-10,3,BQ.1,0.27799110776999997,0.3067833118966667,0.25050604094944445,weekly,weighted,0.0,region_03
2022-12-17,3,BQ.1,0.2253342411588889,0.25648781160555556,0.19631440606555556,weekly,weighted,0.0,region_03
2022-12-24,3,BQ.1,0.23011830536705882,0.2754621330417647,0.18899778934235295,weekly,weighted,0.0,region_03
2022-12-31,3,BQ.1,0.204226265660625,0.244237808510625,0.168152398430625,weekly,weighted,0.0,region_03
2023-01-07,3,BQ.1,0.18271381556933336,0.21685586571666668,0.15190842847,weekly,weighted,0.0,region_03
2023-01-14,3,BQ.1,0.10669430771142856,0.13167167987142855,0.08503099743857143,weekly,weighted,0.0,region_03
2023-01-21,3,BQ.1,0.08391216053615384,0.10604647890923077,0.06511607193076924,weekly,weighted,0.0,region_03
2023-01-28,3,BQ.1,0.056160036473333334,0.07284404213166666,0.04233150091083334,weekly,weighted,0.0,region_03
2023-02-04,3,BQ.1,0.05301293290454545,0.08785966038636363,0.02904396436454546,weekly,weighted,0.0,region_03
2023-02-11,3,BQ.1,0.026016982271,0.040633449703,0.015595493652000001,weekly,weighted,0.0,region_03
2023-02-18,3,BQ.1,0.02348848991111111,0.03563967305888889,0.014634474696666665,weekly,weighted,0.0,region_03
2022-09-24,3,BQ.1.1,0.00751864216047619,0.012763646165714284,0.004035496729047619,weekly,weighted,0.0,region_03
2022-10-01,3,BQ.1.1,0.019668514547971784,0.033031069002451494,0.010662294825167548,weekly,weighted,,region_03
2022-10-08,3,BQ.1.1,0.031818386935467374,0.05329849183918871,0.01728909292128748,weekly,weighted,,region_03
2022-10-15,3,BQ.1.1,0.043968259322962965,0.07356591467592592,0.023915891017407407,weekly,weighted,0.0,region_03
2022-10-22,3,BQ.1.1,0.05939062842307692,0.08858114767576922,0.03757694793423077,weekly,weighted,0.0,region_03
2022-10-29,3,BQ.1.1,0.09474403113239999,0.1293490412828,0.0670471683148,weekly,weighted,0.0,region_03
2022-11-05,3,BQ.1.1,0.11833727111458332,0.14669548409666666,0.093765163795,weekly,weighted,0.0,region_03
2022-11-12,3,BQ.1.1,0.18857044694347824,0.2277314131678261,0.15355616613565218,weekly,weighted,0.0,region_03
2022-11-19,3,BQ.1.1,0.21628357740954546,0.26437407054772727,0.17332198538545454,weekly,weighted,0.0,region_03
2022-11-26,3,BQ.1.1,0.23791020682904765,0.299052357672381,0.18394013600761905,weekly,weighted,0.0,region_03
2022-12-03,3,BQ.1.1,0.31918781101599997,0.3666016757475,0.27450530231000003,weekly,weighted,0.0,region_03
2022-12-10,3,BQ.1.1,0.33692284791052635,0.37245286765894736,0.3027191209157895,weekly,weighted,0.0,region_03
2022-12-17,3,BQ.1.1,0.3191273129644444,0.3632787681283334,0.2773294962122222,weekly,weighted,0.0,region_03
2022-12-24,3,BQ.1.1,0.3217308118064706,0.35692475999058826,0.2879875214652941,weekly,weighted,0.0,region_03
2022-12-31,3,BQ.1.1,0.354380035773125,0.40444853901875,0.30658259987875003,weekly,weighted,0.0,region_03
2023-01-07,3,BQ.1.1,0.268330236276,0.30285468896333334,0.23593398928666667,weekly,weighted,0.0,region_03
2023-01-14,3,BQ.1.1,0.22142319806928573,0.24653237738857145,0.19776571222642855,weekly,weighted,0.0,region_03
2023-01-21,3,BQ.1.1,0.20293499299999998,0.2288985103376923,0.17869782676923077,weekly,weighted,0.0,region_03
2023-01-28,3,BQ.1.1,0.16811429709166667,0.1987916665775,0.14042880758833334,weekly,weighted,0.0,region_03
2023-02-04,3,BQ.1.1,0.10246636447636365,0.12600693783909092,0.08204543590636364,weekly,weighted,0.0,region_03
2023-02-11,3,BQ.1.1,0.082876589894,0.114777265488,0.057669419794999996,weekly,weighted,0.0,region_03
2023-02-18,3,BQ.1.1,0.05530215137444445,0.07190315839222222,0.04156890221777778,weekly,weighted,0.0,region_03
2023-02-25,3,BQ.1.1,0.06002039695125,0.0800816128025,0.0437393570325,weekly,weighted,0.0,region_03
2023-03-04,3,BQ.1.1,0.041640858475,0.072212935735,0.02143525177,weekly,weighted,0.0,region_03
2023-03-11,3,BQ.1.1,0.030351612716666667,0.04855342023,0.017578652128333334,weekly,weighted,0.0,region_03
2023-03-18,3,BQ.1.1,0.035715149248333335,0.056016243995000006,0.02122685289916667,weekly,weighted,,region_03
2023-03-25,3,BQ.1.1,0.04107868578,0.06347906776000001,0.02487505367,weekly,weighted,0.0,region_03
2022-12-10,3,CH.1.1,0.0144298682,0.02550551668,0.00729379756,weekly,weighted,0.0,region_03
2022-12-17,3,CH.1.1,0.017321064695999998,0.026763577511999998,0.010542129103999999,weekly,weighted,0.0,region_03
2022-12-24,3,CH.1.1,0.013744019516928569,0.022164664347071428,0.007930349677,weekly,weighted,,region_03
2022-12-31,3,CH.1.1,0.010166974337857142,0.017565751182142857,0.005318570250000001,weekly,weighted,0.0,region_03
2023-01-07,3,CH.1.1,0.022146116809285715,0.0340601581,0.013545539894285714,weekly,weighted,0.0,region_03
2023-01-14,3,CH.1.1,0.017662109664615386,0.02774480572923077,0.010514160833076923,weekly,weighted,0.0,region_03
2023-01-21,3,CH.1.1,0.013626941874807693,0.022051772479615386,0.007812738759038462,weekly,weighted,,region_03
2023-01-28,3,CH.1.1,0.009591774085000001,0.016358739230000002,0.005111316685000001,weekly,weighted,0.0,region_03
2023-06-24,3,EG.5,0.07937054277263157,0.1342247614736842,0.04183215491131579,biweekly,weighted,0.0,region_03
2023-07-01,3,EG.5,0.10295219027687133,0.17641933292850875,0.05252756596676901,biweekly,weighted,,region_03
2023-07-08,3,EG.5,0.1265338377811111,0.21861390438333334,0.06322297702222222,biweekly,weighted,0.0,region_03
2023-07-15,3,EG.5,0.12403095952642512,0.20007953611036233,0.06951091109176329,biweekly,weighted,,region_03
2023-07-22,3,EG.5,0.12152808127173914,0.1815451678373913,0.07579884516130435,biweekly,weighted,0.0,region_03
2023-07-29,3,EG.5,0.12274390118934783,0.1774201376929348,0.08016989444902174,biweekly,weighted,,region_03
2023-08-05,3,EG.5,0.12395972110695652,0.17329510754847827,0.08454094373673914,biweekly,weighted,0.0,region_03
2023-08-12,3,EG.5,0.14813538490647826,0.19402563442701692,0.10988188109548067,biweekly,weighted,,region_03
2023-08-19,3,EG.5,0.172311048706,0.21475616130555555,0.1352228184542222,biweekly,weighted,0.0,region_03
2023-08-26,3,EG.5,0.1992003760664091,0.2353425301911869,0.16670632925631568,biweekly,weighted,,region_03
2023-09-02,3,EG.5,0.2260897034268182,0.2559288990768182,0.19818984005840912,biweekly,weighted,0.0,region_03
2023-09-09,3,EG.5,0.24092635682840907,0.2704844090685254,0.21312018899269292,biweekly,weighted,,region_03
2023-09-16,3,EG.5,0.25576301023,0.28503991906023257,0.22805053792697674,biweekly,weighted,0.0,region_03
2023-09-23,3,EG.5,0.22593187273404763,0.25868353794678295,0.19566333940801217,biweekly,weighted,,region_03
2023-09-30,3,EG.5,0.19610073523809526,0.23232715683333335,0.1632761408890476,biweekly,weighted,0.0,region_03
2023-10-07,3,EG.5,0.21394660004526717,0.2570429234298374,0.1750533999954994,biweekly,weighted,,region_03
2023-10-14,3,EG.5,0.23179246485243904,0.28175869002634146,0.18683065910195124,biweekly,weighted,0.0,region_03
2023-10-21,3,EG.5,0.22094866931434454,0.2681599954870457,0.17857729787185062,biweekly,weighted,,region_03
2023-10-28,3,EG.5,0.21010487377625,0.25456130094775,0.17032393664175,biweekly,weighted,0.0,region_03
2023-11-04,3,EG.5,0.1813795737732532,0.22846499491874678,0.14075942406305447,biweekly,weighted,,region_03
2023-11-11,3,EG.5,0.1526542737702564,0.20236868888974358,0.11119491148435898,biweekly,weighted,0.0,region_03
2023-11-18,3,EG.5,0.1456721438982861,0.18940077078566125,0.10879979818033739,biweekly,weighted,,region_03
2023-11-25,3,EG.5,0.13869001402631578,0.17643285268157893,0.10640468487631578,biweekly,weighted,0.0,region_03
2023-12-02,3,EG.5,0.1249916423031579,0.15881482283889758,0.09613231327369844,biweekly,weighted,,region_03
2023-12-09,3,EG.5,0.11129327058,0.1411967929962162,0.08585994167108109,biweekly,weighted,0.0,region_03
2023-12-16,3,EG.5,0.09816613970111111,0.12901785899852478,0.07274718191512387,biweekly,weighted,,region_03
2023-12-23,3,EG.5,0.08503900882222222,0.11683892500083333,0.059634422159166665,biweekly,weighted,0.0,region_03
2023-12-30,3,EG.5,0.057726639822682536,0.0829839462619881,0.038525328529440475,biweekly,weighted,,region_03
2024-01-06,3,EG.5,0.030414270823142856,0.04912896752314286,0.017416234899714285,biweekly,weighted,0.0,region_03
2023-08-05,3,FL.1.5.1,0.07985558125447369,0.1383225000213158,0.04058287978973684,biweekly,weighted,0.0,region_03
2023-08-12,3,FL.1.5.1,0.08460957248879239,0.12949361252999123,0.052282076076423975,biweekly,weighted,,region_03
2023-08-19,3,FL.1.5.1,0.0893635637231111,0.12066472503866667,0.06398127236311112,biweekly,weighted,0.0,region_03
2023-08-26,3,FL.1.5.1,0.10616532776757828,0.13739917213615152,0.08005369374121465,biweekly,weighted,,region_03
2023-09-02,3,FL.1.5.1,0.12296709181204545,0.15413361923363636,0.09612611511931818,biweekly,weighted,0.0,region_03
2023-09-09,3,FL.1.5.1,0.12616176455474365,0.16009006595763214,0.09720270389651955,biweekly,weighted,,region_03
2023-09-16,3,FL.1.5.1,0.12935643729744187,0.1660465126816279,0.09827929267372093,biweekly,weighted,0.0,region_03
2023-09-23,3,FL.1.5.1,0.13500749540491142,0.16647896581498062,0.10770912713447951,biweekly,weighted,,region_03
2023-09-30,3,FL.1.5.1,0.14065855351238093,0.16691141894833333,0.1171389615952381,biweekly,weighted,0.0,region_03
2023-10-07,3,FL.1.5.1,0.14350363907716607,0.17448800662026423,0.11621363694566783,biweekly,weighted,,region_03
2023-10-14,3,FL.1.5.1,0.14634872464195123,0.18206459429219513,0.11528831229609755,biweekly,weighted,0.0,region_03
2023-10-21,3,FL.1.5.1,0.1229060020004756,0.15686898155184756,0.09412733760217379,biweekly,weighted,,region_03
2023-10-28,3,FL.1.5.1,0.099463279359,0.1316733688115,0.07296636290825001,biweekly,weighted,0.0,region_03
2023-11-04,3,FL.1.5.1,0.08498347098129487,0.11861547222100641,0.05863996772322757,biweekly,weighted,,region_03
2023-11-11,3,FL.1.5.1,0.07050366260358974,0.10555757563051281,0.04431357253820513,biweekly,weighted,0.0,region_03
2023-11-18,3,FL.1.5.1,0.07002128646850539,0.10175775040788798,0.04581498942633941,biweekly,weighted,,region_03
2023-11-25,3,FL.1.5.1,0.06953891033342105,0.09795792518526317,0.04731640631447368,biweekly,weighted,0.0,region_03
2023-12-02,3,FL.1.5.1,0.05408230383076458,0.07532829678992888,0.037385094704399005,biweekly,weighted,,region_03
2023-12-09,3,FL.1.5.1,0.03862569732810811,0.05269866839459459,0.027453783094324325,biweekly,weighted,0.0,region_03
2023-12-16,3,FL.1.5.1,0.03781218633333977,0.05930982199301159,0.022888189177876446,biweekly,weighted,,region_03
2023-12-23,3,FL.1.5.1,0.03699867533857143,0.06592097559142858,0.01832259526142857,biweekly,weighted,0.0,region_03
2023-09-16,3,GE.1,0.02123316754972973,0.03691931693108108,0.010970334069189189,biweekly,weighted,0.0,region_03
2023-09-23,3,GE.1,0.020384512921842752,0.03539453783793202,0.010555485473861589,biweekly,weighted,,region_03
2023-09-30,3,GE.1,0.019535858293955773,0.033869758744782964,0.010140636878533988,biweekly,weighted,,region_03
2023-10-07,3,GE.1,0.018687203666068797,0.0323449796516339,0.009725788283206388,biweekly,weighted,,region_03
2023-10-14,3,GE.1,0.017838549038181818,0.030820200558484844,0.009310939687878788,biweekly,weighted,0.0,region_03
2023-10-14,3,GK.1.1,0.016148416257037036,0.027718559183703702,0.008516102701851852,biweekly,weighted,0.0,region_03
2023-09-30,3,GK.2,0.014214782285555557,0.025035954666666665,0.007223025447407407,biweekly,weighted,0.0,region_03
2023-10-07,3,GK.2,0.01619623054777778,0.02796077897222222,0.008467840532037037,biweekly,weighted,,region_03
2023-10-14,3,GK.2,0.01817767881,0.030885603277777778,0.009712655616666668,biweekly,weighted,0.0,region_03
2023-09-30,3,HF.1,0.017438770715000003,0.02904303842,0.009596745727619047,biweekly,weighted,0.0,region_03
2023-10-14,3,HK.3,0.028160576052962964,0.04818462690777778,0.014855014367777777,biweekly,weighted,0.0,region_03
2023-10-21,3,HK.3,0.036238566751208706,0.06170155487738739,0.01916677720448198,biweekly,weighted,,region_03
2023-10-28,3,HK.3,0.04431655744945445,0.075218482846997,0.023478540041186186,biweekly,weighted,,region_03
2023-11-04,3,HK.3,0.0523945481477002,0.0887354108166066,0.027790302877890388,biweekly,weighted,,region_03
2023-11-11,3,HK.3,0.060472538845945945,0.10225233878621622,0.03210206571459459,biweekly,weighted,0.0,region_03
2023-11-18,3,HK.3,0.050383946247315084,0.08032829276139758,0.029320389603349928,biweekly,weighted,,region_03
2023-11-25,3,HK.3,0.040295353648684216,0.05840424673657895,0.02653871349210526,biweekly,weighted,0.0,region_03
2023-12-02,3,HK.3,0.04709996405717995,0.06448801155774893,0.03338142939240398,biweekly,weighted,,region_03
2023-12-09,3,HK.3,0.053904574465675675,0.07057177637891891,0.0402241452927027,biweekly,weighted,0.0,region_03
2023-12-16,3,HK.3,0.05221349308027027,0.07128348694878378,0.03709278744067567,biweekly,weighted,,region_03
2023-12-23,3,HK.3,0.05052241169486486,0.07199519751864865,0.033961429588648645,biweekly,weighted,0.0,region_03
2023-12-30,3,HK.3,0.03201190409639795,0.047410805940876044,0.020621032088289838,biweekly,weighted,,region_03
2024-01-06,3,HK.3,0.013501396497931034,0.022826414363103446,0.007280634587931035,biweekly,weighted,0.0,region_03
2023-09-02,3,HV.1,0.058406599906046505,0.07927279815511629,0.04167314532116279,biweekly,weighted,0.0,region_03
2023-09-09,3,HV.1,0.0798567513567442,0.10264040070581396,0.06084367442232558,biweekly,weighted,,region_03
2023-09-16,3,HV.1,0.10130690280744187,0.12600800325651162,0.08001420352348837,biweekly,weighted,0.0,region_03
2023-09-23,3,HV.1,0.14289264236122093,0.17127370338432724,0.1176705345685299,biweekly,weighted,,region_03
2023-09-30,3,HV.1,0.184478381915,0.21653940351214285,0.15532686561357142,biweekly,weighted,0.0,region_03
2023-10-07,3,HV.1,0.18683045018713412,0.21823669399765677,0.15819055814190766,biweekly,weighted,,region_03
2023-10-14,3,HV.1,0.18918251845926828,0.21993398448317072,0.1610542506702439,biweekly,weighted,0.0,region_03
2023-10-21,3,HV.1,0.23004377821450916,0.2931030418998354,0.17499195545824694,biweekly,weighted,,region_03
2023-10-28,3,HV.1,0.27090503796975,0.3662720993165,0.18892966024625,biweekly,weighted,0.0,region_03
2023-11-04,3,HV.1,0.2960067182493622,0.37027076985196794,0.23005392691389426,biweekly,weighted,,region_03
2023-11-11,3,HV.1,0.3211083985289744,0.37426944038743587,0.2711781935815385,biweekly,weighted,0.0,region_03
2023-11-18,3,HV.1,0.3329279379926451,0.38491270907292846,0.283829183854585,biweekly,weighted,,region_03
2023-11-25,3,HV.1,0.3447474774563158,0.39555597775842105,0.29648017412763156,biweekly,weighted,0.0,region_03
2023-12-02,3,HV.1,0.31368974584599574,0.3604147945070484,0.26959576041246447,biweekly,weighted,,region_03
2023-12-09,3,HV.1,0.2826320142356757,0.32527361125567567,0.24271134669729733,biweekly,weighted,0.0,region_03
2023-12-16,3,HV.1,0.24352274754567568,0.2905686654755405,0.20096014500513515,biweekly,weighted,,region_03
2023-12-23,3,HV.1,0.20441348085567568,0.2558637196954054,0.15920894331297297,biweekly,weighted,0.0,region_03
2023-12-30,3,HV.1,0.1639746674885323,0.20065551135950827,0.1315360595324587,biweekly,weighted,,region_03
2024-01-06,3,HV.1,0.1235358541213889,0.1454473030236111,0.10386317575194444,biweekly,weighted,0.0,region_03
2024-01-13,3,HV.1,0.08944246022126588,0.1103378573106627,0.07165865797325793,biweekly,weighted,,region_03
2024-01-20,3,HV.1,0.05534906632114286,0.07522841159771428,0.03945414019457143,biweekly,weighted,0.0,region_03
2024-01-27,3,HV.1,0.03882075894090476,0.0559289776495238,0.025972353274285716,biweekly,weighted,,region_03
2024-02-03,3,HV.1,0.022292451560666667,0.03662954370133333,0.012490566354000001,biweekly,weighted,0.0,region_03
2023-09-30,3,JD.1.1,0.02045629732142857,0.03656187227714286,0.010149407065714286,biweekly,weighted,0.0,region_03
2023-10-07,3,JD.1.1,0.03139458410333705,0.05458782084379464,0.01612229579842634,biweekly,weighted,,region_03
2023-10-14,3,JD.1.1,0.04233287088524554,0.07261376941044642,0.022095184531138394,biweekly,weighted,,region_03
2023-10-21,3,JD.1.1,0.05327115766715402,0.09063971797709822,0.028068073263850447,biweekly,weighted,,region_03
2023-10-28,3,JD.1.1,0.0642094444490625,0.10866566654375,0.0340409619965625,biweekly,weighted,0.0,region_03
2023-11-04,3,JD.1.1,0.059796479865300484,0.09747834094161859,0.033617622916101764,biweekly,weighted,,region_03
2023-11-11,3,JD.1.1,0.05538351528153846,0.08629101533948717,0.03319428383564103,biweekly,weighted,0.0,region_03
2023-11-18,3,JD.1.1,0.056242044026163965,0.08457233276158568,0.035335493533215245,biweekly,weighted,,region_03
2023-11-25,3,JD.1.1,0.057100572770789476,0.08285365018368421,0.03747670323078947,biweekly,weighted,0.0,region_03
2023-12-02,3,JD.1.1,0.06222101168678363,0.09605204289461988,0.03771461423053363,biweekly,weighted,,region_03
2023-12-09,3,JD.1.1,0.06734145060277778,0.10925043560555556,0.037952525230277784,biweekly,weighted,0.0,region_03
2023-12-16,3,JD.1.1,0.06357858063274024,0.09824119883304805,0.03846150044703078,biweekly,weighted,,region_03
2023-12-23,3,JD.1.1,0.059815710662702706,0.08723196206054054,0.03897047566378378,biweekly,weighted,0.0,region_03
2023-12-30,3,JD.1.1,0.04562322161274024,0.06699218137804805,0.029514295209253003,biweekly,weighted,,region_03
2024-01-06,3,JD.1.1,0.03143073256277778,0.04675240069555556,0.020058114754722224,biweekly,weighted,0.0,region_03
2023-09-30,3,JF.1,0.01461714878625,0.02559754960175,0.0074887586645,biweekly,weighted,0.0,region_03
2023-11-25,3,JG.3,0.05405797917157895,0.08248520191526315,0.03321885229394737,biweekly,weighted,0.0,region_03
2023-12-02,3,JG.3,0.04703457675521805,0.07509890590506015,0.027295887774402255,biweekly,weighted,,region_03
2023-12-09,3,JG.3,0.04001117433885714,0.06771260989485714,0.021372923254857144,biweekly,weighted,0.0,region_03
2023-12-16,3,JG.3,0.03494083527307722,0.05589082160648262,0.02031793703607722,biweekly,weighted,,region_03
2023-12-23,3,JG.3,0.029870496207297297,0.04406903331810811,0.019262950817297297,biweekly,weighted,0.0,region_03
2023-12-30,3,JG.3,0.032283262724065315,0.0494195128147485,0.019869859900176427,biweekly,weighted,,region_03
2024-01-06,3,JG.3,0.034696029240833336,0.05476999231138888,0.020476768983055556,biweekly,weighted,0.0,region_03
2023-11-25,3,JN.1,0.06297103139131578,0.0845512032118421,0.045512805643684213,biweekly,weighted,0.0,region_03
2023-12-02,3,JN.1,0.12559598988754977,0.15921790158889404,0.0968109045714367,biweekly,weighted,,region_03
2023-12-09,3,JN.1,0.18822094838378378,0.23388459996594593,0.14810900349918918,biweekly,weighted,0.0,region_03
2023-12-16,3,JN.1,0.28871565755162165,0.33570268287054056,0.24531411117810809,biweekly,weighted,,region_03
2023-12-23,3,JN.1,0.38921036671945947,0.43752076577513516,0.342519218857027,biweekly,weighted,0.0,region_03
2023-12-30,3,JN.1,0.5077910796702854,0.5630905041331231,0.451648476290319,biweekly,weighted,,region_03
2024-01-06,3,JN.1,0.6263717926211112,0.6886602424911111,0.5607777337236111,biweekly,weighted,0.0,region_03
2024-01-13,3,JN.1,0.6950412896184127,0.7503733007914127,0.6351271236228055,biweekly,weighted,,region_03
2024-01-20,3,JN.1,0.7637107866157142,0.8120863590917143,0.709476513522,biweekly,weighted,0.0,region_03
2024-01-27,3,JN.1,0.7839442081065335,0.8326561992157101,0.7278583911286471,biweekly,weighted,,region_03
2024-02-03,3,JN.1,0.804177629597353,0.8532260393397059,0.7462402687352941,biweekly,weighted,0.0,region_03
2024-02-10,3,JN.1,0.7802308501670099,0.8252790176880347,0.7288055382203744,biweekly,weighted,,region_03
2024-02-17,3,JN.1,0.7562840707366667,0.7973319960363636,0.7113708077054546,biweekly,weighted,0.0,region_03
2024-02-24,3,JN.1,0.7326024787384896,0.7859860983475568,0.6723190902758522,biweekly,weighted,,region_03
2024-03-02,3,JN.1,0.7089208867403125,0.7746402006587499,0.63326737284625,biweekly,weighted,0.0,region_03
2024-03-09,3,JN.1,0.6506775744077369,0.727021315435504,0.5670327813394154,biweekly,weighted,,region_03
2024-03-16,3,JN.1,0.5924342620751614,0.679402430212258,0.5007981898325806,biweekly,weighted,0.0,region_03
2024-03-23,3,JN.1,0.5130514845865093,0.6037151148630933,0.42177999423039747,biweekly,weighted,,region_03
2024-03-30,3,JN.1,0.43366870709785715,0.5280277995139285,0.34276179862821426,biweekly,weighted,0.0,region_03
2024-04-06,3,JN.1,0.42803705619427346,0.5346894695295504,0.3262366238666934,biweekly,weighted,,region_03
2024-04-13,3,JN.1,0.4224054052906897,0.5413511395451723,0.30971144910517245,biweekly,weighted,0.0,region_03
2024-04-20,3,JN.1,0.35303784581441894,0.47025708854184545,0.24777025673258624,biweekly,weighted,,region_03
2024-04-27,3,JN.1,0.28367028633814817,0.3991630375385185,0.18582906436,biweekly,weighted,0.0,region_03
2024-05-04,3,JN.1,0.28649497404719904,0.40889890864530093,0.18345374576145834,biweekly,weighted,,region_03
2024-05-11,3,JN.1,0.28931966175624996,0.41863477975208335,0.18107842716291667,biweekly,weighted,0.0,region_03
2024-05-18,3,JN.1,0.22581976557752498,0.34111283138464166,0.13479968593925834,biweekly,weighted,,region_03
2024-05-25,3,JN.1,0.1623198693988,0.2635908830172,0.08852094471559999,biweekly,weighted,0.0,region_03
2024-06-01,3,JN.1,0.14299566108498485,0.23247134179827275,0.0780096414226212,biweekly,weighted,,region_03
2024-06-08,3,JN.1,0.1236714527711697,0.20135180057934546,0.06749833812964241,biweekly,weighted,,region_03
2024-06-15,3,JN.1,0.10434724445735455,0.1702322593604182,0.05698703483666363,biweekly,weighted,,region_03
2024-06-22,3,JN.1,0.0850230361435394,0.1391127181414909,0.046475731543684846,biweekly,weighted,,region_03
2024-06-29,3,JN.1,0.06569882782972425,0.10799317692256363,0.03596442825070606,biweekly,weighted,,region_03
2024-07-06,3,JN.1,0.04637461951590909,0.07687363570363637,0.025453124957727277,biweekly,weighted,0.0,region_03
2024-07-13,3,JN.1,0.04114050293380682,0.06864622478710228,0.022398234742045456,biweekly,weighted,,region_03
2024-07-20,3,JN.1,0.035906386351704546,0.06041881387056818,0.01934334452636364,biweekly,weighted,,region_03
2024-07-27,3,JN.1,0.030672269769602273,0.052191402954034086,0.01628845431068182,biweekly,weighted,,region_03
2024-08-03,3,JN.1,0.0254381531875,0.043963992037499997,0.013233564095,biweekly,weighted,0.0,region_03
2024-08-10,3,JN.1,0.022914773010416667,0.04018243448875,0.011684763205833334,biweekly,weighted,,region_03
2024-08-17,3,JN.1,0.020391392833333334,0.03640087694,0.010135962316666665,biweekly,weighted,0.0,region_03
2024-08-24,3,JN.1,0.019570090694035088,0.033395195134473685,0.010419450078859648,biweekly,weighted,,region_03
2024-08-31,3,JN.1,0.018748788554736842,0.030389513328947373,0.010702937841052631,biweekly,weighted,0.0,region_03
2024-09-07,3,JN.1,0.019638911633250773,0.031536817085944274,0.011349858771114552,biweekly,weighted,,region_03
2024-09-14,3,JN.1,0.020529034711764708,0.03268412084294118,0.01199677970117647,biweekly,weighted,0.0,region_03
2024-08-03,3,JN.1.11.1,0.014198550954545454,0.023748576300909093,0.007765589832727273,biweekly,weighted,0.0,region_03
2024-03-16,3,JN.1.13.1,0.05391089991,0.09612325579,0.02648152225,biweekly,weighted,0.0,region_03
2024-07-20,3,JN.1.16.1,0.02217664942,0.03967066109,0.01098160259,biweekly,weighted,0.0,region_03
2024-07-27,3,JN.1.16.1,0.02685180599095238,0.04248041748166667,0.016014553914285714,biweekly,weighted,,region_03
2024-08-03,3,JN.1.16.1,0.03152696256190476,0.04529017387333333,0.021047505238571428,biweekly,weighted,0.0,region_03
2024-08-10,3,JN.1.16.1,0.02285132333020238,0.03492864784941667,0.014210815560785715,biweekly,weighted,,region_03
2024-08-17,3,JN.1.16.1,0.014175684098499999,0.0245671218255,0.007374125883,biweekly,weighted,0.0,region_03
2024-08-24,3,JN.1.16.1,0.02027032566425,0.033235767017749995,0.0113964478365,biweekly,weighted,,region_03
2024-08-31,3,JN.1.16.1,0.02636496723,0.04190441221,0.01541876979,biweekly,weighted,0.0,region_03
2024-08-03,3,JN.1.18,0.014377506697333333,0.02522699000866667,0.007346010332,biweekly,weighted,0.0,region_03
2024-02-03,3,JN.1.7,0.051006613795666664,0.07411810085233334,0.03343341909333333,biweekly,weighted,0.0,region_03
2024-02-10,3,JN.1.7,0.06592959817499999,0.096621444201,0.04263330716633333,biweekly,weighted,,region_03
2024-02-17,3,JN.1.7,0.08085258255433334,0.11912478754966666,0.051833195239333336,biweekly,weighted,0.0,region_03
2024-02-24,3,JN.1.7,0.08468167583166666,0.12883492161850002,0.052012877228499996,biweekly,weighted,,region_03
2024-03-02,3,JN.1.7,0.08851076910899999,0.13854505568733336,0.05219255921766666,biweekly,weighted,0.0,region_03
2024-03-09,3,JN.1.7,0.109185128659,0.17657449170983336,0.06089358286333333,biweekly,weighted,,region_03
2024-03-16,3,JN.1.7,0.129859488209,0.21460392773233333,0.069594606509,biweekly,weighted,0.0,region_03
2024-03-23,3,JN.1.7,0.15292942272128573,0.24482743133402382,0.08550289886182143,biweekly,weighted,,region_03
2024-03-30,3,JN.1.7,0.17599935723357144,0.2750509349357143,0.10141119121464286,biweekly,weighted,0.0,region_03
2024-04-06,3,JN.1.7,0.16759393284455357,0.26554667151303574,0.09480638063723215,biweekly,weighted,,region_03
2024-04-13,3,JN.1.7,0.15918850845553573,0.25604240809035717,0.08820157005982143,biweekly,weighted,,region_03
2024-04-20,3,JN.1.7,0.15078308406651786,0.24653814466767857,0.08159675948241071,biweekly,weighted,,region_03
2024-04-27,3,JN.1.7,0.1423776596775,0.237033881245,0.07499194890500001,biweekly,weighted,0.0,region_03
2024-05-04,3,JN.1.7,0.13915891862520832,0.23222284825986111,0.07311871151277778,biweekly,weighted,,region_03
2024-05-11,3,JN.1.7,0.13594017757291665,0.2274118152747222,0.07124547412055555,biweekly,weighted,,region_03
2024-05-18,3,JN.1.7,0.13272143652062499,0.22260078228958333,0.06937223672833333,biweekly,weighted,,region_03
2024-05-25,3,JN.1.7,0.12950269546833332,0.21778974930444445,0.0674989993361111,biweekly,weighted,0.0,region_03
2024-02-03,3,JN.1.8.1,0.04400914314185185,0.07009905217888888,0.025634103697037034,biweekly,weighted,0.0,region_03
2024-02-10,3,JN.1.8.1,0.04677164649117592,0.07603006462844444,0.02643113488376852,biweekly,weighted,,region_03
2024-02-17,3,JN.1.8.1,0.049534149840499996,0.081961077078,0.0272281660705,biweekly,weighted,0.0,region_03
2024-02-24,3,JN.1.8.1,0.06453541077156578,0.10614895182373685,0.03558893289288158,biweekly,weighted,,region_03
2024-03-02,3,JN.1.8.1,0.07953667170263158,0.13033682656947368,0.043949699715263156,biweekly,weighted,0.0,region_03
2024-03-09,3,JN.1.8.1,0.0737874339368515,0.12231820111687969,0.04015636405209586,biweekly,weighted,,region_03
2024-03-16,3,JN.1.8.1,0.06803819617107143,0.11429957566428571,0.03636302838892857,biweekly,weighted,0.0,region_03
2024-06-08,3,KP.1.1,0.07460812292749999,0.13195148483,0.0367792220775,biweekly,weighted,0.0,region_03
2024-06-15,3,KP.1.1,0.06752084373284091,0.11646337773318181,0.034715521402613636,biweekly,weighted,,region_03
2024-06-22,3,KP.1.1,0.06043356453818182,0.10097527063636363,0.03265182072772727,biweekly,weighted,0.0,region_03
2024-06-29,3,KP.1.1,0.05532876182045455,0.08952057395409091,0.03140083526840909,biweekly,weighted,,region_03
2024-07-06,3,KP.1.1,0.05022395910272728,0.07806587727181818,0.030149849809090908,biweekly,weighted,0.0,region_03
2024-07-13,3,KP.1.1,0.037743715315946974,0.06111190023507576,0.021541457457045454,biweekly,weighted,,region_03
2024-07-20,3,KP.1.1,0.025263471529166664,0.04415792319833334,0.012933065105,biweekly,weighted,0.0,region_03
2024-07-27,3,KP.1.1,0.02716829365276515,0.04509131504553031,0.015024516057954546,biweekly,weighted,,region_03
2024-08-03,3,KP.1.1,0.029073115776363637,0.04602470689272728,0.017115967010909092,biweekly,weighted,0.0,region_03
2024-08-10,3,KP.1.1,0.024850708725515154,0.04016491928836364,0.014244477251121213,biweekly,weighted,,region_03
2024-08-17,3,KP.1.1,0.020628301674666668,0.034305131684,0.011372987491333333,biweekly,weighted,0.0,region_03
2024-07-20,3,KP.1.1.3,0.03903444448428571,0.06599763887285715,0.02087688721,biweekly,weighted,0.0,region_03
2024-07-27,3,KP.1.1.3,0.030705561218642853,0.05095005852242857,0.0169186432155,biweekly,weighted,,region_03
2024-08-03,3,KP.1.1.3,0.022376677953,0.035902478172,0.012960399220999999,biweekly,weighted,0.0,region_03
2024-08-10,3,KP.1.1.3,0.025310876313264705,0.04219145916070588,0.013893857019911764,biweekly,weighted,,region_03
2024-08-17,3,KP.1.1.3,0.02824507467352941,0.04848044014941177,0.01482731481882353,biweekly,weighted,0.0,region_03
2024-08-24,3,KP.1.1.3,0.02462409230755418,0.04081702919681115,0.013621974862043343,biweekly,weighted,,region_03
2024-08-31,3,KP.1.1.3,0.02100310994157895,0.03315361824421053,0.012416634905263157,biweekly,weighted,0.0,region_03
2024-09-07,3,KP.1.1.3,0.023284698348601973,0.03913420393429276,0.012658968549819079,biweekly,weighted,,region_03
2024-09-14,3,KP.1.1.3,0.025566286755625,0.045114789624375,0.012901302194375,biweekly,weighted,0.0,region_03
2024-04-27,3,KP.2,0.16281805933,0.28007414937,0.08046510816,biweekly,weighted,0.0,region_03
2024-05-04,3,KP.2,0.15107792367814815,0.2551188968396296,0.07742692240666667,biweekly,weighted,,region_03
2024-05-11,3,KP.2,0.1393377880262963,0.23016364430925926,0.07438873665333333,biweekly,weighted,0.0,region_03
2024-05-18,3,KP.2,0.13856586327214815,0.22252359229082963,0.07739644744426666,biweekly,weighted,,region_03
2024-05-25,3,KP.2,0.137793938518,0.2148835402724,0.0804041582352,biweekly,weighted,0.0,region_03
2024-06-01,3,KP.2,0.12706731469148863,0.19756866310948637,0.07455256095631137,biweekly,weighted,,region_03
2024-06-08,3,KP.2,0.11634069086497728,0.18025378594657274,0.06870096367742273,biweekly,weighted,,region_03
2024-06-15,3,KP.2,0.10561406703846592,0.1629389087836591,0.06284936639853408,biweekly,weighted,,region_03
2024-06-22,3,KP.2,0.09488744321195455,0.14562403162074544,0.05699776911964545,biweekly,weighted,,region_03
2024-06-29,3,KP.2,0.08416081938544319,0.1283091544578318,0.051146171840756816,biweekly,weighted,,region_03
2024-07-06,3,KP.2,0.07343419555893183,0.11099427729491818,0.04529457456186818,biweekly,weighted,,region_03
2024-07-13,3,KP.2,0.06270757173242046,0.09367940013200454,0.03944297728297954,biweekly,weighted,,region_03
2024-07-20,3,KP.2,0.0519809479059091,0.07636452296909091,0.033591380004090905,biweekly,weighted,0.0,region_03
2024-07-27,3,KP.2,0.05555713101676407,0.0775382508526407,0.03841186807847402,biweekly,weighted,,region_03
2024-08-03,3,KP.2,0.05913331412761905,0.07871197873619049,0.04323235615285714,biweekly,weighted,0.0,region_03
2024-08-10,3,KP.2,0.06087397326305952,0.08001546916509525,0.045174447238428575,biweekly,weighted,,region_03
2024-08-17,3,KP.2,0.0626146323985,0.081318959594,0.047116538324,biweekly,weighted,0.0,region_03
2024-08-24,3,KP.2,0.06605203965451316,0.08880536062121053,0.04775579230121053,biweekly,weighted,,region_03
2024-08-31,3,KP.2,0.06948944691052632,0.09629176164842106,0.048395046278421054,biweekly,weighted,0.0,region_03
2024-09-07,3,KP.2,0.052222419078040934,0.07322871654476608,0.03586966618782164,biweekly,weighted,,region_03
2024-09-14,3,KP.2,0.03495539124555555,0.05016567144111111,0.023344286097222222,biweekly,weighted,0.0,region_03
2024-09-21,3,KP.2,0.033143454955277776,0.05116392243899305,0.02025333912236111,biweekly,weighted,,region_03
2024-09-28,3,KP.2,0.031331518665,0.052162173436875,0.0171623921475,biweekly,weighted,0.0,region_03
2024-08-17,3,KP.2.15,0.022317513825000003,0.035645006411000005,0.0129848231555,biweekly,weighted,0.0,region_03
2024-08-24,3,KP.2.15,0.020576774089903847,0.03330350122440385,0.011771006818355769,biweekly,weighted,,region_03
2024-08-31,3,KP.2.15,0.01883603435480769,0.030961996037807697,0.010557190481211539,biweekly,weighted,,region_03
2024-09-07,3,KP.2.15,0.01709529461971154,0.028620490851211544,0.009343374144067308,biweekly,weighted,,region_03
2024-09-14,3,KP.2.15,0.015354554884615384,0.026278985664615388,0.008129557806923078,biweekly,weighted,0.0,region_03
2024-06-08,3,KP.2.3,0.07013088063461538,0.12480810972384616,0.034306218129230764,biweekly,weighted,0.0,region_03
2024-06-15,3,KP.2.3,0.07826135511861204,0.12838447599822742,0.04347165658352843,biweekly,weighted,,region_03
2024-06-22,3,KP.2.3,0.0863918296026087,0.13196084227260868,0.05263709503782609,biweekly,weighted,0.0,region_03
2024-06-29,3,KP.2.3,0.08829570966565217,0.12877179358326085,0.05739777980673913,biweekly,weighted,,region_03
2024-07-06,3,KP.2.3,0.09019958972869566,0.12558274489391305,0.062158464575652175,biweekly,weighted,0.0,region_03
2024-07-13,3,KP.2.3,0.11090671508116601,0.14591873222218382,0.08202874586100792,biweekly,weighted,,region_03
2024-07-20,3,KP.2.3,0.13161384043363636,0.16625471955045457,0.10189902714636365,biweekly,weighted,0.0,region_03
2024-07-27,3,KP.2.3,0.12949794288943722,0.1607514962685606,0.10240360971841991,biweekly,weighted,,region_03
2024-08-03,3,KP.2.3,0.1273820453452381,0.15524827298666666,0.10290819229047618,biweekly,weighted,0.0,region_03
2024-08-10,3,KP.2.3,0.13147853618136904,0.16132072015133334,0.10537569676298808,biweekly,weighted,,region_03
2024-08-17,3,KP.2.3,0.1355750270175,0.167393167316,0.1078432012355,biweekly,weighted,0.0,region_03
2024-08-24,3,KP.2.3,0.12937209243348685,0.1573602505024737,0.10477412640090789,biweekly,weighted,,region_03
2024-08-31,3,KP.2.3,0.12316915784947369,0.14732733368894738,0.10170505156631579,biweekly,weighted,0.0,region_03
2024-09-07,3,KP.2.3,0.11265671263001462,0.1457919999955848,0.08533240462565789,biweekly,weighted,,region_03
2024-09-14,3,KP.2.3,0.10214426741055554,0.14425666630222223,0.068959757685,biweekly,weighted,0.0,region_03
2024-09-21,3,KP.2.3,0.09928456748674835,0.13824122004581701,0.06832087554838234,biweekly,weighted,,region_03
2024-09-28,3,KP.2.3,0.09642486756294118,0.13222577378941178,0.0676819934117647,biweekly,weighted,0.0,region_03
2024-10-05,3,KP.2.3,0.08989291825853922,0.12910730507839216,0.059953003401823524,biweekly,weighted,,region_03
2024-10-12,3,KP.2.3,0.08336096895413725,0.12598883636737257,0.05222401339188235,biweekly,weighted,,region_03
2024-10-19,3,KP.2.3,0.07682901964973529,0.12287036765635295,0.04449502338194118,biweekly,weighted,,region_03
2024-10-26,3,KP.2.3,0.07029707034533333,0.11975189894533335,0.036766033372000004,biweekly,weighted,0.0,region_03
2024-05-25,3,KP.3,0.11776813492166667,0.19847593208333333,0.061475712183333336,biweekly,weighted,0.0,region_03
2024-06-01,3,KP.3,0.14941444620520833,0.2266049673785417,0.09139508272708333,biweekly,weighted,,region_03
2024-06-08,3,KP.3,0.18106075748874997,0.25473400267375,0.12131445327083333,biweekly,weighted,0.0,region_03
2024-06-15,3,KP.3,0.16706436929198368,0.24505166432644024,0.10608708788932972,biweekly,weighted,,region_03
2024-06-22,3,KP.3,0.15306798109521738,0.23536932597913046,0.09085972250782609,biweekly,weighted,0.0,region_03
2024-06-29,3,KP.3,0.20814121141999997,0.28418223041478263,0.1460712576369565,biweekly,weighted,,region_03
2024-07-06,3,KP.3,0.2632144417447826,0.33299513485043475,0.20128279276608693,biweekly,weighted,0.0,region_03
2024-07-13,3,KP.3,0.2521638764664822,0.31960756967726284,0.19254603624167982,biweekly,weighted,,region_03
2024-07-20,3,KP.3,0.2411133111881818,0.3062200045040909,0.18380927971727273,biweekly,weighted,0.0,region_03
2024-07-27,3,KP.3,0.21760244369194803,0.2861218879489502,0.15915282639887446,biweekly,weighted,,region_03
2024-08-03,3,KP.3,0.19409157619571427,0.26602377139380956,0.13449637308047618,biweekly,weighted,0.0,region_03
2024-08-10,3,KP.3,0.17906168058860714,0.23273203332190479,0.1335782830382381,biweekly,weighted,,region_03
2024-08-17,3,KP.3,0.1640317849815,0.19944029525,0.13266019299600001,biweekly,weighted,0.0,region_03
2024-08-24,3,KP.3,0.14455414494785526,0.1854106875444737,0.11014390683852632,biweekly,weighted,,region_03
2024-08-31,3,KP.3,0.12507650491421052,0.17138107983894738,0.08762762068105263,biweekly,weighted,0.0,region_03
2024-09-07,3,KP.3,0.1273975057079386,0.16275422747864035,0.09776943235802632,biweekly,weighted,,region_03
2024-09-14,3,KP.3,0.12971850650166666,0.15412737511833333,0.107911244035,biweekly,weighted,0.0,region_03
2024-09-21,3,KP.3,0.10689521430864583,0.14133406238979168,0.07964373298500001,biweekly,weighted,,region_03
2024-09-28,3,KP.3,0.084071922115625,0.12854074966125,0.051376221935,biweekly,weighted,0.0,region_03
2024-10-05,3,KP.3,0.08201648411375001,0.1230008215646875,0.0514270365246875,biweekly,weighted,,region_03
2024-10-12,3,KP.3,0.079961046111875,0.117460893468125,0.051477851114375,biweekly,weighted,0.0,region_03
2024-10-19,3,KP.3,0.0848785934509375,0.13068630391114583,0.051296240534687496,biweekly,weighted,,region_03
2024-10-26,3,KP.3,0.08979614078999999,0.14391171435416666,0.051114629955,biweekly,weighted,0.0,region_03
2024-11-02,3,KP.3,0.07435785419999999,0.12460309018708333,0.0399459144125,biweekly,weighted,,region_03
2024-11-09,3,KP.3,0.05891956761,0.10529446602,0.02877719887,biweekly,weighted,0.0,region_03
2024-11-16,3,KP.3,0.0582927144090625,0.103937028908125,0.02857986273375,biweekly,weighted,,region_03
2024-11-23,3,KP.3,0.057665861208125,0.10257959179625001,0.0283825265975,biweekly,weighted,,region_03
2024-11-30,3,KP.3,0.0570390080071875,0.10122215468437501,0.02818519046125,biweekly,weighted,,region_03
2024-12-07,3,KP.3,0.05641215480625,0.09986471757250001,0.027987854325,biweekly,weighted,,region_03
2024-12-14,3,KP.3,0.0557853016053125,0.098507280460625,0.02779051818875,biweekly,weighted,,region_03
2024-12-21,3,KP.3,0.055158448404375,0.09714984334875,0.027593182052499998,biweekly,weighted,,region_03
2024-12-28,3,KP.3,0.0545315952034375,0.095792406236875,0.027395845916249998,biweekly,weighted,,region_03
2025-01-04,3,KP.3,0.0539047420025,0.094434969125,0.027198509779999998,biweekly,weighted,0.0,region_03
2024-07-06,3,KP.3.1.1,0.11703889104347827,0.16026234885913043,0.08228083214000001,biweekly,weighted,0.0,region_03
2024-07-13,3,KP.3.1.1,0.12210522591355732,0.1685320717457016,0.08480928764613638,biweekly,weighted,,region_03
2024-07-20,3,KP.3.1.1,0.12717156078363637,0.17680179463227275,0.08733774315227273,biweekly,weighted,0.0,region_03
2024-07-27,3,KP.3.1.1,0.16706856784443724,0.2097074060954221,0.1308692854335173,biweekly,weighted,,region_03
2024-08-03,3,KP.3.1.1,0.20696557490523812,0.24261301755857143,0.1744008277147619,biweekly,weighted,0.0,region_03
2024-08-10,3,KP.3.1.1,0.24617295130286904,0.3071833647785357,0.19179047441913094,biweekly,weighted,,region_03
2024-08-17,3,KP.3.1.1,0.2853803277005,0.3717537119985,0.20918012112349998,biweekly,weighted,0.0,region_03
2024-08-24,3,KP.3.1.1,0.3080757489320921,0.37896243157319737,0.24391053997385526,biweekly,weighted,,region_03
2024-08-31,3,KP.3.1.1,0.33077117016368424,0.38617115114789474,0.2786409588242105,biweekly,weighted,0.0,region_03
2024-09-07,3,KP.3.1.1,0.36779670687378657,0.41440386107228067,0.3232423149015497,biweekly,weighted,,region_03
2024-09-14,3,KP.3.1.1,0.4048222435838889,0.44263657099666665,0.36784367097888887,biweekly,weighted,0.0,region_03
2024-09-21,3,KP.3.1.1,0.4599322339681209,0.5027120343706863,0.41746719668562093,biweekly,weighted,,region_03
2024-09-28,3,KP.3.1.1,0.5150422243523529,0.5627874977447059,0.46709072239235294,biweekly,weighted,0.0,region_03
2024-10-05,3,KP.3.1.1,0.5164506441974265,0.5834443188982905,0.448982703609614,biweekly,weighted,,region_03
2024-10-12,3,KP.3.1.1,0.5178590640425,0.604101140051875,0.430874684826875,biweekly,weighted,0.0,region_03
2024-10-19,3,KP.3.1.1,0.51462642475875,0.6180004868634374,0.4104407029234375,biweekly,weighted,,region_03
2024-10-26,3,KP.3.1.1,0.511393785475,0.631899833675,0.39000672102,biweekly,weighted,0.0,region_03
2024-11-02,3,KP.3.1.1,0.46885418572500004,0.5681184466378572,0.37046252191,biweekly,weighted,,region_03
2024-11-09,3,KP.3.1.1,0.426314585975,0.5043370596007143,0.3509183228,biweekly,weighted,0.0,region_03
2024-11-16,3,KP.3.1.1,0.4417943177475,0.5555300549386905,0.33207414050833334,biweekly,weighted,,region_03
2024-11-23,3,KP.3.1.1,0.45727404952,0.6067230502766666,0.31322995821666666,biweekly,weighted,0.0,region_03
2024-11-30,3,KP.3.1.1,0.36798341323916667,0.49932574356625,0.2481785360725,biweekly,weighted,,region_03
2024-12-07,3,KP.3.1.1,0.27869277695833333,0.39192843685583334,0.18312711392833333,biweekly,weighted,0.0,region_03
2024-12-14,3,KP.3.1.1,0.310596304635,0.41182325780375006,0.22197598467291668,biweekly,weighted,,region_03
2024-12-21,3,KP.3.1.1,0.34249983231166664,0.43171807875166673,0.2608248554175,biweekly,weighted,0.0,region_03
2024-12-28,3,KP.3.1.1,0.2539386873435606,0.33604666872946976,0.18355443650375,biweekly,weighted,,region_03
2025-01-04,3,KP.3.1.1,0.16537754237545454,0.24037525870727272,0.10628401759,biweekly,weighted,0.0,region_03
2025-01-11,3,KP.3.1.1,0.15264480412022727,0.21281076778113636,0.1042053403835,biweekly,weighted,,region_03
2025-01-18,3,KP.3.1.1,0.139912065865,0.185246276855,0.102126663177,biweekly,weighted,0.0,region_03
2025-01-25,3,KP.3.1.1,0.1322909748391667,0.1740603263175,0.09745136371072223,biweekly,weighted,,region_03
2025-02-01,3,KP.3.1.1,0.12466988381333335,0.16287437578,0.09277606424444446,biweekly,weighted,0.0,region_03
2025-02-08,3,KP.3.1.1,0.11443148760354167,0.158945111246875,0.07926041537222223,biweekly,weighted,,region_03
2025-02-15,3,KP.3.1.1,0.10419309139374999,0.15501584671375,0.0657447665,biweekly,weighted,0.0,region_03
2025-02-22,3,KP.3.1.1,0.09116113585044643,0.13725843187473213,0.05669168905071428,biweekly,weighted,,region_03
2025-03-01,3,KP.3.1.1,0.07812918030714286,0.11950101703571428,0.04763861160142857,biweekly,weighted,0.0,region_03
2025-03-08,3,KP.3.1.1,0.07516816750607143,0.11807712912660714,0.044222511216964286,biweekly,weighted,,region_03
2025-03-15,3,KP.3.1.1,0.072207154705,0.11665324121750001,0.0408064108325,biweekly,weighted,0.0,region_03
2024-06-08,3,LB.1,0.150400397182,0.22991666793999999,0.090566456318,biweekly,weighted,0.0,region_03
2024-06-15,3,LB.1,0.1553850363133913,0.2309668761243478,0.09726498486573913,biweekly,weighted,,region_03
2024-06-22,3,LB.1,0.16036967544478262,0.23201708430869564,0.10396351341347826,biweekly,weighted,0.0,region_03
2024-06-29,3,LB.1,0.16673511720239131,0.2447576785219565,0.10575372952456522,biweekly,weighted,,region_03
2024-07-06,3,LB.1,0.17310055895999998,0.25749827273521736,0.10754394563565217,biweekly,weighted,0.0,region_03
2024-07-13,3,LB.1,0.18925246465340906,0.2527238413132905,0.13737947950168972,biweekly,weighted,,region_03
2024-07-20,3,LB.1,0.20540437034681816,0.24794940989136363,0.1672150133677273,biweekly,weighted,0.0,region_03
2024-07-27,3,LB.1,0.19107357165912336,0.23262922138425324,0.15408212209243508,biweekly,weighted,,region_03
2024-08-03,3,LB.1,0.17674277297142857,0.21730903287714284,0.14094923081714286,biweekly,weighted,0.0,region_03
2024-08-10,3,LB.1,0.16764131012846428,0.20518994877732144,0.13448274926732146,biweekly,weighted,,region_03
2024-08-17,3,LB.1,0.15853984728550002,0.1930708646775,0.12801626771750002,biweekly,weighted,0.0,region_03
2024-08-24,3,LB.1,0.1444778983340658,0.1752939144250658,0.1172387065469079,biweekly,weighted,,region_03
2024-08-31,3,LB.1,0.13041594938263157,0.15751696417263159,0.10646114537631579,biweekly,weighted,0.0,region_03
2024-09-07,3,LB.1,0.11749250081214913,0.15655661145548247,0.086147227314269,biweekly,weighted,,region_03
2024-09-14,3,LB.1,0.10456905224166667,0.15559625873833335,0.06583330925222222,biweekly,weighted,0.0,region_03
2024-09-21,3,LB.1,0.08849470303936274,0.1335552816147549,0.054812323698169935,biweekly,weighted,,region_03
2024-09-28,3,LB.1,0.07242035383705882,0.11151430449117647,0.04379133814411765,biweekly,weighted,0.0,region_03
2024-10-05,3,LB.1,0.0727425894344669,0.10994770317652573,0.045114496859871324,biweekly,weighted,,region_03
2024-10-12,3,LB.1,0.073064825031875,0.108381101861875,0.046437655575625,biweekly,weighted,0.0,region_03
2025-01-04,3,LB.1.3.1,0.03277689442,0.055880443752,0.017360280454,biweekly,weighted,0.0,region_03
2025-01-11,3,LB.1.3.1,0.0364562985175,0.06017749889038889,0.02026520225522222,biweekly,weighted,,region_03
2025-01-18,3,LB.1.3.1,0.040135702615000005,0.06447455402877778,0.023170124056444447,biweekly,weighted,,region_03
2025-01-25,3,LB.1.3.1,0.0438151067125,0.06877160916716667,0.02607504585766667,biweekly,weighted,,region_03
2025-02-01,3,LB.1.3.1,0.04749451081,0.07306866430555556,0.02897996765888889,biweekly,weighted,0.0,region_03
2025-02-08,3,LB.1.3.1,0.038133632391666665,0.06182307356611111,0.02178229577777778,biweekly,weighted,,region_03
2025-02-15,3,LB.1.3.1,0.028772753973333332,0.050577482826666666,0.014584623896666668,biweekly,weighted,0.0,region_03
2025-01-18,3,LF.7,0.0428002784025,0.0730212088675,0.0225535170175,biweekly,weighted,0.0,region_03
2025-01-25,3,LF.7,0.042247834770416666,0.07234787972041667,0.02214778346625,biweekly,weighted,,region_03
2025-02-01,3,LF.7,0.041695391138333336,0.07167455057333334,0.021742049915,biweekly,weighted,,region_03
2025-02-08,3,LF.7,0.04114294750625,0.07100122142625001,0.02133631636375,biweekly,weighted,,region_03
2025-02-15,3,LF.7,0.04059050387416666,0.07032789227916666,0.0209305828125,biweekly,weighted,,region_03
2025-02-22,3,LF.7,0.04003806024208333,0.06965456313208333,0.02052484926125,biweekly,weighted,,region_03
2025-03-01,3,LF.7,0.039485616609999996,0.068981233985,0.02011911571,biweekly,weighted,0.0,region_03
2024-07-20,3,LP.1,0.044212887234090906,0.06990428539818182,0.025943736376363637,biweekly,weighted,0.0,region_03
2024-07-27,3,LP.1,0.040189016058624405,0.06581960999066985,0.022515605487129185,biweekly,weighted,,region_03
2024-08-03,3,LP.1,0.0361651448831579,0.061734934583157895,0.019087474597894737,biweekly,weighted,0.0,region_03
2024-08-10,3,LP.1,0.034755061395328954,0.057662916213078945,0.01913313667369737,biweekly,weighted,,region_03
2024-08-17,3,LP.1,0.033344977907500004,0.053590897842999995,0.0191787987495,biweekly,weighted,0.0,region_03
2024-08-24,3,LP.1,0.03467058333032895,0.05225275416649999,0.02182820764475,biweekly,weighted,,region_03
2024-08-31,3,LP.1,0.03599618875315789,0.05091461049,0.02447761654,biweekly,weighted,0.0,region_03
2024-09-07,3,LP.1,0.03218822131130117,0.046303059420555556,0.02144302953833333,biweekly,weighted,,region_03
2024-09-14,3,LP.1,0.028380253869444445,0.04169150835111111,0.018408442536666667,biweekly,weighted,0.0,region_03
2025-01-04,3,LP.8.1,0.08417933351444445,0.1315040340011111,0.04991697892666666,biweekly,weighted,0.0,region_03
2025-01-11,3,LP.8.1,0.13502064380372222,0.21390670935205552,0.07658611200783333,biweekly,weighted,,region_03
2025-01-18,3,LP.8.1,0.185861954093,0.29630938470299995,0.103255245089,biweekly,weighted,0.0,region_03
2025-01-25,3,LP.8.1,0.20282954259094443,0.27846015973149996,0.1429808841806111,biweekly,weighted,,region_03
2025-02-01,3,LP.8.1,0.21979713108888888,0.26061093476,0.18270652327222223,biweekly,weighted,0.0,region_03
2025-02-08,3,LP.8.1,0.23538804447506945,0.29339062629375,0.1840865349179861,biweekly,weighted,,region_03
2025-02-15,3,LP.8.1,0.25097895786125,0.3261703178275,0.18546654656375,biweekly,weighted,0.0,region_03
2025-02-22,3,LP.8.1,0.313374929395625,0.38207612133375,0.25097174809401784,biweekly,weighted,,region_03
2025-03-01,3,LP.8.1,0.37577090093,0.43798192484,0.3164769496242857,biweekly,weighted,0.0,region_03
2025-03-08,3,LP.8.1,0.43819850399416665,0.5296835360075,0.3481395013988095,biweekly,weighted,,region_03
2025-03-15,3,LP.8.1,0.5006261070583333,0.6213851471749999,0.3798020531733333,biweekly,weighted,0.0,region_03
2025-03-22,3,LP.8.1,0.5153965691731667,0.6308716366695,0.39883791754666664,biweekly,weighted,,region_03
2025-03-29,3,LP.8.1,0.530167031288,0.640358126164,0.41787378192,biweekly,weighted,0.0,region_03
2024-09-28,3,MC.1,0.031110385899375,0.05188353452875,0.0170047305875,biweekly,weighted,0.0,region_03
2024-10-05,3,MC.1,0.0336727205020375,0.056243182812374996,0.01834153426235,biweekly,weighted,,region_03
2024-10-12,3,MC.1,0.0362350551047,0.060602831095999996,0.0196783379372,biweekly,weighted,,region_03
2024-10-19,3,MC.1,0.0387973897073625,0.064962479379625,0.02101514161205,biweekly,weighted,,region_03
2024-10-26,3,MC.1,0.041359724310025,0.06932212766325,0.022351945286900002,biweekly,weighted,,region_03
2024-11-02,3,MC.1,0.043922058912687495,0.073681775946875,0.02368874896175,biweekly,weighted,,region_03
2024-11-09,3,MC.1,0.04648439351535,0.0780414242305,0.0250255526366,biweekly,weighted,,region_03
2024-11-16,3,MC.1,0.04904672811801249,0.082401072514125,0.02636235631145,biweekly,weighted,,region_03
2024-11-23,3,MC.1,0.051609062720674996,0.08676072079775,0.0276991599863,biweekly,weighted,,region_03
2024-11-30,3,MC.1,0.0541713973233375,0.09112036908137501,0.02903596366115,biweekly,weighted,,region_03
2024-12-07,3,MC.1,0.056733731925999994,0.095480017365,0.030372767336,biweekly,weighted,0.0,region_03
2024-12-14,3,MC.1,0.058112588508363636,0.09498912671806818,0.03254846851268182,biweekly,weighted,,region_03
2024-12-21,3,MC.1,0.05949144509072727,0.09449823607113636,0.034724169689363635,biweekly,weighted,,region_03
2024-12-28,3,MC.1,0.060870301673090904,0.09400734542420454,0.03689987086604546,biweekly,weighted,,region_03
2025-01-04,3,MC.1,0.062249158255454545,0.09351645477727272,0.039075572042727276,biweekly,weighted,0.0,region_03
2025-01-04,3,MC.10.1,0.0389836486425,0.068445028735,0.0197192481725,biweekly,weighted,0.0,region_03
2025-01-11,3,MC.10.1,0.05444222372075,0.08702229913250001,0.03156134742325,biweekly,weighted,,region_03
2025-01-18,3,MC.10.1,0.06990079879899999,0.10559956953,0.043403446674,biweekly,weighted,0.0,region_03
2025-01-25,3,MC.10.1,0.062211729214499994,0.101121996715,0.035210371017,biweekly,weighted,,region_03
2025-02-01,3,MC.10.1,0.05452265963,0.0966444239,0.02701729536,biweekly,weighted,0.0,region_03
2025-02-08,3,MC.10.1,0.04490208241625,0.078676993259375,0.02271360025,biweekly,weighted,,region_03
2025-02-15,3,MC.10.1,0.0352815052025,0.06070956261875,0.018409905140000002,biweekly,weighted,0.0,region_03
2025-03-01,3,MC.19,0.03772025183,0.0625263676,0.02075039782,biweekly,weighted,0.0,region_03
2025-01-18,3,MC.28.1,0.03983427418555555,0.06894004262222223,0.020576349768888887,biweekly,weighted,0.0,region_03
2025-01-25,3,MC.28.1,0.042348986180416666,0.07153781068854168,0.022702543413541665,biweekly,weighted,,region_03
2025-02-01,3,MC.28.1,0.04486369817527777,0.07413557875486111,0.024828737058194446,biweekly,weighted,,region_03
2025-02-08,3,MC.28.1,0.047378410170138885,0.07673334682118055,0.026954930702847223,biweekly,weighted,,region_03
2025-02-15,3,MC.28.1,0.049893122165,0.0793311148875,0.0290811243475,biweekly,weighted,0.0,region_03
2021-01-30,3,Other,0.59868577371,0.6649357974533333,0.5311455205083333,biweekly,weighted,0.0,region_03
2021-02-06,3,Other,0.5688950307666667,0.6392354344333333,0.4997540085266666,biweekly,weighted,,region_03
2021-02-13,3,Other,0.5391042878233333,0.6135350714133333,0.468362496545,biweekly,weighted,0.0,region_03
2021-02-20,3,Other,0.5074429723120832,0.5761330823108333,0.4403647594158333,biweekly,weighted,,region_03
2021-02-27,3,Other,0.4757816568008333,0.5387310932083333,0.41236702228666666,biweekly,weighted,0.0,region_03
2021-03-06,3,Other,0.7189728766675,0.802028119565,0.6153328269725,weekly,weighted,0.0,region_03
2021-03-13,3,Other,0.621926918625,0.6695874333375,0.571705438195,weekly,weighted,0.0,region_03
2021-03-20,3,Other,0.49452798068250003,0.5985795333975,0.392091579735,weekly,weighted,0.0,region_03
2021-03-27,3,Other,0.33628432080000004,0.3972151801,0.2811818160125,weekly,weighted,0.0,region_03
2021-04-03,3,Other,0.2751364819725,0.32336211577,0.2323619760575,weekly,weighted,0.0,region_03
2021-04-10,3,Other,0.191493373365,0.2360199727125,0.1557066570975,weekly,weighted,0.0,region_03
2021-04-17,3,Other,0.19811373204,0.2573075071,0.15564682893749998,weekly,weighted,0.0,region_03
2021-04-24,3,Other,0.18116448261,0.232865607365,0.14284205157500002,weekly,weighted,0.0,region_03
2021-05-01,3,Other,0.13001699187000001,0.1726259207375,0.0975053994925,weekly,weighted,0.0,region_03
2021-05-08,3,Other,0.9300804766164934,0.9382657341951948,0.9208799044464936,weekly,weighted,0.0,region_03
2021-05-15,3,Other,0.8968285706986585,0.9059594618386586,0.8849386307304877,weekly,weighted,0.0,region_03
2021-05-22,3,Other,0.8821859216391139,0.8966735644345569,0.8645625981631645,weekly,weighted,0.0,region_03
2021-05-29,3,Other,0.8871261165698809,0.9044304179648809,0.8647739174779762,weekly,weighted,0.0,region_03
2021-06-05,3,Other,0.8754127689581176,0.902695436600353,0.8412399171902353,weekly,weighted,0.0,region_03
2021-06-12,3,Other,0.8745823359890244,0.9150583227964635,0.821031806399756,weekly,weighted,0.0,region_03
2021-06-19,3,Other,0.7677285873280001,0.8389291715975294,0.6839282525701177,weekly,weighted,0.0,region_03
2021-06-26,3,Other,0.158623225985,0.23000693321,0.10690966993499999,weekly,weighted,0.0,region_03
2021-07-03,3,Other,0.3752470272762651,0.46340124362927715,0.2939308677653012,weekly,weighted,0.0,region_03
2021-07-10,3,Other,0.2828548289392857,0.36084944382345235,0.21380999936035716,weekly,weighted,0.0,region_03
2021-07-17,3,Other,0.1436374854917857,0.1897679166425,0.1057946007095238,weekly,weighted,0.0,region_03
2021-07-24,3,Other,0.06716556313280488,0.09330279098365854,0.04660383981,weekly,weighted,0.0,region_03
2021-07-31,3,Other,0.02355960590195122,0.03126980251853659,0.017336694500975608,weekly,weighted,0.0,region_03
2021-08-07,3,Other,0.016970813212891567,0.02619285604313253,0.010403214095421687,weekly,weighted,0.0,region_03
2021-08-14,3,Other,0.009035174036125,0.015004960947750001,0.0049981150421250006,weekly,weighted,0.0,region_03
2021-08-21,3,Other,0.0069004610430625,0.013371068583875,0.0034625595010625,weekly,weighted,,region_03
2021-08-28,3,Other,0.00476574805,0.01173717622,0.00192700396,weekly,weighted,0.0,region_03
2021-09-04,3,Other,0.0059585222,0.00965034496,0.0036737991,weekly,weighted,0.0,region_03
2021-09-11,3,Other,0.005938658928285714,0.00963209699205,0.0036496141933357144,weekly,weighted,,region_03
2021-09-18,3,Other,0.0059187956565714284,0.0096138490241,0.0036254292866714287,weekly,weighted,,region_03
2021-09-25,3,Other,0.005898932384857143,0.00959560105615,0.003601244380007143,weekly,weighted,,region_03
2021-10-02,3,Other,0.005879069113142857,0.0095773530882,0.003577059473342857,weekly,weighted,,region_03
2021-10-09,3,Other,0.005859205841428572,0.00955910512025,0.003552874566678572,weekly,weighted,,region_03
2021-10-16,3,Other,0.005839342569714286,0.009540857152299999,0.003528689660014286,weekly,weighted,,region_03
2021-10-23,3,Other,0.005819479298,0.00952260918435,0.0035045047533500003,weekly,weighted,,region_03
2021-10-30,3,Other,0.0057996160262857145,0.0095043612164,0.0034803198466857145,weekly,weighted,,region_03
2021-11-06,3,Other,0.005779752754571429,0.00948611324845,0.0034561349400214288,weekly,weighted,,region_03
2021-11-13,3,Other,0.005759889482857143,0.0094678652805,0.003431950033357143,weekly,weighted,,region_03
2021-11-20,3,Other,0.005740026211142857,0.00944961731255,0.0034077651266928573,weekly,weighted,,region_03
2021-11-27,3,Other,0.005720162939428571,0.0094313693446,0.0033835802200285715,weekly,weighted,,region_03
2021-12-04,3,Other,0.005700299667714286,0.00941312137665,0.0033593953133642857,weekly,weighted,,region_03
2021-12-11,3,Other,0.005680436396,0.009394873408699999,0.0033352104067,weekly,weighted,,region_03
2021-12-18,3,Other,0.005660573124285715,0.00937662544075,0.0033110255000357146,weekly,weighted,,region_03
2021-12-25,3,Other,0.005640709852571429,0.0093583774728,0.003286840593371429,weekly,weighted,,region_03
2022-01-01,3,Other,0.005620846580857143,0.00934012950485,0.003262655686707143,weekly,weighted,,region_03
2022-01-08,3,Other,0.0056009833091428575,0.0093218815369,0.0032384707800428574,weekly,weighted,,region_03
2022-01-15,3,Other,0.005581120037428572,0.00930363356895,0.0032142858733785716,weekly,weighted,,region_03
2022-01-22,3,Other,0.005561256765714286,0.009285385601,0.003190100966714286,weekly,weighted,,region_03
2022-01-29,3,Other,0.005541393494,0.00926713763305,0.00316591606005,weekly,weighted,,region_03
2022-02-05,3,Other,0.005521530222285714,0.009248889665099999,0.0031417311533857143,weekly,weighted,,region_03
2022-02-12,3,Other,0.0055016669505714285,0.00923064169715,0.0031175462467214286,weekly,weighted,,region_03
2022-02-19,3,Other,0.005481803678857143,0.0092123937292,0.003093361340057143,weekly,weighted,,region_03
2022-02-26,3,Other,0.005461940407142858,0.00919414576125,0.0030691764333928575,weekly,weighted,,region_03
2022-03-05,3,Other,0.005442077135428572,0.009175897793300001,0.0030449915267285717,weekly,weighted,,region_03
2022-03-12,3,Other,0.005422213863714286,0.00915764982535,0.003020806620064286,weekly,weighted,,region_03
2022-03-19,3,Other,0.0054023505920000004,0.0091394018574,0.0029966217134,weekly,weighted,,region_03
2022-03-26,3,Other,0.005382487320285715,0.00912115388945,0.0029724368067357144,weekly,weighted,,region_03
2022-04-02,3,Other,0.005362624048571429,0.0091029059215,0.0029482519000714287,weekly,weighted,,region_03
2022-04-09,3,Other,0.005342760776857143,0.00908465795355,0.002924066993407143,weekly,weighted,,region_03
2022-04-16,3,Other,0.005322897505142857,0.0090664099856,0.002899882086742857,weekly,weighted,,region_03
2022-04-23,3,Other,0.0053030342334285715,0.00904816201765,0.0028756971800785714,weekly,weighted,,region_03
2022-04-30,3,Other,0.005283170961714286,0.009029914049700001,0.0028515122734142856,weekly,weighted,,region_03
2022-05-07,3,Other,0.005263307690000001,0.00901166608175,0.0028273273667500003,weekly,weighted,,region_03
2022-05-14,3,Other,0.005243444418285715,0.0089934181138,0.0028031424600857145,weekly,weighted,,region_03
2022-05-21,3,Other,0.005223581146571429,0.00897517014585,0.0027789575534214288,weekly,weighted,,region_03
2022-05-28,3,Other,0.005203717874857143,0.0089569221779,0.002754772646757143,weekly,weighted,,region_03
2022-06-04,3,Other,0.005183854603142858,0.00893867420995,0.0027305877400928573,weekly,weighted,,region_03
2022-06-11,3,Other,0.005163991331428572,0.008920426242,0.0027064028334285715,weekly,weighted,0.0,region_03
2021-03-27,3,P.1,0.0069759086475,0.0183421783175,0.0026821493525,weekly,weighted,0.0,region_03
2021-04-03,3,P.1,0.013355195055,0.020888471975,0.0085325691625,weekly,weighted,0.0,region_03
2021-04-10,3,P.1,0.0189439966325,0.0264354376125,0.013545898255000001,weekly,weighted,0.0,region_03
2021-04-17,3,P.1,0.016671084330000002,0.032718590925,0.008426102575,weekly,weighted,0.0,region_03
2021-04-24,3,P.1,0.021600331644999998,0.0467612221825,0.009872639084999999,weekly,weighted,0.0,region_03
2021-05-01,3,P.1,0.0185676394025,0.042031693275000004,0.0081304658675,weekly,weighted,0.0,region_03
2021-05-08,3,P.1,0.0284192203525,0.0498913172625,0.016035046195,weekly,weighted,0.0,region_03
2021-05-15,3,P.1,0.02684209389285714,0.040886888014285715,0.017440944642857142,weekly,weighted,0.0,region_03
2021-05-22,3,P.1,0.04817957484285714,0.09876519867285714,0.022763829944285715,weekly,weighted,0.0,region_03
2021-05-29,3,P.1,0.025227367878,0.09318212419800001,0.0064975612799999995,weekly,weighted,0.0,region_03
2021-06-05,3,P.1,0.05983294440142857,0.08230860744142857,0.04310445327714286,weekly,weighted,0.0,region_03
2021-06-12,3,P.1,0.058828643711999994,0.103844438494,0.031927847116000004,weekly,weighted,0.0,region_03
2021-06-19,3,P.1,0.07180827856000001,0.139194118976,0.036324741694000004,weekly,weighted,0.0,region_03
2021-06-26,3,P.1,0.073283086716,0.217682692409,0.025869127177000004,weekly,weighted,,region_03
2021-07-03,3,P.1,0.07475789487199999,0.296171265842,0.01541351266,weekly,weighted,0.0,region_03
2021-07-10,3,P.1,0.055165990122857146,0.08405052551285715,0.03568681409142857,weekly,weighted,0.0,region_03
2021-07-17,3,P.1,0.041012339294285716,0.06992732094857143,0.023645767677142857,weekly,weighted,0.0,region_03
2021-07-24,3,P.1,0.011153467,0.03479124357333333,0.0035172629466666667,weekly,weighted,0.0,region_03
2021-01-30,3,P.2,0.01342357546,0.058892154694,0.002961764068,biweekly,weighted,0.0,region_03
2021-02-06,3,P.2,0.012701132623888889,0.04673467785588889,0.003526919926222222,biweekly,weighted,,region_03
2021-02-13,3,P.2,0.011978689787777778,0.034577201017777774,0.004092075784444444,biweekly,weighted,0.0,region_03
2021-02-20,3,P.2,0.009713307825,0.02841365968611111,0.003284373178333333,biweekly,weighted,,region_03
2021-02-27,3,P.2,0.007447925862222223,0.022250118354444445,0.002476670572222222,biweekly,weighted,0.0,region_03
2022-11-05,3,XBB,0.01145075541,0.02031208202,0.00576423155,weekly,weighted,0.0,region_03
2022-11-12,3,XBB,0.024377594262222222,0.039272412552638886,0.014075578383333334,weekly,weighted,,region_03
2022-11-19,3,XBB,0.037304433114444445,0.058232743085277774,0.022386925216666666,weekly,weighted,,region_03
2022-11-26,3,XBB,0.05023127196666667,0.07719307361791666,0.030698272050000003,weekly,weighted,,region_03
2022-12-03,3,XBB,0.06315811081888889,0.09615340415055555,0.03900961888333333,weekly,weighted,0.0,region_03
2022-12-10,3,XBB,0.0562216274831579,0.07304465182526317,0.04239616739157895,weekly,weighted,0.0,region_03
2022-12-17,3,XBB,0.058339183116666665,0.07421646888111111,0.04499296595611111,weekly,weighted,0.0,region_03
2022-12-24,3,XBB,0.05628335388294118,0.07243959386411765,0.042833276749999996,weekly,weighted,0.0,region_03
2022-12-31,3,XBB,0.0596157419475,0.075061743613125,0.046539059374375,weekly,weighted,0.0,region_03
2023-01-07,3,XBB,0.06366160089866667,0.08692139635400001,0.04508099779466667,weekly,weighted,0.0,region_03
2023-01-14,3,XBB,0.05600233722,0.06916852082428572,0.044691613476428575,weekly,weighted,0.0,region_03
2023-01-21,3,XBB,0.043973136980769226,0.05782806386153846,0.032654175104615386,weekly,weighted,0.0,region_03
2023-01-28,3,XBB,0.033149044495,0.0443531041975,0.024126242381666666,weekly,weighted,0.0,region_03
2023-02-04,3,XBB,0.024040815504545454,0.03818644075272727,0.01409341217181818,weekly,weighted,0.0,region_03
2023-02-11,3,XBB,0.023509997317,0.033554133959999996,0.015843464062,weekly,weighted,0.0,region_03
2023-02-18,3,XBB,0.019163365371111112,0.02936817622777778,0.01181952583,weekly,weighted,0.0,region_03
2023-02-25,3,XBB,0.0247121267,0.042001233746666665,0.01317142602,weekly,weighted,0.0,region_03
2023-03-04,3,XBB,0.023839303290000002,0.04093334699833333,0.012526962905000001,weekly,weighted,,region_03
2023-03-11,3,XBB,0.02296647988,0.03986546025,0.01188249979,weekly,weighted,0.0,region_03
2023-03-18,3,XBB,0.037118233275,0.0603618742875,0.021042980255,weekly,weighted,0.0,region_03
2023-03-25,3,XBB,0.03327735158051471,0.054639570810330884,0.01862992367595588,weekly,weighted,,region_03
2023-04-01,3,XBB,0.029436469886029413,0.04891726733316176,0.016216867096911766,weekly,weighted,,region_03
2023-04-08,3,XBB,0.025595588191544116,0.04319496385599264,0.013803810517867648,weekly,weighted,,region_03
2023-04-15,3,XBB,0.021754706497058823,0.037472660378823526,0.01139075393882353,biweekly,weighted,0.0,region_03
2023-04-22,3,XBB,0.02979890860962104,0.04905389420382918,0.0166279297110888,biweekly,weighted,,region_03
2023-04-29,3,XBB,0.03784311072218326,0.060635128028834834,0.02186510548335407,biweekly,weighted,,region_03
2023-05-06,3,XBB,0.04588731283474548,0.07221636185384049,0.027102281255619344,biweekly,weighted,,region_03
2023-05-13,3,XBB,0.0539315149473077,0.08379759567884615,0.03233945702788461,biweekly,weighted,0.0,region_03
2023-05-20,3,XBB,0.05751677522108975,0.09144529764792735,0.033424143867681624,biweekly,weighted,,region_03
2023-05-27,3,XBB,0.0611020354948718,0.09909299961700854,0.03450883070747863,biweekly,weighted,,region_03
2023-06-03,3,XBB,0.06468729576865385,0.10674070158608974,0.03559351754727564,biweekly,weighted,,region_03
2023-06-10,3,XBB,0.0682725560424359,0.11438840355517094,0.03667820438707265,biweekly,weighted,,region_03
2023-06-17,3,XBB,0.07185781631621796,0.12203610552425213,0.037762891226869655,biweekly,weighted,,region_03
2023-06-24,3,XBB,0.07544307659,0.12968380749333333,0.038847578066666666,biweekly,weighted,0.0,region_03
2023-07-01,3,XBB,0.07889801222333334,0.13577437649277777,0.040487646847222225,biweekly,weighted,,region_03
2023-07-08,3,XBB,0.08235294785666666,0.14186494549222223,0.04212771562777778,biweekly,weighted,,region_03
2023-07-15,3,XBB,0.08580788349,0.14795551449166666,0.04376778440833333,biweekly,weighted,,region_03
2023-07-22,3,XBB,0.08926281912333334,0.1540460834911111,0.04540785318888889,biweekly,weighted,,region_03
2023-07-29,3,XBB,0.09271775475666666,0.16013665249055556,0.04704792196944445,biweekly,weighted,,region_03
2023-08-05,3,XBB,0.09617269039,0.16622722149,0.04868799075,biweekly,weighted,0.0,region_03
2023-08-12,3,XBB,0.07657177162622222,0.124146882362,0.043233614371,biweekly,weighted,,region_03
2023-08-19,3,XBB,0.05697085286244445,0.082066543234,0.037779237992,biweekly,weighted,0.0,region_03
2023-08-26,3,XBB,0.05046074656008587,0.07702442233336364,0.031167620073954544,biweekly,weighted,,region_03
2023-09-02,3,XBB,0.043950640257727276,0.07198230143272727,0.024556002155909088,biweekly,weighted,0.0,region_03
2023-09-09,3,XBB,0.03801377996800998,0.06284527827124169,0.02099381483051552,biweekly,weighted,,region_03
2023-09-16,3,XBB,0.03207691967829269,0.0537082551097561,0.017431627505121953,biweekly,weighted,0.0,region_03
2023-09-23,3,XBB,0.03252620265959985,0.054867898615203255,0.01749219646500254,biweekly,weighted,,region_03
2023-09-30,3,XBB,0.03297548564090702,0.056027542120650406,0.017552765424883134,biweekly,weighted,,region_03
2023-10-07,3,XBB,0.033424768622214183,0.057187185626097564,0.017613334384763722,biweekly,weighted,,region_03
2023-10-14,3,XBB,0.033874051603521346,0.058346829131544715,0.01767390334464431,biweekly,weighted,,region_03
2023-10-21,3,XBB,0.03432333458482851,0.05950647263699187,0.0177344723045249,biweekly,weighted,,region_03
2023-10-28,3,XBB,0.03477261756613567,0.060666116142439025,0.017795041264405488,biweekly,weighted,,region_03
2023-11-04,3,XBB,0.03522190054744284,0.061825759647886176,0.01785561022428608,biweekly,weighted,,region_03
2023-11-11,3,XBB,0.035671183528750004,0.06298540315333333,0.01791617918416667,biweekly,weighted,0.0,region_03
2023-11-18,3,XBB,0.029602675249419647,0.052297196018571426,0.014869865462053572,biweekly,weighted,,region_03
2023-11-25,3,XBB,0.02353416697008929,0.04160898888380952,0.011823551739940477,biweekly,weighted,,region_03
2023-12-02,3,XBB,0.01746565869075893,0.030920781749047613,0.008777238017827382,biweekly,weighted,,region_03
2023-12-09,3,XBB,0.011397150411428572,0.020232574614285712,0.005730924295714286,biweekly,weighted,0.0,region_03
2023-12-16,3,XBB,0.011846272510904763,0.02099088484238095,0.005971889047285715,biweekly,weighted,,region_03
2023-12-23,3,XBB,0.012295394610380952,0.02174919507047619,0.006212853798857143,biweekly,weighted,,region_03
2023-12-30,3,XBB,0.012744516709857143,0.02250750529857143,0.006453818550428571,biweekly,weighted,,region_03
2024-01-06,3,XBB,0.013193638809333334,0.023265815526666667,0.006694783302,biweekly,weighted,0.0,region_03
2023-04-15,3,XBB.1.16,0.03999442441648148,0.05940149752111111,0.025525864385925925,biweekly,weighted,0.0,region_03
2023-04-22,3,XBB.1.16,0.04302319607913996,0.06476194718809294,0.02697328593103098,biweekly,weighted,,region_03
2023-04-29,3,XBB.1.16,0.04605196774179843,0.07012239685507479,0.02842070747613604,biweekly,weighted,,region_03
2023-05-06,3,XBB.1.16,0.049080739404456904,0.07548284652205663,0.0298681290212411,biweekly,weighted,,region_03
2023-05-13,3,XBB.1.16,0.05210951106711538,0.08084329618903846,0.031315550566346155,biweekly,weighted,0.0,region_03
2023-05-20,3,XBB.1.16,0.07850200132485768,0.12565630457781923,0.04475855074087308,biweekly,weighted,,region_03
2023-05-27,3,XBB.1.16,0.10489449158259999,0.17046931296659998,0.058201550915400004,biweekly,weighted,0.0,region_03
2023-06-03,3,XBB.1.16,0.10583811507393157,0.1777975107736947,0.055879283533357894,biweekly,weighted,,region_03
2023-06-10,3,XBB.1.16,0.10678173856526314,0.18512570858078947,0.053557016151315785,biweekly,weighted,0.0,region_03
2023-06-17,3,XBB.1.16,0.11845241279957033,0.1905196068848845,0.06683148020137218,biweekly,weighted,,region_03
2023-06-24,3,XBB.1.16,0.13012308703387754,0.19591350518897957,0.08010594425142857,biweekly,weighted,0.0,region_03
2023-07-01,3,XBB.1.16,0.1388884812747047,0.21082103782651107,0.08430950076699088,biweekly,weighted,,region_03
2023-07-08,3,XBB.1.16,0.1476538755155319,0.22572857046404257,0.0885130572825532,biweekly,weighted,0.0,region_03
2023-07-15,3,XBB.1.16,0.14742623475585107,0.22434948083563833,0.08906852755148936,biweekly,weighted,,region_03
2023-07-22,3,XBB.1.16,0.14719859399617022,0.22297039120723405,0.08962399782042553,biweekly,weighted,0.0,region_03
2023-07-29,3,XBB.1.16,0.1332821694685199,0.20737442946600831,0.07833598729401711,biweekly,weighted,,region_03
2023-08-05,3,XBB.1.16,0.11936574494086956,0.1917784677247826,0.0670479767676087,biweekly,weighted,0.0,region_03
2023-08-12,3,XBB.1.16,0.12290785146354588,0.17541289244916908,0.08273383046969324,biweekly,weighted,,region_03
2023-08-19,3,XBB.1.16,0.12644995798622222,0.15904731717355555,0.09841968417177777,biweekly,weighted,0.0,region_03
2023-08-26,3,XBB.1.16,0.09884731504799747,0.1249238275874596,0.07659695598895706,biweekly,weighted,,region_03
2023-09-02,3,XBB.1.16,0.07124467210977273,0.09080033800136364,0.05477422780613637,biweekly,weighted,0.0,region_03
2023-09-09,3,XBB.1.16,0.06519165426977008,0.08617976489126322,0.048074030953184466,biweekly,weighted,,region_03
2023-09-16,3,XBB.1.16,0.059138636429767445,0.08155919178116279,0.04137383410023256,biweekly,weighted,0.0,region_03
2023-09-23,3,XBB.1.16,0.043992759644407534,0.06523152703105758,0.028395879037021038,biweekly,weighted,,region_03
2023-09-30,3,XBB.1.16,0.028846882859047622,0.04890386228095238,0.015417923973809523,biweekly,weighted,0.0,region_03
2023-10-07,3,XBB.1.16,0.02578812074741855,0.044258455977186716,0.013555645976773183,biweekly,weighted,,region_03
2023-10-14,3,XBB.1.16,0.022729358635789475,0.03961304967342105,0.011693367979736843,biweekly,weighted,0.0,region_03
2023-05-27,3,XBB.1.16.1,0.05802991706833333,0.10310618517333332,0.028607820315,biweekly,weighted,0.0,region_03
2023-06-03,3,XBB.1.16.1,0.0587914852957971,0.10399901519044383,0.029175857505570654,biweekly,weighted,,region_03
2023-06-10,3,XBB.1.16.1,0.05955305352326087,0.10489184520755435,0.029743894696141304,biweekly,weighted,,region_03
2023-06-17,3,XBB.1.16.1,0.060314621750724634,0.10578467522466485,0.030311931886711958,biweekly,weighted,,region_03
2023-06-24,3,XBB.1.16.1,0.06107618997818841,0.10667750524177536,0.03087996907728261,biweekly,weighted,,region_03
2023-07-01,3,XBB.1.16.1,0.061837758205652175,0.10757033525888586,0.03144800626785326,biweekly,weighted,,region_03
2023-07-08,3,XBB.1.16.1,0.06259932643311594,0.10846316527599636,0.03201604345842391,biweekly,weighted,,region_03
2023-07-15,3,XBB.1.16.1,0.0633608946605797,0.10935599529310688,0.03258408064899457,biweekly,weighted,,region_03
2023-07-22,3,XBB.1.16.1,0.06412246288804348,0.11024882531021739,0.03315211783956522,biweekly,weighted,0.0,region_03
2023-07-29,3,XBB.1.16.1,0.07108007873565217,0.11177864079576087,0.04207224645880435,biweekly,weighted,,region_03
2023-08-05,3,XBB.1.16.1,0.07803769458326086,0.11330845628130436,0.05099237507804348,biweekly,weighted,0.0,region_03
2023-08-12,3,XBB.1.16.1,0.074025228863186,0.10782916367409662,0.04819272017902174,biweekly,weighted,,region_03
2023-08-19,3,XBB.1.16.1,0.07001276314311111,0.10234987106688889,0.045393065280000006,biweekly,weighted,0.0,region_03
2023-08-26,3,XBB.1.16.1,0.05562183612280555,0.07975604629389899,0.03705023374420455,biweekly,weighted,,region_03
2023-09-02,3,XBB.1.16.1,0.0412309091025,0.057162221520909086,0.028707402208409092,biweekly,weighted,0.0,region_03
2023-09-09,3,XBB.1.16.1,0.038207914598343024,0.05673026514371035,0.024555848495716175,biweekly,weighted,,region_03
2023-09-16,3,XBB.1.16.1,0.03518492009418605,0.05629830876651162,0.020404294783023257,biweekly,weighted,0.0,region_03
2023-09-02,3,XBB.1.16.11,0.025309525387045454,0.038480384867272725,0.01570655845772727,biweekly,weighted,0.0,region_03
2023-09-09,3,XBB.1.16.11,0.02638755699724366,0.03888897014445032,0.017061877576072935,biweekly,weighted,,region_03
2023-09-16,3,XBB.1.16.11,0.027465588607441863,0.03929755542162791,0.018417196694418603,biweekly,weighted,0.0,region_03
2023-09-23,3,XBB.1.16.11,0.024540627006697124,0.03685513541414729,0.015527033508518827,biweekly,weighted,,region_03
2023-09-30,3,XBB.1.16.11,0.021615665405952382,0.03441271540666667,0.01263687032261905,biweekly,weighted,0.0,region_03
2023-10-07,3,XBB.1.16.11,0.02578104455468351,0.039855796119308944,0.015672333536309525,biweekly,weighted,,region_03
2023-10-14,3,XBB.1.16.11,0.029946423703414635,0.04529887683195122,0.01870779675,biweekly,weighted,0.0,region_03
2023-10-21,3,XBB.1.16.11,0.035062403702082315,0.053674570859725615,0.0215302274355,biweekly,weighted,,region_03
2023-10-28,3,XBB.1.16.11,0.04017838370075,0.062050264887500005,0.024352658121,biweekly,weighted,0.0,region_03
2023-11-04,3,XBB.1.16.11,0.03585679234130093,0.0579615872800463,0.020508523959203703,biweekly,weighted,,region_03
2023-11-11,3,XBB.1.16.11,0.031535200981851856,0.05387290967259259,0.016664389797407406,biweekly,weighted,0.0,region_03
2023-11-18,3,XBB.1.16.11,0.02629463077496032,0.0450689708553373,0.013839446431626982,biweekly,weighted,,region_03
2023-11-25,3,XBB.1.16.11,0.021054060568068786,0.03626503203808201,0.01101450306584656,biweekly,weighted,,region_03
2023-12-02,3,XBB.1.16.11,0.01581349036117725,0.027461093220826717,0.008189559700066136,biweekly,weighted,,region_03
2023-12-09,3,XBB.1.16.11,0.010572920154285714,0.01865715440357143,0.005364616334285714,biweekly,weighted,0.0,region_03
2023-12-16,3,XBB.1.16.11,0.013199451647142858,0.023119470571785712,0.006762612112142857,biweekly,weighted,,region_03
2023-12-23,3,XBB.1.16.11,0.01582598314,0.02758178674,0.00816060789,biweekly,weighted,0.0,region_03
2023-08-05,3,XBB.1.16.6,0.07121246788177778,0.11544602894066666,0.040104084214,biweekly,weighted,0.0,region_03
2023-08-12,3,XBB.1.16.6,0.08047635124744444,0.12203268301155555,0.04984392908711111,biweekly,weighted,,region_03
2023-08-19,3,XBB.1.16.6,0.0897402346131111,0.12861933708244444,0.05958377396022222,biweekly,weighted,0.0,region_03
2023-08-26,3,XBB.1.16.6,0.08280514304223738,0.1146075250414495,0.057599491713406566,biweekly,weighted,,region_03
2023-09-02,3,XBB.1.16.6,0.07587005147136364,0.10059571300045454,0.05561520946659091,biweekly,weighted,0.0,region_03
2023-09-09,3,XBB.1.16.6,0.08336010974405392,0.10809143840185517,0.06276136935120243,biweekly,weighted,,region_03
2023-09-16,3,XBB.1.16.6,0.09085016801674418,0.11558716380325582,0.06990752923581395,biweekly,weighted,0.0,region_03
2023-09-23,3,XBB.1.16.6,0.09207162321884829,0.1165072925471041,0.07130153301993078,biweekly,weighted,,region_03
2023-09-30,3,XBB.1.16.6,0.09329307842095239,0.11742742129095239,0.07269553680404763,biweekly,weighted,0.0,region_03
2023-10-07,3,XBB.1.16.6,0.0837496381866957,0.10728728465169571,0.06398036532738967,biweekly,weighted,,region_03
2023-10-14,3,XBB.1.16.6,0.07420619795243903,0.09714714801243902,0.05526519385073171,biweekly,weighted,0.0,region_03
2023-10-21,3,XBB.1.16.6,0.06113475245109131,0.08650772092327079,0.04175512506882739,biweekly,weighted,,region_03
2023-10-28,3,XBB.1.16.6,0.04806330694974359,0.07586829383410255,0.02824505628692308,biweekly,weighted,0.0,region_03
2023-11-04,3,XBB.1.16.6,0.04774796700025641,0.07111053369371795,0.030460042878846155,biweekly,weighted,,region_03
2023-11-11,3,XBB.1.16.6,0.047432627050769234,0.06635277355333334,0.03267502947076923,biweekly,weighted,0.0,region_03
2023-11-18,3,XBB.1.16.6,0.04184071230094018,0.0654540114163889,0.025322201076495725,biweekly,weighted,,region_03
2023-11-25,3,XBB.1.16.6,0.036248797551111114,0.06455524927944445,0.01796937268222222,biweekly,weighted,0.0,region_03
2023-12-02,3,XBB.1.16.6,0.032604269544785576,0.0576509310116423,0.016357894888606235,biweekly,weighted,,region_03
2023-12-09,3,XBB.1.16.6,0.02895974153846004,0.05074661274384016,0.014746417094990253,biweekly,weighted,,region_03
2023-12-16,3,XBB.1.16.6,0.025315213532134506,0.04384229447603801,0.01313493930137427,biweekly,weighted,,region_03
2023-12-23,3,XBB.1.16.6,0.021670685525808968,0.03693797620823587,0.011523461507758286,biweekly,weighted,,region_03
2023-12-30,3,XBB.1.16.6,0.01802615751948343,0.030033657940433722,0.0099119837141423,biweekly,weighted,,region_03
2024-01-06,3,XBB.1.16.6,0.014381629513157895,0.023129339672631578,0.008300505920526316,biweekly,weighted,0.0,region_03
2022-12-03,3,XBB.1.5,0.018101736799444445,0.030639403500000002,0.009726184058333334,weekly,weighted,0.0,region_03
2022-12-10,3,XBB.1.5,0.04245482238105264,0.05706551592578948,0.03074043322578947,weekly,weighted,0.0,region_03
2022-12-17,3,XBB.1.5,0.09262449956722223,0.11855678632833334,0.0708592084961111,weekly,weighted,0.0,region_03
2022-12-24,3,XBB.1.5,0.1535232698217647,0.19139604621117648,0.12059121228352941,weekly,weighted,0.0,region_03
2022-12-31,3,XBB.1.5,0.20883625187,0.24819813855,0.173152117990625,weekly,weighted,0.0,region_03
2023-01-07,3,XBB.1.5,0.3413671990233333,0.3864318112533333,0.298436747988,weekly,weighted,0.0,region_03
2023-01-14,3,XBB.1.5,0.4756653202428572,0.5186754763121428,0.4329247176642857,weekly,weighted,0.0,region_03
2023-01-21,3,XBB.1.5,0.5781054588461538,0.6230879242592308,0.5321245055930769,weekly,weighted,0.0,region_03
2023-01-28,3,XBB.1.5,0.6782432993241666,0.7349986632658334,0.6172835032141667,weekly,weighted,0.0,region_03
2023-02-04,3,XBB.1.5,0.7745755098081818,0.8205817287618182,0.7230218215418182,weekly,weighted,0.0,region_03
2023-02-11,3,XBB.1.5,0.821013313533,0.8533403933060001,0.7847561895840001,weekly,weighted,0.0,region_03
2023-02-18,3,XBB.1.5,0.8474511967766667,0.8733972046111111,0.8185001412999999,weekly,weighted,0.0,region_03
2023-02-25,3,XBB.1.5,0.8660721108325,0.899063274265,0.8270899355425,weekly,weighted,0.0,region_03
2023-03-04,3,XBB.1.5,0.8694862553042857,0.9057651332442856,0.8255559461457143,weekly,weighted,0.0,region_03
2023-03-11,3,XBB.1.5,0.8932302594183333,0.9189963142083334,0.8625256816533332,weekly,weighted,0.0,region_03
2023-03-18,3,XBB.1.5,0.866212058066,0.897535860538,0.8295160412779999,weekly,weighted,0.0,region_03
2023-03-25,3,XBB.1.5,0.839256078005,0.8716276288,0.8024486899375001,weekly,weighted,0.0,region_03
2023-04-01,3,XBB.1.5,0.8370681206366667,0.87664548556,0.7908140818266666,weekly,weighted,0.0,region_03
2023-04-08,3,XBB.1.5,0.776537716385,0.8600885272,0.6726842522600001,weekly,weighted,0.0,region_03
2023-04-15,3,XBB.1.5,0.771664656973889,0.8276393325233333,0.70752319804,biweekly,weighted,0.0,region_03
2023-04-22,3,XBB.1.5,0.7301899674756238,0.7906535251791195,0.662644041305283,biweekly,weighted,,region_03
2023-04-29,3,XBB.1.5,0.6887152779773585,0.7536677178349056,0.617764884570566,biweekly,weighted,0.0,region_03
2023-05-06,3,XBB.1.5,0.6298493404906984,0.695084587831972,0.5606618180263407,biweekly,weighted,,region_03
2023-05-13,3,XBB.1.5,0.5709834030040384,0.6365014578290384,0.5035587514821154,biweekly,weighted,0.0,region_03
2023-05-20,3,XBB.1.5,0.49339398159441916,0.5783098459931193,0.4101688269468577,biweekly,weighted,,region_03
2023-05-27,3,XBB.1.5,0.4158045601848,0.5201182341572,0.3167789024116,biweekly,weighted,0.0,region_03
2023-06-03,3,XBB.1.5,0.3463704732063,0.4671141576764,0.2409046326578,biweekly,weighted,,region_03
2023-06-10,3,XBB.1.5,0.2769363862278,0.4141100811956,0.165030362904,biweekly,weighted,0.0,region_03
2023-06-17,3,XBB.1.5,0.2505604029795122,0.3572199917688204,0.16228335043883674,biweekly,weighted,,region_03
2023-06-24,3,XBB.1.5,0.2241844197312245,0.3003299023420408,0.15953633797367345,biweekly,weighted,0.0,region_03
2023-07-01,3,XBB.1.5,0.21366829724113306,0.29872006945122875,0.1438612982303784,biweekly,weighted,,region_03
2023-07-08,3,XBB.1.5,0.20315217475104166,0.29711023656041663,0.12818625848708334,biweekly,weighted,0.0,region_03
2023-07-15,3,XBB.1.5,0.17657341036605273,0.25595893560925087,0.11344104510864805,biweekly,weighted,,region_03
2023-07-22,3,XBB.1.5,0.14999464598106382,0.2148076346580851,0.09869583173021276,biweekly,weighted,0.0,region_03
2023-07-29,3,XBB.1.5,0.12111262640248843,0.18200882664512952,0.07523560051869334,biweekly,weighted,,region_03
2023-08-05,3,XBB.1.5,0.09223060682391304,0.14921001863217392,0.05177536930717391,biweekly,weighted,0.0,region_03
2023-08-12,3,XBB.1.5,0.07275686735884541,0.11336688385253141,0.04331480128580918,biweekly,weighted,,region_03
2023-08-19,3,XBB.1.5,0.05328312789377778,0.07752374907288889,0.034854233264444444,biweekly,weighted,0.0,region_03
2023-08-26,3,XBB.1.5,0.04581041965393434,0.06924184704121716,0.028607396408926768,biweekly,weighted,,region_03
2023-09-02,3,XBB.1.5,0.03833771141409091,0.06095994500954545,0.02236055955340909,biweekly,weighted,0.0,region_03
2023-09-09,3,XBB.1.5,0.037629449521580344,0.05698826538116807,0.023489913275658032,biweekly,weighted,,region_03
2023-09-16,3,XBB.1.5,0.03692118762906977,0.053016585752790696,0.024619266997906977,biweekly,weighted,0.0,region_03
2023-09-23,3,XBB.1.5,0.026087197553019734,0.039647211195486254,0.01631559401925652,biweekly,weighted,,region_03
2023-09-30,3,XBB.1.5,0.015253207476969698,0.02627783663818182,0.00801192104060606,biweekly,weighted,0.0,region_03
2023-01-28,3,XBB.1.5.1,0.012554629500000001,0.022032749735555555,0.006419058994444444,weekly,weighted,0.0,region_03
2023-02-04,3,XBB.1.5.1,0.01219530771,0.020899454339444443,0.006455257224444445,weekly,weighted,,region_03
2023-02-11,3,XBB.1.5.1,0.01183598592,0.019766158943333334,0.006491455454444444,weekly,weighted,0.0,region_03
2023-02-18,3,XBB.1.5.1,0.02131460956375,0.033407922367499995,0.0127498455125,weekly,weighted,0.0,region_03
2023-02-25,3,XBB.1.5.1,0.024552976129375,0.040804267626249995,0.01356079912625,weekly,weighted,,region_03
2023-03-04,3,XBB.1.5.1,0.027791342695,0.048200612884999994,0.01437175274,weekly,weighted,0.0,region_03
2023-03-11,3,XBB.1.5.1,0.018316843856666667,0.03264506285333333,0.009133899586666666,weekly,weighted,0.0,region_03
2023-03-18,3,XBB.1.5.1,0.020928226565833333,0.037028245316666666,0.010537525638333333,weekly,weighted,,region_03
2023-03-25,3,XBB.1.5.1,0.023539609274999998,0.04141142778,0.01194115169,weekly,weighted,0.0,region_03
2023-04-01,3,XBB.1.5.1,0.02407285073596078,0.042456015373960786,0.012164391508627451,weekly,weighted,,region_03
2023-04-08,3,XBB.1.5.1,0.02460609219692157,0.04350060296792157,0.012387631327254902,weekly,weighted,,region_03
2023-04-15,3,XBB.1.5.1,0.025139333657882353,0.04454519056188235,0.012610871145882354,weekly,weighted,,region_03
2023-04-22,3,XBB.1.5.1,0.02567257511884314,0.045589778155843134,0.012834110964509805,weekly,weighted,,region_03
2023-04-29,3,XBB.1.5.1,0.026205816579803923,0.04663436574980392,0.013057350783137255,biweekly,weighted,0.0,region_03
2023-09-16,3,XBB.1.5.70,0.017709145325,0.028684086164999997,0.010114933365,biweekly,weighted,0.0,region_03
2023-03-25,3,XBB.1.9.1,0.034517234189999996,0.05554778222,0.0198079599075,weekly,weighted,0.0,region_03
2023-04-01,3,XBB.1.9.1,0.04958647614,0.08026403685333333,0.028116332366666667,weekly,weighted,0.0,region_03
2023-04-08,3,XBB.1.9.1,0.05076950812777778,0.08320614509240741,0.028302644172314817,weekly,weighted,,region_03
2023-04-15,3,XBB.1.9.1,0.05195254011555556,0.08614825333148149,0.028488955977962964,biweekly,weighted,0.0,region_03
2023-04-22,3,XBB.1.9.1,0.06022514551277778,0.10142565456574074,0.03216561049023148,biweekly,weighted,,region_03
2023-04-29,3,XBB.1.9.1,0.06849775091,0.1167030558,0.0358422650025,biweekly,weighted,0.0,region_03
2023-05-06,3,XBB.1.9.1,0.08716286783423077,0.13701676749346153,0.051253811778653846,biweekly,weighted,,region_03
2023-05-13,3,XBB.1.9.1,0.10582798475846154,0.15733047918692306,0.0666653585548077,biweekly,weighted,0.0,region_03
2023-05-20,3,XBB.1.9.1,0.0977342157480543,0.14949682212806936,0.05934186137632541,biweekly,weighted,,region_03
2023-05-27,3,XBB.1.9.1,0.08964044673764705,0.1416631650692157,0.052018364197843135,biweekly,weighted,0.0,region_03
2023-06-03,3,XBB.1.9.1,0.08684804065923529,0.1404808895119118,0.048872340509132355,biweekly,weighted,,region_03
2023-06-10,3,XBB.1.9.1,0.08405563458082352,0.13929861395460785,0.04572631682042157,biweekly,weighted,,region_03
2023-06-17,3,XBB.1.9.1,0.08126322850241176,0.13811633839730392,0.042580293131710786,biweekly,weighted,,region_03
2023-06-24,3,XBB.1.9.1,0.078470822424,0.13693406284,0.039434269443000006,biweekly,weighted,0.0,region_03
2023-07-01,3,XBB.1.9.1,0.07381831099231481,0.12885851026805556,0.03713051398712963,biweekly,weighted,,region_03
2023-07-08,3,XBB.1.9.1,0.06916579956062963,0.12078295769611112,0.034826758531259265,biweekly,weighted,,region_03
2023-07-15,3,XBB.1.9.1,0.06451328812894444,0.11270740512416667,0.03252300307538889,biweekly,weighted,,region_03
2023-07-22,3,XBB.1.9.1,0.059860776697259255,0.10463185255222224,0.030219247619518518,biweekly,weighted,,region_03
2023-07-29,3,XBB.1.9.1,0.055208265265574076,0.09655629998027779,0.027915492163648147,biweekly,weighted,,region_03
2023-08-05,3,XBB.1.9.1,0.05055575383388889,0.08848074740833334,0.025611736707777777,biweekly,weighted,0.0,region_03
2023-08-12,3,XBB.1.9.1,0.04610215910181287,0.07966469863298245,0.023848235334678364,biweekly,weighted,,region_03
2023-08-19,3,XBB.1.9.1,0.04164856436973684,0.07084864985763158,0.022084733961578947,biweekly,weighted,0.0,region_03
2023-08-26,3,XBB.1.9.1,0.035515396293050235,0.0577750376929067,0.020145606875789472,biweekly,weighted,,region_03
2023-09-02,3,XBB.1.9.1,0.029382228216363635,0.04470142552818182,0.01820647979,biweekly,weighted,0.0,region_03
2023-09-09,3,XBB.1.9.1,0.023369819357937915,0.03637218529262749,0.014082047242804877,biweekly,weighted,,region_03
2023-09-16,3,XBB.1.9.1,0.017357410499512196,0.028042945057073172,0.009957614695609756,biweekly,weighted,0.0,region_03
2023-09-23,3,XBB.1.9.1,0.023770731891422765,0.03845281221496516,0.013579786537090594,biweekly,weighted,,region_03
2023-09-30,3,XBB.1.9.1,0.03018405328333333,0.04886267937285714,0.01720195837857143,biweekly,weighted,0.0,region_03
2023-10-07,3,XBB.1.9.1,0.02250508771427536,0.0375702327057764,0.012332657277546585,biweekly,weighted,,region_03
2023-10-14,3,XBB.1.9.1,0.01482612214521739,0.026277786038695655,0.007463356176521739,biweekly,weighted,0.0,region_03
2023-04-15,3,XBB.1.9.2,0.029056191444999997,0.051304854455,0.014629670420000001,biweekly,weighted,0.0,region_03
2023-04-22,3,XBB.1.9.2,0.031552958834821426,0.05589779306946428,0.015790247425892856,biweekly,weighted,,region_03
2023-04-29,3,XBB.1.9.2,0.034049726224642855,0.06049073168392857,0.016950824431785715,biweekly,weighted,,region_03
2023-05-06,3,XBB.1.9.2,0.036546493614464284,0.06508367029839285,0.018111401437678573,biweekly,weighted,,region_03
2023-05-13,3,XBB.1.9.2,0.03904326100428571,0.06967660891285714,0.019271978443571428,biweekly,weighted,0.0,region_03
2023-05-20,3,XBB.1.9.2,0.046896572889464284,0.08367947382714286,0.023036545575178573,biweekly,weighted,,region_03
2023-05-27,3,XBB.1.9.2,0.05474988477464285,0.09768233874142856,0.026801112706785715,biweekly,weighted,,region_03
2023-06-03,3,XBB.1.9.2,0.06260319665982142,0.11168520365571429,0.03056567983839286,biweekly,weighted,,region_03
2023-06-10,3,XBB.1.9.2,0.07045650854499999,0.12568806857,0.034330246970000006,biweekly,weighted,0.0,region_03
2023-04-29,3,XBB.2.3,0.030871022018431372,0.05337081301764706,0.01602330951882353,biweekly,weighted,0.0,region_03
2023-05-06,3,XBB.2.3,0.04561061842187353,0.0754353210222353,0.025092539574817645,biweekly,weighted,,region_03
2023-05-13,3,XBB.2.3,0.06035021482531569,0.09749982902682353,0.03416176963081176,biweekly,weighted,,region_03
2023-05-20,3,XBB.2.3,0.07508981122875784,0.11956433703141175,0.04323099968680588,biweekly,weighted,,region_03
2023-05-27,3,XBB.2.3,0.0898294076322,0.14162884503599998,0.0523002297428,biweekly,weighted,0.0,region_03
2023-06-03,3,XBB.2.3,0.11098512869899474,0.1793594401922105,0.06195762002297894,biweekly,weighted,,region_03
2023-06-10,3,XBB.2.3,0.1321408497657895,0.21709003534842106,0.0716150103031579,biweekly,weighted,0.0,region_03
2023-06-17,3,XBB.2.3,0.11890726605332028,0.19145099468761478,0.06665295170338746,biweekly,weighted,,region_03
2023-06-24,3,XBB.2.3,0.10567368234085106,0.1658119540268085,0.06169089310361702,biweekly,weighted,0.0,region_03
2023-07-01,3,XBB.2.3,0.09809951868165125,0.15369070465165202,0.05746593833696346,biweekly,weighted,,region_03
2023-07-08,3,XBB.2.3,0.09052535502245143,0.14156945527649553,0.053240983570309895,biweekly,weighted,,region_03
2023-07-15,3,XBB.2.3,0.08295119136325162,0.12944820590133904,0.04901602880365633,biweekly,weighted,,region_03
2023-07-22,3,XBB.2.3,0.0753770277040518,0.11732695652618255,0.044791074037002776,biweekly,weighted,,region_03
2023-07-29,3,XBB.2.3,0.06780286404485199,0.10520570715102606,0.04056611927034921,biweekly,weighted,,region_03
2023-08-05,3,XBB.2.3,0.06022870038565218,0.09308445777586957,0.03634116450369565,biweekly,weighted,0.0,region_03
2023-08-12,3,XBB.2.3,0.07732965620660387,0.10878772301515702,0.05296760524051449,biweekly,weighted,,region_03
2023-08-19,3,XBB.2.3,0.09443061202755557,0.12449098825444445,0.06959404597733333,biweekly,weighted,0.0,region_03
2023-08-26,3,XBB.2.3,0.09320153920855051,0.1255376830361995,0.06692659649741667,biweekly,weighted,,region_03
2023-09-02,3,XBB.2.3,0.09197246638954545,0.12658437781795454,0.0642591470175,biweekly,weighted,0.0,region_03
2023-09-09,3,XBB.2.3,0.07372366546256343,0.10561296269409354,0.04916408352898256,biweekly,weighted,,region_03
2023-09-16,3,XBB.2.3,0.0554748645355814,0.08464154757023255,0.034069020040465116,biweekly,weighted,0.0,region_03
2023-09-23,3,XBB.2.3,0.0557863592321657,0.09058511977749129,0.031563930851482555,biweekly,weighted,,region_03
2023-09-30,3,XBB.2.3,0.05609785392875,0.09652869198475,0.0290588416625,biweekly,weighted,0.0,region_03
2023-10-07,3,XBB.2.3,0.042591551954862805,0.07281060114505793,0.02234775730490854,biweekly,weighted,,region_03
2023-10-14,3,XBB.2.3,0.02908524998097561,0.049092510305365857,0.015636672947317073,biweekly,weighted,0.0,region_03
2023-10-21,3,XBB.2.3,0.025286921074737803,0.04304144841593293,0.013449328430783537,biweekly,weighted,,region_03
2023-10-28,3,XBB.2.3,0.0214885921685,0.0369903865265,0.01126198391425,biweekly,weighted,0.0,region_03
2023-11-04,3,XBB.2.3,0.020248507734513158,0.034522512483776316,0.01076504320580921,biweekly,weighted,,region_03
2023-11-11,3,XBB.2.3,0.019008423300526316,0.03205463844105263,0.01026810249736842,biweekly,weighted,0.0,region_03
2024-09-14,3,XEC,0.018215281681111112,0.029285449430555555,0.01050892229,biweekly,weighted,0.0,region_03
2024-09-21,3,XEC,0.03728331994036459,0.05658737003479167,0.02309044198234375,biweekly,weighted,,region_03
2024-09-28,3,XEC,0.056351358199618055,0.08388929063902778,0.0356719616746875,biweekly,weighted,,region_03
2024-10-05,3,XEC,0.07541939645887152,0.1111912112432639,0.048253481367031247,biweekly,weighted,,region_03
2024-10-12,3,XEC,0.094487434718125,0.1384931318475,0.060835001059375,biweekly,weighted,0.0,region_03
2024-10-19,3,XEC,0.10414553040906249,0.15574541203708334,0.06511716628435417,biweekly,weighted,,region_03
2024-10-26,3,XEC,0.1138036261,0.17299769222666667,0.06939933150933333,biweekly,weighted,0.0,region_03
2024-11-02,3,XEC,0.18796022818142857,0.2841707757540476,0.11216407439538095,biweekly,weighted,,region_03
2024-11-09,3,XEC,0.26211683026285715,0.39534385928142857,0.15492881728142857,biweekly,weighted,0.0,region_03
2024-11-16,3,XEC,0.2752808951904286,0.42099082533871424,0.15790152496471427,biweekly,weighted,,region_03
2024-11-23,3,XEC,0.288444960118,0.44663779139599996,0.160874232648,biweekly,weighted,0.0,region_03
2024-11-30,3,XEC,0.32150187666316665,0.43471196889883335,0.22566596170275,biweekly,weighted,,region_03
2024-12-07,3,XEC,0.35455879320833333,0.4227861464016667,0.2904576907575,biweekly,weighted,0.0,region_03
2024-12-14,3,XEC,0.3543032730620833,0.44464875633458334,0.27153730765125,biweekly,weighted,,region_03
2024-12-21,3,XEC,0.3540477529158333,0.4665113662675,0.252616924545,biweekly,weighted,0.0,region_03
2024-12-28,3,XEC,0.37588929012337113,0.48238777854602277,0.27788530233704545,biweekly,weighted,,region_03
2025-01-04,3,XEC,0.39773082733090903,0.4982641908245455,0.3031536801290909,biweekly,weighted,0.0,region_03
2025-01-11,3,XEC,0.3849830731744545,0.49436511857927273,0.2837361819365455,biweekly,weighted,,region_03
2025-01-18,3,XEC,0.372235319018,0.490466046334,0.264318683744,biweekly,weighted,0.0,region_03
2025-01-25,3,XEC,0.3633516535167778,0.47665232486200004,0.2602565242186667,biweekly,weighted,,region_03
2025-02-01,3,XEC,0.35446798801555557,0.46283860339000005,0.25619436469333334,biweekly,weighted,0.0,region_03
2025-02-08,3,XEC,0.3501667007809028,0.436381277731875,0.2709440255747917,biweekly,weighted,,region_03
2025-02-15,3,XEC,0.34586541354625,0.40992395207375,0.28569368645625,biweekly,weighted,0.0,region_03
2025-02-22,3,XEC,0.30559476465026786,0.3802465256311607,0.23848152080883928,biweekly,weighted,,region_03
2025-03-01,3,XEC,0.2653241157542857,0.3505690991885714,0.19126935516142857,biweekly,weighted,0.0,region_03
2025-03-08,3,XEC,0.24751097088130952,0.32419688254595236,0.1809763236065476,biweekly,weighted,,region_03
2025-03-15,3,XEC,0.22969782600833333,0.29782466590333334,0.17068329205166666,biweekly,weighted,0.0,region_03
2025-03-22,3,XEC,0.18879192893716668,0.26063186973166663,0.13062454412383334,biweekly,weighted,,region_03
2025-03-29,3,XEC,0.147886031866,0.22343907355999998,0.090565796196,biweekly,weighted,0.0,region_03
2025-03-01,3,XEQ,0.030363459140000004,0.05311331773833333,0.015493325113333333,biweekly,weighted,0.0,region_03
2021-02-27,4,A.2.5,0.00206209952,0.01013104152,0.00041701787,biweekly,weighted,0.0,region_04
2021-07-17,4,AY.2,0.0030404966257142857,0.005374798815714286,0.0016573606485714286,weekly,weighted,0.0,region_04
2021-07-24,4,AY.2,0.0024411095827272726,0.004069458567272728,0.001395433810909091,weekly,weighted,0.0,region_04
2021-07-31,4,AY.2,0.002732904644285714,0.005175882984285714,0.0014012916442857142,weekly,weighted,0.0,region_04
2021-08-07,4,AY.2,0.0011522577923076924,0.001929853756923077,0.0006447444138461539,weekly,weighted,0.0,region_04
2021-06-12,4,AY.3,0.01796655357,0.10256198049,0.002920283,weekly,weighted,0.0,region_04
2021-06-19,4,AY.3,0.02621358633,0.12882095575,0.00487666856,weekly,weighted,0.0,region_04
2021-06-26,4,AY.3,0.03000736423,0.11174348742,0.00754994247,weekly,weighted,0.0,region_04
2021-07-03,4,AY.3,0.05640980974,0.17737627029,0.01630455069,weekly,weighted,0.0,region_04
2021-07-10,4,AY.3,0.07528947294,0.21398809552,0.02377103455,weekly,weighted,0.0,region_04
2021-07-17,4,AY.3,0.09175500274,0.24128644168,0.03109423816,weekly,weighted,0.0,region_04
2021-07-24,4,AY.3,0.10418282449,0.24210765958,0.04062028974,weekly,weighted,0.0,region_04
2021-01-30,4,B.1,0.040653825738,0.055130827799000005,0.030008846148,biweekly,weighted,0.0,region_04
2021-02-06,4,B.1,0.0430841012865,0.0578592028475,0.032099908683,biweekly,weighted,,region_04
2021-02-13,4,B.1,0.045514376834999995,0.060587577896,0.034190971218,biweekly,weighted,0.0,region_04
2021-02-20,4,B.1,0.039055990522,0.0543231308465,0.028272848949,biweekly,weighted,,region_04
2021-02-27,4,B.1,0.032597604209,0.048058683797,0.02235472668,biweekly,weighted,0.0,region_04
2021-01-30,4,B.1.1,0.01148574427,0.01903117634,0.00691083074,biweekly,weighted,0.0,region_04
2021-02-06,4,B.1.1,0.010974054225,0.017998684195,0.00667311321,biweekly,weighted,,region_04
2021-02-13,4,B.1.1,0.01046236418,0.01696619205,0.00643539568,biweekly,weighted,0.0,region_04
2021-02-20,4,B.1.1,0.011402056085,0.02205356117,0.0060006845699999995,biweekly,weighted,,region_04
2021-02-27,4,B.1.1,0.01234174799,0.02714093029,0.00556597346,biweekly,weighted,0.0,region_04
2021-01-30,4,B.1.1.519,0.01238205615,0.03777179618555556,0.003989617884444445,biweekly,weighted,0.0,region_04
2021-02-06,4,B.1.1.519,0.015413143774444443,0.03838756639055556,0.006309652998888889,biweekly,weighted,,region_04
2021-02-13,4,B.1.1.519,0.018444231398888886,0.039003336595555556,0.008629688113333332,biweekly,weighted,0.0,region_04
2021-02-20,4,B.1.1.519,0.020270474875555555,0.03653656132611111,0.01145508567111111,biweekly,weighted,,region_04
2021-02-27,4,B.1.1.519,0.022096718352222225,0.03406978605666667,0.014280483228888887,biweekly,weighted,0.0,region_04
2021-12-11,4,B.1.1.529,0.08586981968159421,0.1438688291369565,0.045696001230000005,weekly,weighted,0.0,region_04
2021-12-18,4,B.1.1.529,0.3781021469921212,0.4845353197875758,0.27586004928196967,weekly,weighted,0.0,region_04
2021-12-25,4,B.1.1.529,0.5736394778772058,0.6276667494986765,0.5111993485508823,weekly,weighted,0.0,region_04
2022-01-01,4,B.1.1.529,0.6385823061213433,0.6647356753022388,0.6095253616119403,weekly,weighted,0.0,region_04
2022-01-08,4,B.1.1.529,0.6460346538909091,0.6638389911607575,0.6253288853348484,weekly,weighted,0.0,region_04
2022-01-15,4,B.1.1.529,0.6247321705924243,0.6370231423418182,0.6114791094351515,weekly,weighted,0.0,region_04
2022-01-22,4,B.1.1.529,0.6115169360087692,0.6228831011515384,0.5993830634996923,weekly,weighted,0.0,region_04
2022-01-29,4,B.1.1.529,0.5895462329425397,0.5993904953915873,0.5789030324369842,weekly,weighted,0.0,region_04
2022-02-05,4,B.1.1.529,0.543374622613,0.5528962398568333,0.5337208732965001,weekly,weighted,0.0,region_04
2022-02-12,4,B.1.1.529,0.5447599575408064,0.5547962282453226,0.5349239988196774,weekly,weighted,0.0,region_04
2022-02-19,4,B.1.1.529,0.5229367230267213,0.5315106630809836,0.5139496514544263,weekly,weighted,0.0,region_04
2022-02-26,4,B.1.1.529,0.49196545009750003,0.5049858363966667,0.47758664873716666,weekly,weighted,0.0,region_04
2022-03-05,4,B.1.1.529,0.447758877049661,0.4691841152766102,0.425313741979661,weekly,weighted,0.0,region_04
2022-03-12,4,B.1.1.529,0.3674922273332759,0.40005596200448273,0.33322331450551723,weekly,weighted,0.0,region_04
2022-03-19,4,B.1.1.529,0.286513422272807,0.3267710787945614,0.24810637703526317,weekly,weighted,0.0,region_04
2022-03-26,4,B.1.1.529,0.1663902035489091,0.19643531800672728,0.13954219242272728,weekly,weighted,0.0,region_04
2022-04-02,4,B.1.1.529,0.08375215205236362,0.10984326218363637,0.06260751885436364,weekly,weighted,0.0,region_04
2022-04-09,4,B.1.1.529,0.03820137171666667,0.04881312210037037,0.029502169867222223,weekly,weighted,0.0,region_04
2022-04-16,4,B.1.1.529,0.040638902665263155,0.05044159665631579,0.032283509835789474,weekly,weighted,0.0,region_04
2022-04-23,4,B.1.1.529,0.019110832673333335,0.025494282754444444,0.01401676692888889,weekly,weighted,0.0,region_04
2022-04-30,4,B.1.1.529,0.011958875254705882,0.017799176768235295,0.007652613415882352,weekly,weighted,0.0,region_04
2022-05-07,4,B.1.1.529,0.007033684784375,0.0112863073,0.004083207488125,weekly,weighted,0.0,region_04
2022-05-14,4,B.1.1.529,0.02330880426,0.03247331455,0.01616247557,weekly,weighted,0.0,region_04
2021-01-30,4,B.1.1.7,0.017169954488333333,0.07799268700166666,0.0036032231491666664,biweekly,weighted,0.0,region_04
2021-02-06,4,B.1.1.7,0.04228769068208333,0.11469975517458333,0.01602958238833333,biweekly,weighted,,region_04
2021-02-13,4,B.1.1.7,0.06740542687583333,0.1514068233475,0.0284559416275,biweekly,weighted,0.0,region_04
2021-02-20,4,B.1.1.7,0.10785419028249998,0.22357378217124999,0.04791017901083333,biweekly,weighted,,region_04
2021-02-27,4,B.1.1.7,0.14830295368916666,0.295740740995,0.06736441639416667,biweekly,weighted,0.0,region_04
2021-03-06,4,B.1.1.7,0.298581659795,0.4700890108925,0.169604141265,weekly,weighted,0.0,region_04
2021-03-13,4,B.1.1.7,0.4181639105075,0.5895386934275,0.2643069997425,weekly,weighted,0.0,region_04
2021-03-20,4,B.1.1.7,0.4870300889,0.6094093322775,0.36613176018,weekly,weighted,0.0,region_04
2021-03-27,4,B.1.1.7,0.582636266945,0.6896244138475001,0.4673298373825,weekly,weighted,0.0,region_04
2021-04-03,4,B.1.1.7,0.6235008686775,0.691151320935,0.5507462173725,weekly,weighted,0.0,region_04
2021-04-10,4,B.1.1.7,0.67131152749,0.71693943441,0.6222360134125,weekly,weighted,0.0,region_04
2021-04-17,4,B.1.1.7,0.6806583553575001,0.7434662133450001,0.6105564087625,weekly,weighted,0.0,region_04
2021-04-24,4,B.1.1.7,0.7040433138625,0.761936590075,0.638822078705,weekly,weighted,0.0,region_04
2021-05-01,4,B.1.1.7,0.7182405144,0.7710903286925,0.6584726423025,weekly,weighted,0.0,region_04
2021-05-08,4,B.1.1.7,0.6979055802016667,0.7489503423383334,0.6418142914766667,weekly,weighted,0.0,region_04
2021-05-15,4,B.1.1.7,0.7223733729811112,0.7705997758444444,0.6684872375577778,weekly,weighted,0.0,region_04
2021-05-22,4,B.1.1.7,0.7006336583055556,0.7803703347833334,0.6053893499899999,weekly,weighted,0.0,region_04
2021-05-29,4,B.1.1.7,0.6425373421777778,0.7157319254344444,0.5619837840411112,weekly,weighted,0.0,region_04
2021-06-05,4,B.1.1.7,0.6013142201644445,0.70789571603,0.48407894373111104,weekly,weighted,0.0,region_04
2021-06-12,4,B.1.1.7,0.5196376509144445,0.5958470437244444,0.44234035081333334,weekly,weighted,0.0,region_04
2021-06-19,4,B.1.1.7,0.45682066678888883,0.5026178922933333,0.41169047024555555,weekly,weighted,0.0,region_04
2021-06-26,4,B.1.1.7,0.32604010568666664,0.37867263621777775,0.27729961276000004,weekly,weighted,0.0,region_04
2021-07-03,4,B.1.1.7,0.20938967996111113,0.23858584132333333,0.18261731167666664,weekly,weighted,0.0,region_04
2021-07-10,4,B.1.1.7,0.10211745235555555,0.12912640472111112,0.07974463204555556,weekly,weighted,0.0,region_04
2021-07-17,4,B.1.1.7,0.05762102786111112,0.07127080112555556,0.04627836081666667,weekly,weighted,0.0,region_04
2021-07-24,4,B.1.1.7,0.024852771724444445,0.03145168349222222,0.01947558340111111,weekly,weighted,0.0,region_04
2021-07-31,4,B.1.1.7,0.014520112775,0.017475713045,0.012005579075,weekly,weighted,0.0,region_04
2021-08-07,4,B.1.1.7,0.00764993886625,0.0104168429975,0.00561153056375,weekly,weighted,0.0,region_04
2021-08-14,4,B.1.1.7,0.0051517499199999995,0.010227925144285712,0.00249092833,weekly,weighted,0.0,region_04
2021-08-21,4,B.1.1.7,0.002037190508,0.0036175570919999996,0.001094104534,weekly,weighted,0.0,region_04
2021-08-28,4,B.1.1.7,0.001565557744,0.003393652546,0.0007355597720000001,weekly,weighted,,region_04
2021-09-04,4,B.1.1.7,0.00109392498,0.003169748,0.00037701501,weekly,weighted,0.0,region_04
2021-01-30,4,B.1.2,0.46052473411,0.57577456533875,0.34907360747375,biweekly,weighted,0.0,region_04
2021-02-06,4,B.1.2,0.451588762924375,0.551870554685,0.3547288272525,biweekly,weighted,,region_04
2021-02-13,4,B.1.2,0.44265279173875,0.52796654403125,0.36038404703125,biweekly,weighted,0.0,region_04
2021-02-20,4,B.1.2,0.406758572906875,0.522221004590625,0.30280854553000003,biweekly,weighted,,region_04
2021-02-27,4,B.1.2,0.370864354075,0.51647546515,0.24523304402875,biweekly,weighted,0.0,region_04
2021-02-13,4,B.1.351,0.005954781275833334,0.03483771532833333,0.0009942551508333333,biweekly,weighted,0.0,region_04
2021-02-20,4,B.1.351,0.00664181566875,0.02912679411625,0.0016485943079166667,biweekly,weighted,,region_04
2021-02-27,4,B.1.351,0.007328850061666667,0.023415872904166666,0.002302933465,biweekly,weighted,0.0,region_04
2021-03-06,4,B.1.351,0.00777009537,0.029657809065,0.0020061961275,weekly,weighted,0.0,region_04
2021-03-13,4,B.1.351,0.011750597275,0.0396572388725,0.0034122083475,weekly,weighted,0.0,region_04
2021-03-20,4,B.1.351,0.0152212919175,0.0573785454025,0.0039116547550000005,weekly,weighted,0.0,region_04
2021-03-27,4,B.1.351,0.0117111532025,0.050143969245,0.002654033015,weekly,weighted,0.0,region_04
2021-04-03,4,B.1.351,0.01781686675,0.0850898772475,0.0035279903675,weekly,weighted,0.0,region_04
2021-04-10,4,B.1.351,0.0139185667475,0.06205075793,0.0030025206525,weekly,weighted,0.0,region_04
2021-04-17,4,B.1.351,0.01146875741,0.0397296221925,0.0032578885425000002,weekly,weighted,0.0,region_04
2021-04-24,4,B.1.351,0.007106703705,0.019304658284999998,0.00259586377,weekly,weighted,0.0,region_04
2021-05-01,4,B.1.351,0.008263695054999999,0.023544261230000002,0.0028713615025,weekly,weighted,0.0,region_04
2021-05-08,4,B.1.351,0.0108296074875,0.0488125355925,0.00233028573,weekly,weighted,0.0,region_04
2021-05-15,4,B.1.351,0.00809822772,0.02663887702,0.002430238202,weekly,weighted,0.0,region_04
2021-01-30,4,B.1.427,0.023767952031666664,0.0691831906625,0.008043093567500001,biweekly,weighted,0.0,region_04
2021-02-06,4,B.1.427,0.0239279054425,0.06174566519083334,0.009333036549166666,biweekly,weighted,,region_04
2021-02-13,4,B.1.427,0.024087858853333335,0.05430813971916667,0.010622979530833333,biweekly,weighted,0.0,region_04
2021-02-20,4,B.1.427,0.027181313140416666,0.055668280460000004,0.013332885535833333,biweekly,weighted,,region_04
2021-02-27,4,B.1.427,0.030274767427499998,0.05702842120083334,0.016042791540833334,biweekly,weighted,0.0,region_04
2021-03-06,4,B.1.427,0.02934570611,0.05007188395,0.01704474539,weekly,weighted,0.0,region_04
2021-03-13,4,B.1.427,0.02662445791,0.03619040176,0.0195357576,weekly,weighted,0.0,region_04
2021-03-20,4,B.1.427,0.01685770042,0.02546066605,0.01112841628,weekly,weighted,0.0,region_04
2021-03-27,4,B.1.427,0.01404011808,0.02197251469,0.00894523971,weekly,weighted,0.0,region_04
2021-04-03,4,B.1.427,0.00988807622,0.01535034459,0.00635695318,weekly,weighted,0.0,region_04
2021-04-10,4,B.1.427,0.00845531281,0.01072425861,0.00666317763,weekly,weighted,0.0,region_04
2021-04-17,4,B.1.427,0.00548725855,0.00757131539,0.00397455553,weekly,weighted,0.0,region_04
2021-04-24,4,B.1.427,0.00558067672,0.00909487624,0.00341965421,weekly,weighted,0.0,region_04
2021-01-30,4,B.1.429,0.023148676224999998,0.054225969127499996,0.009756406653333334,biweekly,weighted,0.0,region_04
2021-02-06,4,B.1.429,0.027861342454583334,0.05864002446833333,0.013176704737916668,biweekly,weighted,,region_04
2021-02-13,4,B.1.429,0.03257400868416667,0.06305407980916666,0.0165970028225,biweekly,weighted,0.0,region_04
2021-02-20,4,B.1.429,0.04161797331916667,0.07032687092791667,0.024696792359583337,biweekly,weighted,,region_04
2021-02-27,4,B.1.429,0.05066193795416666,0.07759966204666667,0.03279658189666667,biweekly,weighted,0.0,region_04
2021-03-06,4,B.1.429,0.05384309217,0.06218815222,0.04656226188,weekly,weighted,0.0,region_04
2021-03-13,4,B.1.429,0.040926788,0.05775017664,0.02885419503,weekly,weighted,0.0,region_04
2021-03-20,4,B.1.429,0.03953112662,0.06501012295,0.02378393337,weekly,weighted,0.0,region_04
2021-03-27,4,B.1.429,0.03601190448,0.04537003115,0.02852632478,weekly,weighted,0.0,region_04
2021-04-03,4,B.1.429,0.02916562185,0.03526332602,0.02409599163,weekly,weighted,0.0,region_04
2021-04-10,4,B.1.429,0.01713892445,0.02439690568,0.01201357506,weekly,weighted,0.0,region_04
2021-04-17,4,B.1.429,0.0119394213,0.02080443315,0.0068255635,weekly,weighted,0.0,region_04
2021-04-24,4,B.1.429,0.0084595941,0.01432659291,0.0049830908,weekly,weighted,0.0,region_04
2021-05-01,4,B.1.429,0.00719820801,0.01320518553,0.00391294155,weekly,weighted,0.0,region_04
2021-05-08,4,B.1.429,0.00564085599,0.01409155037,0.00224649045,weekly,weighted,0.0,region_04
2021-02-13,4,B.1.525,0.00126929185,0.00409304677,0.00039285072,biweekly,weighted,0.0,region_04
2021-02-20,4,B.1.525,0.0018273450729166668,0.0048471462625,0.0007034530462500001,biweekly,weighted,,region_04
2021-02-27,4,B.1.525,0.0023853982958333335,0.005601245755,0.0010140553725,biweekly,weighted,0.0,region_04
2021-03-06,4,B.1.525,0.0038394369166666665,0.010705297503333334,0.0013709248333333335,weekly,weighted,0.0,region_04
2021-03-13,4,B.1.525,0.003833708313333333,0.009112362361666668,0.0016581881783333335,weekly,weighted,,region_04
2021-03-20,4,B.1.525,0.0038279797099999998,0.0075194272199999995,0.0019454515233333334,weekly,weighted,0.0,region_04
2021-03-27,4,B.1.525,0.004166984463333333,0.006266224353333333,0.002769064313333333,weekly,weighted,0.0,region_04
2021-04-03,4,B.1.525,0.004002037456666667,0.008620665406666667,0.0018532802733333333,weekly,weighted,0.0,region_04
2021-04-10,4,B.1.525,0.00442085896,0.011789911736666667,0.0016500530366666667,weekly,weighted,0.0,region_04
2021-01-30,4,B.1.526,0.008537706141666665,0.026247986903333336,0.0027448129833333337,biweekly,weighted,0.0,region_04
2021-02-06,4,B.1.526,0.009847392599166666,0.029076300328333332,0.00330975197625,biweekly,weighted,,region_04
2021-02-13,4,B.1.526,0.011157079056666666,0.03190461375333333,0.0038746909691666667,biweekly,weighted,0.0,region_04
2021-02-20,4,B.1.526,0.023241791835416664,0.04840798916583333,0.011442086775416667,biweekly,weighted,,region_04
2021-02-27,4,B.1.526,0.035326504614166664,0.06491136457833334,0.019009482581666667,biweekly,weighted,0.0,region_04
2021-03-06,4,B.1.526,0.05046036839333334,0.08809252331333332,0.02844203698,weekly,weighted,0.0,region_04
2021-03-13,4,B.1.526,0.05681475624666666,0.09732124457666665,0.03252196746666667,weekly,weighted,0.0,region_04
2021-03-20,4,B.1.526,0.07772868872,0.11524497469,0.05175241579333334,weekly,weighted,0.0,region_04
2021-03-27,4,B.1.526,0.10125691195333335,0.16876970728333332,0.05914921686,weekly,weighted,0.0,region_04
2021-04-03,4,B.1.526,0.10148358096666665,0.14748829106666667,0.06880666687999999,weekly,weighted,0.0,region_04
2021-04-10,4,B.1.526,0.10367762545666666,0.15868222713333333,0.06652059902666667,weekly,weighted,0.0,region_04
2021-04-17,4,B.1.526,0.11375142385333332,0.19314794242666666,0.06470250835333334,weekly,weighted,0.0,region_04
2021-04-24,4,B.1.526,0.10168845206333332,0.17993049323666666,0.05561850095666667,weekly,weighted,0.0,region_04
2021-05-01,4,B.1.526,0.10312635203,0.18918922543333336,0.05441139142,weekly,weighted,0.0,region_04
2021-05-08,4,B.1.526,0.09592759112333334,0.15829801063,0.05704012637333333,weekly,weighted,0.0,region_04
2021-05-15,4,B.1.526,0.090191689134,0.137188096344,0.058463991432000005,weekly,weighted,0.0,region_04
2021-05-22,4,B.1.526,0.081562797724,0.140042966604,0.04631897062,weekly,weighted,0.0,region_04
2021-05-29,4,B.1.526,0.08528010249199999,0.151313319802,0.04701774642,weekly,weighted,0.0,region_04
2021-06-05,4,B.1.526,0.079783315958,0.13104788959,0.047481430324,weekly,weighted,0.0,region_04
2021-06-12,4,B.1.526,0.061304346472000004,0.09481560588,0.039983547852,weekly,weighted,0.0,region_04
2021-06-19,4,B.1.526,0.048725534232,0.086821243168,0.027113523334000002,weekly,weighted,0.0,region_04
2021-06-26,4,B.1.526,0.037071952222,0.084145336598,0.015953241662,weekly,weighted,0.0,region_04
2021-07-03,4,B.1.526,0.023276812584000002,0.049299529939999996,0.010890348813999999,weekly,weighted,0.0,region_04
2021-07-10,4,B.1.526,0.007641930878,0.01778296586,0.003249538458,weekly,weighted,0.0,region_04
2021-07-17,4,B.1.526,0.0044046883725,0.0141813450025,0.00140399381,weekly,weighted,0.0,region_04
2021-07-24,4,B.1.526,0.00178752211,0.00360445818,0.00088565348,weekly,weighted,0.0,region_04
2021-02-13,4,B.1.526.1,0.004501215493333333,0.015359892974999999,0.0013103809700000001,biweekly,weighted,0.0,region_04
2021-02-20,4,B.1.526.1,0.008321658165,0.024618362465,0.002806211055833333,biweekly,weighted,,region_04
2021-02-27,4,B.1.526.1,0.012142100836666668,0.033876831955,0.004302041141666667,biweekly,weighted,0.0,region_04
2021-02-27,4,B.1.526.2,0.00337014654,0.01252206803,0.0009165909533333334,biweekly,weighted,0.0,region_04
2021-01-30,4,B.1.596,0.133434403685,0.1819945760075,0.0964697767075,biweekly,weighted,0.0,region_04
2021-02-06,4,B.1.596,0.12047042325,0.19030115567125,0.0758983325225,biweekly,weighted,,region_04
2021-02-13,4,B.1.596,0.10750644281499999,0.198607735335,0.055326888337500005,biweekly,weighted,0.0,region_04
2021-02-20,4,B.1.596,0.09194108098874999,0.1691119261075,0.04789108131,biweekly,weighted,,region_04
2021-02-27,4,B.1.596,0.0763757191625,0.13961611688,0.0404552742825,biweekly,weighted,0.0,region_04
2021-04-17,4,B.1.617.2,0.0028595989575,0.008479227547499999,0.000960840115,weekly,weighted,0.0,region_04
2021-04-24,4,B.1.617.2,0.0066893711925,0.011995168402499999,0.0037218026125,weekly,weighted,0.0,region_04
2021-05-01,4,B.1.617.2,0.0054616696425,0.009285174775,0.0032075725025,weekly,weighted,0.0,region_04
2021-05-08,4,B.1.617.2,0.018688015931566264,0.029885636305903615,0.010965505782891566,weekly,weighted,0.0,region_04
2021-05-15,4,B.1.617.2,0.014591722436666668,0.03435166925166667,0.006099558203333333,weekly,weighted,0.0,region_04
2021-05-22,4,B.1.617.2,0.022556710987790697,0.03684539924,0.012861136335581396,weekly,weighted,0.0,region_04
2021-05-29,4,B.1.617.2,0.028685171463647057,0.046610724049058826,0.016400342851058822,weekly,weighted,0.0,region_04
2021-06-05,4,B.1.617.2,0.05922922404364706,0.08898742365470588,0.0372926371942353,weekly,weighted,0.0,region_04
2021-06-12,4,B.1.617.2,0.16901128098,0.22293586838418605,0.12383309561116279,weekly,weighted,0.0,region_04
2021-06-19,4,B.1.617.2,0.25572614025302326,0.3091274527615116,0.207652394335,weekly,weighted,0.0,region_04
2021-06-26,4,B.1.617.2,0.42642269309811764,0.47068955582705885,0.38304305567494124,weekly,weighted,0.0,region_04
2021-07-03,4,B.1.617.2,0.6387752493219231,0.6898472247971795,0.5852100810947436,weekly,weighted,0.0,region_04
2021-07-10,4,B.1.617.2,0.7821736806706172,0.8198090107354321,0.7405853403938272,weekly,weighted,0.0,region_04
2021-07-17,4,B.1.617.2,0.8640574025259524,0.8949070359977381,0.8280092555846428,weekly,weighted,0.0,region_04
2021-07-24,4,B.1.617.2,0.9357178717160465,0.9495328110318605,0.9192911192432558,weekly,weighted,0.0,region_04
2021-07-31,4,B.1.617.2,0.9580316611482278,0.9708157000662025,0.9416885723043038,weekly,weighted,0.0,region_04
2021-08-07,4,B.1.617.2,0.9626406367333333,0.9767018223091666,0.9433851213686905,weekly,weighted,0.0,region_04
2021-08-14,4,B.1.617.2,0.9839379657538462,0.9902800031201283,0.9750071443047437,weekly,weighted,0.0,region_04
2021-08-21,4,B.1.617.2,0.983126409897317,0.9922623205474391,0.9680120552456097,weekly,weighted,0.0,region_04
2021-08-28,4,B.1.617.2,0.9804496329566667,0.9909870257744873,0.963222168959359,weekly,weighted,0.0,region_04
2021-09-04,4,B.1.617.2,0.9866074880990909,0.9939471754155844,0.9744364092880519,weekly,weighted,0.0,region_04
2021-09-11,4,B.1.617.2,0.98894405588525,0.99506764486525,0.9786940962078751,weekly,weighted,0.0,region_04
2021-09-18,4,B.1.617.2,0.9845210237385899,0.992366595910641,0.9721328264633333,weekly,weighted,0.0,region_04
2021-09-25,4,B.1.617.2,0.9859974193266666,0.9922224382560256,0.9768375097178205,weekly,weighted,0.0,region_04
2021-10-02,4,B.1.617.2,0.9863764437032,0.9932631381352,0.9755332501735999,weekly,weighted,0.0,region_04
2021-10-09,4,B.1.617.2,0.9830634624932467,0.9912611826666234,0.9704182279577922,weekly,weighted,0.0,region_04
2021-10-16,4,B.1.617.2,0.988968873494342,0.9959906410226317,0.9758727079942106,weekly,weighted,0.0,region_04
2021-10-23,4,B.1.617.2,0.9804348982870312,0.9915818469598437,0.9616248086098438,weekly,weighted,0.0,region_04
2021-10-30,4,B.1.617.2,0.9858703729181946,0.9938924776180555,0.9722932320504167,weekly,weighted,0.0,region_04
2021-11-06,4,B.1.617.2,0.9752644800089707,0.9874854017705883,0.9563802813779413,weekly,weighted,0.0,region_04
2021-11-13,4,B.1.617.2,0.9789239496430435,0.9895354785779709,0.9620070958491305,weekly,weighted,0.0,region_04
2021-11-20,4,B.1.617.2,0.9739365288192857,0.988005461863143,0.9510942144054285,weekly,weighted,0.0,region_04
2021-11-27,4,B.1.617.2,0.9874707377619445,0.9953653357091667,0.9729435121019444,weekly,weighted,0.0,region_04
2021-12-04,4,B.1.617.2,0.9819519077025715,0.9931188821798571,0.9618416896885715,weekly,weighted,0.0,region_04
2021-12-11,4,B.1.617.2,0.8882124841211428,0.9394388633115714,0.815577988965,weekly,weighted,0.0,region_04
2021-12-18,4,B.1.617.2,0.4807839309102985,0.6190215037825374,0.34466690937119404,weekly,weighted,0.0,region_04
2021-12-25,4,B.1.617.2,0.17623234562147058,0.2650106220561765,0.10742114769147058,weekly,weighted,0.0,region_04
2022-01-01,4,B.1.617.2,0.06017007145,0.09259324153850747,0.036498040961343285,weekly,weighted,0.0,region_04
2022-01-08,4,B.1.617.2,0.0270494808790625,0.046282810625,0.01430731572359375,weekly,weighted,0.0,region_04
2022-01-15,4,B.1.617.2,0.012850636588484848,0.019806794511666666,0.007872206942121212,weekly,weighted,0.0,region_04
2022-01-22,4,B.1.617.2,0.003923525349333334,0.006839368678,0.002030937451333333,weekly,weighted,0.0,region_04
2022-01-29,4,B.1.617.2,0.00256445717974359,0.004503729454615384,0.0013151687261538463,weekly,weighted,0.0,region_04
2021-04-17,4,B.1.621,0.0034897891475,0.013929866955,0.0008673902625,weekly,weighted,0.0,region_04
2021-04-24,4,B.1.621,0.002969972035,0.0087563864625,0.0010039686,weekly,weighted,0.0,region_04
2021-05-01,4,B.1.621,0.011216526385,0.030269142705,0.00410697743,weekly,weighted,0.0,region_04
2021-05-08,4,B.1.621,0.00932094606,0.0274941031825,0.00314433436,weekly,weighted,0.0,region_04
2021-05-15,4,B.1.621,0.010001224732857143,0.022840944784285715,0.0043586999442857145,weekly,weighted,0.0,region_04
2021-05-22,4,B.1.621,0.016589274362857145,0.03874615101,0.007008234172857143,weekly,weighted,0.0,region_04
2021-05-29,4,B.1.621,0.034881988914,0.086067080498,0.013686012288,weekly,weighted,0.0,region_04
2021-06-05,4,B.1.621,0.025951460376,0.0863604635,0.007448748034,weekly,weighted,0.0,region_04
2021-06-12,4,B.1.621,0.052473108684285716,0.12292332627857142,0.02172938894142857,weekly,weighted,0.0,region_04
2021-06-19,4,B.1.621,0.06468996937714286,0.09789149782428572,0.04170901487857143,weekly,weighted,0.0,region_04
2021-06-26,4,B.1.621,0.05945566828857143,0.10793186298428571,0.03207342725714286,weekly,weighted,0.0,region_04
2021-07-03,4,B.1.621,0.032630148158,0.06596692875000001,0.015856363996,weekly,weighted,0.0,region_04
2021-07-10,4,B.1.621,0.031749726937142855,0.057279545814285716,0.01730795484,weekly,weighted,0.0,region_04
2021-07-17,4,B.1.621,0.021197650047142857,0.030952066184285715,0.014434395224285714,weekly,weighted,0.0,region_04
2021-07-24,4,B.1.621,0.011700316997142857,0.02267509911714286,0.005906474177142857,weekly,weighted,0.0,region_04
2021-07-31,4,B.1.621,0.0077592339374999994,0.01657636976,0.0036153325349999998,weekly,weighted,0.0,region_04
2021-08-07,4,B.1.621,0.005205382981666667,0.010889537476666667,0.002473818331666667,weekly,weighted,0.0,region_04
2021-08-14,4,B.1.621,0.00292787957,0.006324222466666667,0.0013607449766666667,weekly,weighted,0.0,region_04
2021-08-21,4,B.1.621,0.0020775508,0.004202031258333334,0.0010423109833333334,weekly,weighted,,region_04
2021-08-28,4,B.1.621,0.00122722203,0.00207984005,0.00072387699,weekly,weighted,0.0,region_04
2021-06-05,4,B.1.621.1,0.01268221624,0.03821977476333333,0.004134857716666667,weekly,weighted,0.0,region_04
2021-06-12,4,B.1.621.1,0.012754750591666668,0.03173079062333333,0.005306415724999999,weekly,weighted,,region_04
2021-06-19,4,B.1.621.1,0.012827284943333335,0.025241806483333334,0.006477973733333333,weekly,weighted,0.0,region_04
2021-06-26,4,B.1.621.1,0.010699048326666667,0.02811467027,0.004026845716666667,weekly,weighted,0.0,region_04
2021-07-03,4,B.1.621.1,0.007575981938333334,0.01847458367,0.003133186101666667,weekly,weighted,,region_04
2021-07-10,4,B.1.621.1,0.0044529155499999995,0.00883449707,0.002239526486666667,weekly,weighted,0.0,region_04
2021-07-17,4,B.1.621.1,0.004690352673333333,0.010818213536666668,0.002029374276666667,weekly,weighted,0.0,region_04
2021-07-24,4,B.1.621.1,0.002955304146666667,0.005491099166666667,0.0015896507166666667,weekly,weighted,0.0,region_04
2021-07-31,4,B.1.621.1,0.00136982184,0.004532569320000001,0.00041307963,weekly,weighted,0.0,region_04
2021-08-07,4,B.1.621.1,0.00093478034,0.0014779116,0.00059113122,weekly,weighted,0.0,region_04
2021-05-01,4,B.1.628,0.00360750558,0.008970239665000001,0.00144916674,weekly,weighted,0.0,region_04
2021-05-08,4,B.1.628,0.003975404948333334,0.009596263600833333,0.00164600748,weekly,weighted,,region_04
2021-05-15,4,B.1.628,0.004343304316666667,0.010222287536666666,0.00184284822,weekly,weighted,0.0,region_04
2021-05-22,4,B.1.628,0.0063686851650000004,0.01555901044,0.002594100575,weekly,weighted,,region_04
2021-05-29,4,B.1.628,0.008394066013333333,0.020895733343333334,0.00334535293,weekly,weighted,,region_04
2021-06-05,4,B.1.628,0.010419446861666667,0.026232456246666667,0.004096605285,weekly,weighted,,region_04
2021-06-12,4,B.1.628,0.01244482771,0.03156917915,0.00484785764,weekly,weighted,0.0,region_04
2021-06-19,4,B.1.628,0.009716278174999999,0.016926496290000002,0.00543902896,weekly,weighted,0.0,region_04
2021-06-26,4,B.1.628,0.007980487153333334,0.020301664246666667,0.0031446622066666663,weekly,weighted,0.0,region_04
2021-07-03,4,B.1.628,0.00762395452,0.014953854493333333,0.003887742443333333,weekly,weighted,0.0,region_04
2021-07-10,4,B.1.628,0.00462346978,0.0073708856925,0.0028425741474999997,weekly,weighted,0.0,region_04
2021-07-17,4,B.1.628,0.0034304007216666666,0.005647630468333333,0.002060338058333333,weekly,weighted,,region_04
2021-07-24,4,B.1.628,0.0022373316633333335,0.003924375244166667,0.0012781019691666664,weekly,weighted,,region_04
2021-07-31,4,B.1.628,0.001044262605,0.00220112002,0.00049586588,weekly,weighted,0.0,region_04
2021-08-07,4,B.1.628,0.0009475405100000001,0.001777421975,0.0004910524850000001,weekly,weighted,0.0,region_04
2021-05-15,4,B.1.637,0.02094298415,0.029091251079999998,0.01480111014,weekly,weighted,0.0,region_04
2021-05-22,4,B.1.637,0.02036895696,0.03906461038,0.01062810095,weekly,weighted,0.0,region_04
2021-05-29,4,B.1.637,0.02463464811,0.04868948087,0.01231021807,weekly,weighted,0.0,region_04
2021-06-05,4,B.1.637,0.025166377425,0.038580885154999994,0.015868477525,weekly,weighted,0.0,region_04
2021-06-12,4,B.1.637,0.01673055254,0.03780220449,0.00731533207,weekly,weighted,0.0,region_04
2021-06-19,4,B.1.637,0.01898532547,0.03259470314,0.01099374332,weekly,weighted,0.0,region_04
2021-06-26,4,B.1.637,0.00911211874,0.01484682225,0.00557994377,weekly,weighted,0.0,region_04
2021-07-03,4,B.1.637,0.0061538131,0.01259015221,0.00299787009,weekly,weighted,0.0,region_04
2021-07-10,4,B.1.637,0.00416835456,0.008139139154999999,0.0021445340250000004,weekly,weighted,,region_04
2021-07-17,4,B.1.637,0.00218289602,0.0036881261,0.00129119796,weekly,weighted,0.0,region_04
2021-07-24,4,B.1.637,0.00149184102,0.0031069985100000003,0.00077238698,weekly,weighted,,region_04
2021-07-31,4,B.1.637,0.00080078602,0.00252587092,0.000253576,weekly,weighted,0.0,region_04
2021-12-11,4,BA.1.1,0.05042275172882353,0.0839580019164706,0.02746554957117647,weekly,weighted,0.0,region_04
2021-12-18,4,BA.1.1,0.2711155901055882,0.35669522338058823,0.19641896819352941,weekly,weighted,0.0,region_04
2021-12-25,4,BA.1.1,0.4833989511526471,0.5487443997579412,0.41849326210970583,weekly,weighted,0.0,region_04
2022-01-01,4,BA.1.1,0.5688633164938235,0.6055047161447059,0.5316549083776471,weekly,weighted,0.0,region_04
2022-01-08,4,BA.1.1,0.6178527842555883,0.6402341179994118,0.595086983022353,weekly,weighted,0.0,region_04
2022-01-15,4,BA.1.1,0.6945347768414706,0.7137035429479411,0.6748514017635294,weekly,weighted,0.0,region_04
2022-01-22,4,BA.1.1,0.7272341461741176,0.744393680025,0.7095565024544118,weekly,weighted,0.0,region_04
2022-01-29,4,BA.1.1,0.7690219933333333,0.7857266086521212,0.7516586292863636,weekly,weighted,0.0,region_04
2022-02-05,4,BA.1.1,0.7804993934491177,0.8086230351641176,0.7501145390911764,weekly,weighted,0.0,region_04
2022-02-12,4,BA.1.1,0.8066122496832353,0.82171308819,0.7908087513035293,weekly,weighted,0.0,region_04
2022-02-19,4,BA.1.1,0.8138634106691176,0.8239974063988235,0.8034000396717648,weekly,weighted,0.0,region_04
2022-02-26,4,BA.1.1,0.8096590971247059,0.8298089153632353,0.7882166364614706,weekly,weighted,0.0,region_04
2022-03-05,4,BA.1.1,0.7923236086085295,0.8267639717635293,0.7544457544305883,weekly,weighted,0.0,region_04
2022-03-12,4,BA.1.1,0.6651588172621212,0.724930246670606,0.6012031020545455,weekly,weighted,0.0,region_04
2022-03-19,4,BA.1.1,0.5207859242661764,0.5746228081341176,0.4665867484661765,weekly,weighted,0.0,region_04
2022-03-26,4,BA.1.1,0.3032291882179412,0.34618524768676473,0.2626820899102941,weekly,weighted,0.0,region_04
2022-04-02,4,BA.1.1,0.17110675792411764,0.21082991536970588,0.13614639902794118,weekly,weighted,0.0,region_04
2022-04-09,4,BA.1.1,0.08549085653941177,0.10684310316088236,0.06720203643294118,weekly,weighted,0.0,region_04
2022-04-16,4,BA.1.1,0.036022412280303034,0.04450024867666667,0.028763128726363635,weekly,weighted,0.0,region_04
2022-04-23,4,BA.1.1,0.01755576569764706,0.023236519767058823,0.012954289805294119,weekly,weighted,0.0,region_04
2022-04-30,4,BA.1.1,0.009834951940588236,0.015769052784999998,0.005705951891176471,weekly,weighted,0.0,region_04
2022-05-07,4,BA.1.1,0.005445817841764706,0.008934206849411765,0.0030660011582352943,weekly,weighted,0.0,region_04
2022-01-01,4,BA.2,0.001335628553,0.00239293042,0.000665152003,weekly,weighted,0.0,region_04
2022-01-08,4,BA.2,0.005217482662000001,0.008015019074,0.003206129605,weekly,weighted,0.0,region_04
2022-01-15,4,BA.2,0.0035799516589999996,0.005644924753,0.002126559055,weekly,weighted,0.0,region_04
2022-01-22,4,BA.2,0.0037991599200000005,0.006186689203,0.0021614798349999997,weekly,weighted,0.0,region_04
2022-01-29,4,BA.2,0.004781345175322581,0.007355132920129032,0.0029412994258870965,weekly,weighted,,region_04
2022-02-05,4,BA.2,0.005763530430645162,0.008523576637258064,0.0037211190167741933,weekly,weighted,0.0,region_04
2022-02-12,4,BA.2,0.011109671509344263,0.014042831194098361,0.008652983630491802,weekly,weighted,0.0,region_04
2022-02-19,4,BA.2,0.022828533543442622,0.030028336696393442,0.016963265409016392,weekly,weighted,0.0,region_04
2022-02-26,4,BA.2,0.047519946347,0.06670670254716667,0.03255884911266667,weekly,weighted,0.0,region_04
2022-03-05,4,BA.2,0.09515594728949153,0.12452813667305083,0.07076123375745762,weekly,weighted,0.0,region_04
2022-03-12,4,BA.2,0.23820385902051724,0.2994870440710345,0.18399572012793103,weekly,weighted,0.0,region_04
2022-03-19,4,BA.2,0.3939921725214035,0.4596314304749123,0.3310628590873684,weekly,weighted,0.0,region_04
2022-03-26,4,BA.2,0.6222548197425001,0.6717410864573214,0.5708026694398215,weekly,weighted,0.0,region_04
2022-04-02,4,BA.2,0.7344259901481819,0.7808962724430909,0.6836789055305454,weekly,weighted,0.0,region_04
2022-04-09,4,BA.2,0.761962344249074,0.8002001621103704,0.7203039096466667,weekly,weighted,0.0,region_04
2022-04-16,4,BA.2,0.7498503496056604,0.8146977143467924,0.6754375516247171,weekly,weighted,0.0,region_04
2022-04-23,4,BA.2,0.7095519854475,0.7523602625496154,0.6637396938526923,weekly,weighted,0.0,region_04
2022-04-30,4,BA.2,0.6056942168409803,0.6582747534215687,0.5512303826849019,weekly,weighted,0.0,region_04
2022-05-07,4,BA.2,0.5410206830498,0.5994012641908,0.4817629903542,weekly,weighted,0.0,region_04
2022-05-14,4,BA.2,0.4411115232781633,0.47419023939530613,0.408409424582449,weekly,weighted,0.0,region_04
2022-05-21,4,BA.2,0.33826985334375,0.359551934525625,0.3174663850416667,weekly,weighted,0.0,region_04
2022-05-28,4,BA.2,0.27579642293340423,0.29721693853085107,0.2551324871625532,weekly,weighted,0.0,region_04
2022-06-04,4,BA.2,0.2089666555752174,0.23976788443,0.18047079573434782,weekly,weighted,0.0,region_04
2022-06-11,4,BA.2,0.16436966458977778,0.1889154593151111,0.14184292256822223,weekly,weighted,0.0,region_04
2022-06-18,4,BA.2,0.09992862560522728,0.11708029698295454,0.0845276015725,weekly,weighted,0.0,region_04
2022-06-25,4,BA.2,0.06547227311302325,0.07490998298651162,0.056915774941162796,weekly,weighted,0.0,region_04
2022-07-02,4,BA.2,0.043796784643095235,0.051698890558095234,0.03679650676047619,weekly,weighted,0.0,region_04
2022-07-09,4,BA.2,0.02150489526170732,0.027982640920975608,0.01618948347195122,weekly,weighted,0.0,region_04
2022-07-16,4,BA.2,0.020317533566000003,0.02708110413475,0.01486694635825,weekly,weighted,0.0,region_04
2022-07-23,4,BA.2,0.011854695104444445,0.017023272735277775,0.007935525538888889,weekly,weighted,0.0,region_04
2022-07-30,4,BA.2,0.008438135122222221,0.012677394630138887,0.005359863939444444,weekly,weighted,,region_04
2022-08-06,4,BA.2,0.00502157514,0.008331516524999999,0.00278420234,weekly,weighted,0.0,region_04
2022-08-13,4,BA.2,0.00462273741,0.00813304726,0.00236059981,weekly,weighted,0.0,region_04
2022-08-20,4,BA.2,0.00658271043,0.01164617669,0.00333221769,weekly,weighted,0.0,region_04
2022-08-27,4,BA.2,0.006575394720333334,0.011612461167333332,0.003337316068,weekly,weighted,,region_04
2022-09-03,4,BA.2,0.006568079010666667,0.011578745644666667,0.003342414446,weekly,weighted,,region_04
2022-09-10,4,BA.2,0.006560763301,0.011545030122,0.003347512824,weekly,weighted,,region_04
2022-09-17,4,BA.2,0.006553447591333333,0.011511314599333333,0.003352611202,weekly,weighted,,region_04
2022-09-24,4,BA.2,0.006546131881666667,0.011477599076666666,0.0033577095800000002,weekly,weighted,,region_04
2022-10-01,4,BA.2,0.006538816172,0.011443883554,0.0033628079580000003,weekly,weighted,,region_04
2022-10-08,4,BA.2,0.006531500462333334,0.011410168031333334,0.0033679063360000003,weekly,weighted,,region_04
2022-10-15,4,BA.2,0.0065241847526666666,0.011376452508666667,0.003373004714,weekly,weighted,,region_04
2022-10-22,4,BA.2,0.006516869043,0.011342736986,0.003378103092,weekly,weighted,,region_04
2022-10-29,4,BA.2,0.0065095533333333335,0.011309021463333334,0.00338320147,weekly,weighted,,region_04
2022-11-05,4,BA.2,0.006502237623666667,0.011275305940666667,0.003388299848,weekly,weighted,,region_04
2022-11-12,4,BA.2,0.0064949219140000005,0.011241590418,0.003393398226,weekly,weighted,,region_04
2022-11-19,4,BA.2,0.006487606204333333,0.011207874895333333,0.003398496604,weekly,weighted,,region_04
2022-11-26,4,BA.2,0.006480290494666667,0.011174159372666668,0.003403594982,weekly,weighted,,region_04
2022-12-03,4,BA.2,0.006472974785,0.01114044385,0.0034086933600000003,weekly,weighted,0.0,region_04
2022-03-26,4,BA.2.12.1,0.02991805557472727,0.04392324401563637,0.019412317770363636,weekly,weighted,0.0,region_04
2022-04-02,4,BA.2.12.1,0.07168546583163636,0.09208284548727273,0.05461243858345455,weekly,weighted,0.0,region_04
2022-04-09,4,BA.2.12.1,0.1440073803611111,0.1765381950472222,0.11548023533018519,weekly,weighted,0.0,region_04
2022-04-16,4,BA.2.12.1,0.20590470169,0.2746366352407547,0.14791524297849057,weekly,weighted,0.0,region_04
2022-04-23,4,BA.2.12.1,0.2674524981807692,0.31206846523750004,0.22612234634865386,weekly,weighted,0.0,region_04
2022-04-30,4,BA.2.12.1,0.3706620020021569,0.42377032894686273,0.31978169843176474,weekly,weighted,0.0,region_04
2022-05-07,4,BA.2.12.1,0.4333313483006,0.4910173523422,0.3769781064984,weekly,weighted,0.0,region_04
2022-05-14,4,BA.2.12.1,0.5295289116248979,0.5587734944963265,0.5001382657459184,weekly,weighted,0.0,region_04
2022-05-21,4,BA.2.12.1,0.6009066055220833,0.623469972361875,0.5780177339908333,weekly,weighted,0.0,region_04
2022-05-28,4,BA.2.12.1,0.6365879038548936,0.6559351314882979,0.6168937974787234,weekly,weighted,0.0,region_04
2022-06-04,4,BA.2.12.1,0.6162142935004348,0.6360826194291304,0.596051199281087,weekly,weighted,0.0,region_04
2022-06-11,4,BA.2.12.1,0.5818673412,0.6161447948875556,0.5469897853008889,weekly,weighted,0.0,region_04
2022-06-18,4,BA.2.12.1,0.48886478827681823,0.5160858712413636,0.46169059520363637,weekly,weighted,0.0,region_04
2022-06-25,4,BA.2.12.1,0.3701038831883721,0.39994279312511627,0.3409849280532558,weekly,weighted,0.0,region_04
2022-07-02,4,BA.2.12.1,0.24830522033428573,0.28071907659404766,0.2178785786740476,weekly,weighted,0.0,region_04
2022-07-09,4,BA.2.12.1,0.16944040648829267,0.18179319871634148,0.15760692045512195,weekly,weighted,0.0,region_04
2022-07-16,4,BA.2.12.1,0.1078655177725,0.12321511413825,0.09383090175775,weekly,weighted,0.0,region_04
2022-07-23,4,BA.2.12.1,0.05844770276435897,0.06898281054564102,0.04909371441358974,weekly,weighted,0.0,region_04
2022-07-30,4,BA.2.12.1,0.03807511170621621,0.048820429355405405,0.029123935647297296,weekly,weighted,0.0,region_04
2022-08-06,4,BA.2.12.1,0.021955044370555555,0.02782881699722222,0.01703372804611111,weekly,weighted,0.0,region_04
2022-08-13,4,BA.2.12.1,0.01505780004457143,0.021490246695714286,0.010144576908857143,weekly,weighted,0.0,region_04
2022-08-20,4,BA.2.12.1,0.004555171595428571,0.008019834543714285,0.0023240294705714286,weekly,weighted,0.0,region_04
2022-08-27,4,BA.2.12.1,0.0046385337249999995,0.007507037604117647,0.0026610175920588237,weekly,weighted,0.0,region_04
2022-09-17,4,BA.2.75,0.0071096532,0.01193291787,0.00387733406,weekly,weighted,0.0,region_04
2022-09-24,4,BA.2.75,0.006068621700333333,0.010344220108,0.0032399563973333333,weekly,weighted,0.0,region_04
2022-10-01,4,BA.2.75,0.015274545048965516,0.025110198120689656,0.008555045576206897,weekly,weighted,0.0,region_04
2022-10-08,4,BA.2.75,0.016061745519482758,0.02699451983534483,0.00872524326810345,weekly,weighted,,region_04
2022-10-15,4,BA.2.75,0.01684894599,0.02887884155,0.00889544096,weekly,weighted,0.0,region_04
2022-10-22,4,BA.2.75,0.016529408796,0.027949947678,0.008902952076,weekly,weighted,,region_04
2022-10-29,4,BA.2.75,0.016209871602,0.027021053806,0.008910463192,weekly,weighted,,region_04
2022-11-05,4,BA.2.75,0.015890334408,0.026092159934,0.008917974308000001,weekly,weighted,,region_04
2022-11-12,4,BA.2.75,0.015570797214,0.025163266062,0.008925485424,weekly,weighted,0.0,region_04
2022-11-19,4,BA.2.75,0.0142100593075,0.023069214075,0.0081141976425,weekly,weighted,0.0,region_04
2022-11-26,4,BA.2.75,0.01729967321,0.02675398377,0.010513923756666666,weekly,weighted,0.0,region_04
2022-12-03,4,BA.2.75,0.017224225215,0.029984236695,0.008892138019999999,weekly,weighted,0.0,region_04
2022-12-10,4,BA.2.75,0.020456471014999998,0.0357861821525,0.010472210122499999,weekly,weighted,,region_04
2022-12-17,4,BA.2.75,0.023688716815,0.04158812761,0.012052282224999999,weekly,weighted,0.0,region_04
2022-12-24,4,BA.2.75,0.021875934675,0.035898486155,0.01228408702,weekly,weighted,0.0,region_04
2022-12-31,4,BA.2.75,0.01851931773,0.02843697183,0.01135847624,weekly,weighted,0.0,region_04
2023-01-07,4,BA.2.75,0.013117150528461538,0.02099711147153846,0.007650328636538461,weekly,weighted,,region_04
2023-01-14,4,BA.2.75,0.007714983326923076,0.013557251113076922,0.003942181033076923,weekly,weighted,0.0,region_04
2023-12-09,4,BA.2.86,0.0281479030384375,0.0487661017103125,0.0145783834153125,biweekly,weighted,0.0,region_04
2023-12-16,4,BA.2.86,0.02968185988768029,0.05184089403092548,0.015188761986502404,biweekly,weighted,,region_04
2023-12-23,4,BA.2.86,0.03121581673692308,0.05491568635153846,0.01579914055769231,biweekly,weighted,0.0,region_04
2023-12-30,4,BA.2.86,0.024058989357307693,0.04237234818019231,0.012177783315192307,biweekly,weighted,,region_04
2024-01-06,4,BA.2.86,0.016902161977692308,0.029829010008846153,0.008556426072692308,biweekly,weighted,0.0,region_04
2022-05-14,4,BA.4,0.009111294988125,0.013082466864583335,0.0060980575791666665,weekly,weighted,0.0,region_04
2022-05-21,4,BA.4,0.014808926459583331,0.019997802795833335,0.010675572596875,weekly,weighted,0.0,region_04
2022-05-28,4,BA.4,0.02989625613808511,0.0389567089687234,0.022451888571063828,weekly,weighted,0.0,region_04
2022-06-04,4,BA.4,0.05673090498065217,0.06878610036347825,0.046233642441304346,weekly,weighted,0.0,region_04
2022-06-11,4,BA.4,0.07442017727400001,0.09201769712911112,0.059269020706222225,weekly,weighted,0.0,region_04
2022-06-18,4,BA.4,0.11207745291886363,0.13007320260431818,0.09579182162136363,weekly,weighted,0.0,region_04
2022-06-25,4,BA.4,0.12417984892488372,0.14260978719488374,0.10737180519162791,weekly,weighted,0.0,region_04
2022-07-02,4,BA.4,0.13334273085619047,0.15318493438666667,0.11520937759285714,weekly,weighted,0.0,region_04
2022-07-09,4,BA.4,0.1308592808680488,0.14673282569487803,0.11612555111975609,weekly,weighted,0.0,region_04
2022-07-16,4,BA.4,0.13129951134275,0.14327044524275,0.11998471468675001,weekly,weighted,0.0,region_04
2022-07-23,4,BA.4,0.10095171382,0.11584284844230769,0.08738352721307692,weekly,weighted,0.0,region_04
2022-07-30,4,BA.4,0.08421681217216216,0.09556929122702704,0.07381336854054053,weekly,weighted,0.0,region_04
2022-08-06,4,BA.4,0.07762898483485714,0.09149578149857143,0.06526568340342857,weekly,weighted,0.0,region_04
2022-08-13,4,BA.4,0.06611437031171429,0.07735492565799999,0.05605570492914286,weekly,weighted,0.0,region_04
2022-08-20,4,BA.4,0.04750101215171428,0.059607791262,0.03723924426171429,weekly,weighted,0.0,region_04
2022-08-27,4,BA.4,0.049054827212058824,0.05855711911,0.04069379990970588,weekly,weighted,0.0,region_04
2022-09-03,4,BA.4,0.031205467992727273,0.038845247956363634,0.024708041414242425,weekly,weighted,0.0,region_04
2022-09-10,4,BA.4,0.0300207748665625,0.0375800862671875,0.02361823211,weekly,weighted,0.0,region_04
2022-09-17,4,BA.4,0.029220943128387095,0.03757406242354838,0.02229076708032258,weekly,weighted,0.0,region_04
2022-09-24,4,BA.4,0.010615225270344827,0.016135169546206897,0.006607623545517242,weekly,weighted,0.0,region_04
2022-10-01,4,BA.4,0.022689752794482758,0.032541036476551724,0.015185046041724139,weekly,weighted,0.0,region_04
2022-10-08,4,BA.4,0.01719724785224138,0.02675244671327586,0.01049701964086207,weekly,weighted,,region_04
2022-10-15,4,BA.4,0.01170474291,0.02096385695,0.00580899324,weekly,weighted,0.0,region_04
2022-06-04,4,BA.4.6,0.003576064657,0.00624041015975,0.0018482823539999998,weekly,weighted,0.0,region_04
2022-06-11,4,BA.4.6,0.0045117021075,0.00684473962775,0.00281799310525,weekly,weighted,0.0,region_04
2022-06-18,4,BA.4.6,0.0111669400705,0.016181710456,0.007385979883500001,weekly,weighted,0.0,region_04
2022-06-25,4,BA.4.6,0.014538518153749999,0.019616515049999998,0.0104889686215,weekly,weighted,0.0,region_04
2022-07-02,4,BA.4.6,0.02335680839625,0.03388989307025,0.015398303535749999,weekly,weighted,0.0,region_04
2022-07-09,4,BA.4.6,0.031096433056,0.038062145001749995,0.025096980202750002,weekly,weighted,0.0,region_04
2022-07-16,4,BA.4.6,0.042219654098,0.05047349892525001,0.034975678101250005,weekly,weighted,0.0,region_04
2022-07-23,4,BA.4.6,0.05419239516461538,0.06587804586410256,0.04407105938794872,weekly,weighted,0.0,region_04
2022-07-30,4,BA.4.6,0.05707722147135136,0.06762454860081081,0.04773543483081081,weekly,weighted,0.0,region_04
2022-08-06,4,BA.4.6,0.06435186850472223,0.0752372338125,0.05460852591555556,weekly,weighted,0.0,region_04
2022-08-13,4,BA.4.6,0.08713377905714285,0.10692364403142857,0.06995793559685715,weekly,weighted,0.0,region_04
2022-08-20,4,BA.4.6,0.09254240031857143,0.10785781975314286,0.078752642018,weekly,weighted,0.0,region_04
2022-08-27,4,BA.4.6,0.10443529530411765,0.11946244647382354,0.09070800222911765,weekly,weighted,0.0,region_04
2022-09-03,4,BA.4.6,0.13710292451272726,0.15853762310454544,0.11757923233636364,weekly,weighted,0.0,region_04
2022-09-10,4,BA.4.6,0.1300258710975,0.15012019034375002,0.1117226944775,weekly,weighted,0.0,region_04
2022-09-17,4,BA.4.6,0.13777675744032258,0.1542569259483871,0.12244549585967741,weekly,weighted,0.0,region_04
2022-09-24,4,BA.4.6,0.14854362457933332,0.184038756787,0.11756945724333333,weekly,weighted,0.0,region_04
2022-10-01,4,BA.4.6,0.1649801263524138,0.20424422416344826,0.13057955328793105,weekly,weighted,0.0,region_04
2022-10-08,4,BA.4.6,0.13127169492,0.2077542878682143,0.07534127416392856,weekly,weighted,0.0,region_04
2022-10-15,4,BA.4.6,0.11439216302518519,0.16128576905592593,0.07733125901888889,weekly,weighted,0.0,region_04
2022-10-22,4,BA.4.6,0.08364708721615385,0.13474826858576924,0.048042293495,weekly,weighted,0.0,region_04
2022-10-29,4,BA.4.6,0.0855049735757143,0.12064227887571428,0.057924598455714287,weekly,weighted,0.0,region_04
2022-11-05,4,BA.4.6,0.08315294049750001,0.13568397083625,0.04679142528625,weekly,weighted,0.0,region_04
2022-11-12,4,BA.4.6,0.059124548960434786,0.08427972249391305,0.03967499230869565,weekly,weighted,0.0,region_04
2022-11-19,4,BA.4.6,0.03618988022,0.05084764026,0.0248282575025,weekly,weighted,0.0,region_04
2022-11-26,4,BA.4.6,0.02515310794,0.04429325834,0.01273365971,weekly,weighted,0.0,region_04
2022-12-03,4,BA.4.6,0.0344348700715,0.057823639922,0.018617074749999997,weekly,weighted,0.0,region_04
2022-12-10,4,BA.4.6,0.023734759880161764,0.04013068207629412,0.012732506896764705,weekly,weighted,,region_04
2022-12-17,4,BA.4.6,0.01303464968882353,0.022437724230588235,0.006847939043529412,weekly,weighted,0.0,region_04
2022-05-14,4,BA.5,0.016117018957708333,0.02699364279333333,0.008793791136041666,weekly,weighted,0.0,region_04
2022-05-21,4,BA.5,0.03942111483770833,0.05792996147666666,0.025512613976458334,weekly,weighted,0.0,region_04
2022-05-28,4,BA.5,0.05217088481574468,0.06425336391680851,0.04177498991893617,weekly,weighted,0.0,region_04
2022-06-04,4,BA.5,0.10598202713826088,0.1382007540571739,0.07910271685434783,weekly,weighted,0.0,region_04
2022-06-11,4,BA.5,0.17334965931022223,0.21565992103711112,0.1363355004128889,weekly,weighted,0.0,region_04
2022-06-18,4,BA.5,0.28816947341,0.31702887334636365,0.2605398520834091,weekly,weighted,0.0,region_04
2022-06-25,4,BA.5,0.42517616166627903,0.46314675932604654,0.387852025585814,weekly,weighted,0.0,region_04
2022-07-02,4,BA.5,0.5513546481016667,0.5754436651864286,0.5270861493688096,weekly,weighted,0.0,region_04
2022-07-09,4,BA.5,0.6467716781114634,0.6641228911346342,0.6291254322712195,weekly,weighted,0.0,region_04
2022-07-16,4,BA.5,0.6971756815907499,0.7136439517145,0.68031353205475,weekly,weighted,0.0,region_04
2022-07-23,4,BA.5,0.7706606586771795,0.7902421171858974,0.7501524472838462,weekly,weighted,0.0,region_04
2022-07-30,4,BA.5,0.8088063823216216,0.8228266464697297,0.794173277714054,weekly,weighted,0.0,region_04
2022-08-06,4,BA.5,0.827288082905,0.8430380076177778,0.8106410784858333,weekly,weighted,0.0,region_04
2022-08-13,4,BA.5,0.8216835120144118,0.8406413618255882,0.8014710054679411,weekly,weighted,0.0,region_04
2022-08-20,4,BA.5,0.8428258841687878,0.8620644952312121,0.8220397197836364,weekly,weighted,0.0,region_04
2022-08-27,4,BA.5,0.8266200703729412,0.8417123941808823,0.8107101847147059,weekly,weighted,0.0,region_04
2022-09-03,4,BA.5,0.8138722542554545,0.8343167684303031,0.7920481544548484,weekly,weighted,0.0,region_04
2022-09-10,4,BA.5,0.8104804437615625,0.8319830130775,0.7874879967415624,weekly,weighted,0.0,region_04
2022-09-17,4,BA.5,0.7930032841625806,0.8081651137722581,0.7771998759245161,weekly,weighted,0.0,region_04
2022-09-24,4,BA.5,0.7849703629803333,0.819336632887,0.747360914946,weekly,weighted,0.0,region_04
2022-10-01,4,BA.5,0.7222493393665517,0.7628770655593103,0.6787098255655173,weekly,weighted,0.0,region_04
2022-10-08,4,BA.5,0.7163636939867857,0.773490226695,0.6535790690353572,weekly,weighted,0.0,region_04
2022-10-15,4,BA.5,0.6851368480262963,0.7350625307477777,0.6318240585148148,weekly,weighted,0.0,region_04
2022-10-22,4,BA.5,0.6544103989242308,0.7242776178407693,0.5791916938926923,weekly,weighted,0.0,region_04
2022-10-29,4,BA.5,0.5546731079608334,0.6070203582441667,0.5014048988616667,weekly,weighted,0.0,region_04
2022-11-05,4,BA.5,0.5081871501773914,0.5584354996686957,0.4578727989082609,weekly,weighted,0.0,region_04
2022-11-12,4,BA.5,0.4309893616222727,0.48036401515590915,0.38261412625954544,weekly,weighted,0.0,region_04
2022-11-19,4,BA.5,0.3248778595168182,0.3928120542645454,0.26210952482454547,weekly,weighted,0.0,region_04
2022-11-26,4,BA.5,0.2379804423885714,0.28331510509857144,0.1966518710057143,weekly,weighted,0.0,region_04
2022-12-03,4,BA.5,0.2058565229165,0.257964316011,0.16016692295749999,weekly,weighted,0.0,region_04
2022-12-10,4,BA.5,0.19722688511842104,0.25254636454,0.14938718943263157,weekly,weighted,0.0,region_04
2022-12-17,4,BA.5,0.16025725503666666,0.225302705335,0.107961101665,weekly,weighted,0.0,region_04
2022-12-24,4,BA.5,0.12475118873882354,0.1920083787517647,0.07456978016058824,weekly,weighted,0.0,region_04
2022-12-31,4,BA.5,0.0997332725675,0.126022723038125,0.0773284821775,weekly,weighted,0.0,region_04
2023-01-07,4,BA.5,0.07550078133666667,0.09589305619399999,0.05827459295533333,weekly,weighted,0.0,region_04
2023-01-14,4,BA.5,0.05474284530714286,0.06867604596357144,0.04291161495714286,weekly,weighted,0.0,region_04
2023-01-21,4,BA.5,0.03602604711307693,0.05637778284461538,0.021469198024615384,weekly,weighted,0.0,region_04
2023-01-28,4,BA.5,0.038017555451666664,0.05628888309,0.02437651685166667,weekly,weighted,0.0,region_04
2023-02-04,4,BA.5,0.02072267336,0.03493448279090909,0.011200956491818181,weekly,weighted,0.0,region_04
2023-02-11,4,BA.5,0.014327199293000002,0.022080354579,0.008756442507,weekly,weighted,0.0,region_04
2023-02-18,4,BA.5,0.011072717606250001,0.0188365743975,0.00592243741375,weekly,weighted,0.0,region_04
2022-10-15,4,BA.5.2.6,0.01608106701,0.02562517838222222,0.009406067689999999,weekly,weighted,0.0,region_04
2022-10-22,4,BA.5.2.6,0.01744776653666667,0.030142401035,0.009109977011666668,weekly,weighted,0.0,region_04
2022-10-29,4,BA.5.2.6,0.02425067046857143,0.03810967717857143,0.014409304728571428,weekly,weighted,0.0,region_04
2022-11-05,4,BA.5.2.6,0.0235544443125,0.041442299259999996,0.01194747258,weekly,weighted,0.0,region_04
2022-11-12,4,BA.5.2.6,0.021217897535,0.0371881090125,0.010832979345,weekly,weighted,0.0,region_04
2022-11-19,4,BA.5.2.6,0.030210748225714287,0.049772827751904766,0.016799155178571428,weekly,weighted,0.0,region_04
2022-11-26,4,BA.5.2.6,0.022704370675238096,0.038648847844761906,0.012125216735238096,weekly,weighted,0.0,region_04
2022-12-03,4,BA.5.2.6,0.02109440630592857,0.03597323744107143,0.011233456386761905,weekly,weighted,,region_04
2022-12-10,4,BA.5.2.6,0.019484441936619048,0.033297627037380956,0.010341696038285714,weekly,weighted,,region_04
2022-12-17,4,BA.5.2.6,0.017874477567309525,0.030622016633690477,0.009449935689809523,weekly,weighted,,region_04
2022-12-24,4,BA.5.2.6,0.016264513198,0.027946406229999998,0.008558175341333333,weekly,weighted,0.0,region_04
2022-10-29,4,BF.11,0.011196744628571427,0.019751133661428572,0.005683416035714285,weekly,weighted,0.0,region_04
2022-11-05,4,BF.11,0.013049259626666665,0.020610837886666667,0.00771885536,weekly,weighted,0.0,region_04
2022-11-12,4,BF.11,0.022165375202,0.034616435318,0.013285170684,weekly,weighted,0.0,region_04
2022-11-19,4,BF.11,0.02019948364425,0.031714626214500004,0.01203134324975,weekly,weighted,,region_04
2022-11-26,4,BF.11,0.0182335920865,0.028812817111000002,0.010777515815499999,weekly,weighted,,region_04
2022-12-03,4,BF.11,0.01626770052875,0.0259110080075,0.00952368838125,weekly,weighted,,region_04
2022-12-10,4,BF.11,0.014301808971,0.023009198904,0.008269860947,weekly,weighted,,region_04
2022-12-17,4,BF.11,0.01233591741325,0.020107389800500003,0.00701603351275,weekly,weighted,,region_04
2022-12-24,4,BF.11,0.010370025855499999,0.017205580697,0.0057622060785,weekly,weighted,,region_04
2022-12-31,4,BF.11,0.008404134297749999,0.0143037715935,0.004508378644249999,weekly,weighted,,region_04
2023-01-07,4,BF.11,0.00643824274,0.01140196249,0.00325455121,weekly,weighted,0.0,region_04
2022-08-13,4,BF.7,0.0034416301960000003,0.0061138249773333335,0.001733899843,weekly,weighted,0.0,region_04
2022-08-20,4,BF.7,0.004537524004,0.00803393852,0.00229607327,weekly,weighted,0.0,region_04
2022-08-27,4,BF.7,0.006862036841764706,0.010201252641470588,0.004397054504117647,weekly,weighted,0.0,region_04
2022-09-03,4,BF.7,0.006740886365757576,0.01131264744,0.003677708971212121,weekly,weighted,0.0,region_04
2022-09-10,4,BF.7,0.01299339238875,0.02108076243875,0.0074149562859375,weekly,weighted,0.0,region_04
2022-09-17,4,BF.7,0.01709592024,0.02289709899483871,0.01244045100032258,weekly,weighted,0.0,region_04
2022-09-24,4,BF.7,0.02020693891448276,0.027178292387586206,0.014629193806551723,weekly,weighted,0.0,region_04
2022-10-01,4,BF.7,0.03072254969896552,0.04237556290517241,0.02154999804310345,weekly,weighted,0.0,region_04
2022-10-08,4,BF.7,0.05650796248928571,0.07322808301821428,0.0426482821675,weekly,weighted,0.0,region_04
2022-10-15,4,BF.7,0.06522613363592593,0.0893253973788889,0.04603180578925926,weekly,weighted,0.0,region_04
2022-10-22,4,BF.7,0.06491297426192308,0.0866754459073077,0.04726981171153846,weekly,weighted,0.0,region_04
2022-10-29,4,BF.7,0.084776747822,0.1122292077544,0.062216617763600005,weekly,weighted,0.0,region_04
2022-11-05,4,BF.7,0.09347396499124999,0.11560535772375001,0.07436969193291666,weekly,weighted,0.0,region_04
2022-11-12,4,BF.7,0.07755633054826086,0.10080985368608697,0.058252963683478265,weekly,weighted,0.0,region_04
2022-11-19,4,BF.7,0.09388764778318182,0.12013120204318181,0.07177119532727273,weekly,weighted,0.0,region_04
2022-11-26,4,BF.7,0.1013062908542857,0.12992666448857143,0.0771704843,weekly,weighted,0.0,region_04
2022-12-03,4,BF.7,0.0625660547995,0.09000815972750001,0.0415386755015,weekly,weighted,0.0,region_04
2022-12-10,4,BF.7,0.05120658325473684,0.08255560539315789,0.029260817914210528,weekly,weighted,0.0,region_04
2022-12-17,4,BF.7,0.04883429511555556,0.064851848615,0.035809723866111115,weekly,weighted,0.0,region_04
2022-12-24,4,BF.7,0.04185099287871528,0.056975991917499996,0.029819711505243058,weekly,weighted,,region_04
2022-12-31,4,BF.7,0.034867690641875,0.04910013522,0.023829699144375,weekly,weighted,0.0,region_04
2023-01-07,4,BF.7,0.02270355049,0.032839336165714286,0.015032164619285715,weekly,weighted,0.0,region_04
2023-01-14,4,BF.7,0.015506055805714286,0.023693357727142855,0.009576996522142858,weekly,weighted,0.0,region_04
2022-10-29,4,BN.1,0.022291676922,0.036405716836,0.012607330494,weekly,weighted,0.0,region_04
2022-11-05,4,BN.1,0.028979292450416666,0.04904443336,0.015523040279583332,weekly,weighted,0.0,region_04
2022-11-12,4,BN.1,0.032601932438000004,0.05406242013,0.017956650629999998,weekly,weighted,0.0,region_04
2022-11-19,4,BN.1,0.03091510740818182,0.04928006333363637,0.018051486209545456,weekly,weighted,0.0,region_04
2022-11-26,4,BN.1,0.03207140126222222,0.057196397955000006,0.015891515443333334,weekly,weighted,0.0,region_04
2022-12-03,4,BN.1,0.0287428789431579,0.040829762031578946,0.019451733679473684,weekly,weighted,0.0,region_04
2022-12-10,4,BN.1,0.030671551425,0.05443323802642857,0.015316976765714285,weekly,weighted,0.0,region_04
2022-12-17,4,BN.1,0.027855199243333333,0.04048422206611111,0.01831278008277778,weekly,weighted,0.0,region_04
2022-12-24,4,BN.1,0.025444216478235294,0.037454360767058825,0.01646373662117647,weekly,weighted,0.0,region_04
2022-12-31,4,BN.1,0.035692818461875,0.05106194270875,0.02391820971375,weekly,weighted,0.0,region_04
2023-01-07,4,BN.1,0.03131618077466666,0.04127010653333333,0.023212683821333333,weekly,weighted,0.0,region_04
2023-01-14,4,BN.1,0.021052033640714285,0.029769440447857145,0.014341872784285715,weekly,weighted,0.0,region_04
2023-01-21,4,BN.1,0.015248911886153847,0.025059446405384617,0.008545047316923076,weekly,weighted,0.0,region_04
2023-01-28,4,BN.1,0.016882196999999998,0.02702174522,0.009802822799166668,weekly,weighted,0.0,region_04
2023-02-04,4,BN.1,0.01122908108,0.01923162304,0.00594550883,weekly,weighted,0.0,region_04
2022-09-24,4,BQ.1,0.008551497649000001,0.014101278501999999,0.004778930064,weekly,weighted,0.0,region_04
2022-10-01,4,BQ.1,0.013643993168148148,0.022652519935185186,0.0075425460107407406,weekly,weighted,0.0,region_04
2022-10-08,4,BQ.1,0.023592192214642854,0.03564823365678572,0.014772314411785713,weekly,weighted,0.0,region_04
2022-10-15,4,BQ.1,0.03366433773888889,0.04982929262851852,0.021728112602592595,weekly,weighted,0.0,region_04
2022-10-22,4,BQ.1,0.06269372906625,0.104027964175,0.03418451640875,weekly,weighted,0.0,region_04
2022-10-29,4,BQ.1,0.0921372893448,0.14943512678159998,0.0520314654716,weekly,weighted,0.0,region_04
2022-11-05,4,BQ.1,0.12331580029208333,0.14866041392083332,0.10091719590124999,weekly,weighted,0.0,region_04
2022-11-12,4,BQ.1,0.16286658722347824,0.20181154168130433,0.1288181219404348,weekly,weighted,0.0,region_04
2022-11-19,4,BQ.1,0.1788648603990909,0.21525073390136365,0.14633526788545456,weekly,weighted,0.0,region_04
2022-11-26,4,BQ.1,0.2293949382642857,0.29777010139904764,0.17021903395571428,weekly,weighted,0.0,region_04
2022-12-03,4,BQ.1,0.21049811467500001,0.240418343245,0.182739657163,weekly,weighted,0.0,region_04
2022-12-10,4,BQ.1,0.21513507319157896,0.28457780103947367,0.15593205706105265,weekly,weighted,0.0,region_04
2022-12-17,4,BQ.1,0.20604513006055555,0.2483390801488889,0.16808802137777779,weekly,weighted,0.0,region_04
2022-12-24,4,BQ.1,0.19995599459176472,0.22659392479647059,0.17516199017235293,weekly,weighted,0.0,region_04
2022-12-31,4,BQ.1,0.171204608865,0.194249011575625,0.14987690281375,weekly,weighted,0.0,region_04
2023-01-07,4,BQ.1,0.150079311005,0.17219912367214288,0.12979235713,weekly,weighted,0.0,region_04
2023-01-14,4,BQ.1,0.13287290611357144,0.17332579408499998,0.09889201819928571,weekly,weighted,0.0,region_04
2023-01-21,4,BQ.1,0.11002782101846154,0.13843549100307692,0.08570039845461538,weekly,weighted,0.0,region_04
2023-01-28,4,BQ.1,0.08699866384166666,0.11288284882916666,0.06540431454833333,weekly,weighted,0.0,region_04
2023-02-04,4,BQ.1,0.05706226148363636,0.07725910707090909,0.04084313796363636,weekly,weighted,0.0,region_04
2023-02-11,4,BQ.1,0.038849979638,0.05305578299,0.027586140857,weekly,weighted,0.0,region_04
2023-02-18,4,BQ.1,0.03296606697777778,0.04529450751111111,0.023230005263333336,weekly,weighted,0.0,region_04
2023-02-25,4,BQ.1,0.01798287523,0.02898901910625,0.0103375320325,weekly,weighted,0.0,region_04
2022-10-08,4,BQ.1.1,0.018018849006999998,0.030165583454,0.00983260451,weekly,weighted,0.0,region_04
2022-10-15,4,BQ.1.1,0.04114849948111111,0.05929376557444445,0.02736002462111111,weekly,weighted,0.0,region_04
2022-10-22,4,BQ.1.1,0.06862033875,0.0914572420023077,0.05003632332884615,weekly,weighted,0.0,region_04
2022-10-29,4,BQ.1.1,0.1079279431708,0.16207186400880003,0.0672654566164,weekly,weighted,0.0,region_04
2022-11-05,4,BQ.1.1,0.08362461098791667,0.13354442858458335,0.048151255275416666,weekly,weighted,0.0,region_04
2022-11-12,4,BQ.1.1,0.16879843045782608,0.20666705719869566,0.1353819473921739,weekly,weighted,0.0,region_04
2022-11-19,4,BQ.1.1,0.25945545191136365,0.31958529895,0.20552040839636365,weekly,weighted,0.0,region_04
2022-11-26,4,BQ.1.1,0.26892459960142856,0.31487417363,0.22642487784142856,weekly,weighted,0.0,region_04
2022-12-03,4,BQ.1.1,0.3363526329395,0.40583727955900006,0.2717928692705,weekly,weighted,0.0,region_04
2022-12-10,4,BQ.1.1,0.36917129002157895,0.41768567342421054,0.3225441778957895,weekly,weighted,0.0,region_04
2022-12-17,4,BQ.1.1,0.4174715942805556,0.44970247480500003,0.38575891322555556,weekly,weighted,0.0,region_04
2022-12-24,4,BQ.1.1,0.4297378256035294,0.49152813939529416,0.36954439037000003,weekly,weighted,0.0,region_04
2022-12-31,4,BQ.1.1,0.44927007705,0.50030644238,0.399025879800625,weekly,weighted,0.0,region_04
2023-01-07,4,BQ.1.1,0.4224338273206667,0.45284126997,0.39245779514266665,weekly,weighted,0.0,region_04
2023-01-14,4,BQ.1.1,0.36431136088714283,0.415306957705,0.31549326224,weekly,weighted,0.0,region_04
2023-01-21,4,BQ.1.1,0.3634271438292308,0.42132293948769234,0.30831920871384616,weekly,weighted,0.0,region_04
2023-01-28,4,BQ.1.1,0.2910532404975,0.34710211555250003,0.23934647192583333,weekly,weighted,0.0,region_04
2023-02-04,4,BQ.1.1,0.2620521540009091,0.2920943173490909,0.23358683152545456,weekly,weighted,0.0,region_04
2023-02-11,4,BQ.1.1,0.200684531032,0.246566367149,0.15998116731700002,weekly,weighted,0.0,region_04
2023-02-18,4,BQ.1.1,0.1572801288622222,0.1946575260822222,0.12458111925111111,weekly,weighted,0.0,region_04
2023-02-25,4,BQ.1.1,0.09081064816625,0.11627958808125,0.06934612337375,weekly,weighted,0.0,region_04
2023-03-04,4,BQ.1.1,0.062317298460000004,0.08684294883571429,0.043008548341428574,weekly,weighted,0.0,region_04
2023-03-11,4,BQ.1.1,0.052599737555000005,0.07578050518130952,0.034972438678452386,weekly,weighted,,region_04
2023-03-18,4,BQ.1.1,0.042882176650000006,0.06471806152690476,0.02693632901547619,weekly,weighted,,region_04
2023-03-25,4,BQ.1.1,0.033164615745,0.0536556178725,0.0189002193525,weekly,weighted,0.0,region_04
2022-12-31,4,CH.1.1,0.014480997498666666,0.024137029548666665,0.007958825988,weekly,weighted,0.0,region_04
2023-01-07,4,CH.1.1,0.021868132056,0.03424095585933333,0.013072571218666666,weekly,weighted,0.0,region_04
2023-01-14,4,CH.1.1,0.023224793109285713,0.032243060745714286,0.01617468095357143,weekly,weighted,0.0,region_04
2023-01-21,4,CH.1.1,0.02651257202047619,0.03648559137077381,0.018657295155535714,weekly,weighted,,region_04
2023-01-28,4,CH.1.1,0.029800350931666667,0.04072812199583333,0.0211399093575,weekly,weighted,0.0,region_04
2023-02-04,4,CH.1.1,0.016706055284545454,0.02534366077272727,0.010437120219090908,weekly,weighted,0.0,region_04
2023-02-11,4,CH.1.1,0.022906804455999998,0.036539322511,0.013344478421,weekly,weighted,0.0,region_04
2023-02-18,4,CH.1.1,0.01329211994111111,0.02209499913,0.007336097097777778,weekly,weighted,0.0,region_04
2023-02-25,4,CH.1.1,0.01379741927857143,0.023336473585714286,0.0074316975,weekly,weighted,0.0,region_04
2023-07-08,4,EG.5,0.0666485638632653,0.09395942806571428,0.04530680392530612,biweekly,weighted,0.0,region_04
2023-07-15,4,EG.5,0.08142764627121599,0.10942991326577381,0.05876814859004889,biweekly,weighted,,region_04
2023-07-22,4,EG.5,0.09620672867916667,0.12490039846583334,0.07222949325479167,biweekly,weighted,0.0,region_04
2023-07-29,4,EG.5,0.09519688741139185,0.12081620709823582,0.07348051108590647,biweekly,weighted,,region_04
2023-08-05,4,EG.5,0.09418704614361703,0.11673201573063831,0.07473152891702127,biweekly,weighted,0.0,region_04
2023-08-12,4,EG.5,0.11973939800887373,0.15359179959531916,0.0910487999397063,biweekly,weighted,,region_04
2023-08-19,4,EG.5,0.14529174987413043,0.19045158346,0.10736607096239131,biweekly,weighted,0.0,region_04
2023-08-26,4,EG.5,0.15989053724850966,0.19268430149966667,0.1313714958646401,biweekly,weighted,,region_04
2023-09-02,4,EG.5,0.17448932462288888,0.19491701953933335,0.1553769207668889,biweekly,weighted,0.0,region_04
2023-09-09,4,EG.5,0.1824330371966717,0.2080866271531894,0.15874009890219443,biweekly,weighted,,region_04
2023-09-16,4,EG.5,0.19037674977045455,0.22125623476704545,0.1621032770375,biweekly,weighted,0.0,region_04
2023-09-23,4,EG.5,0.1882759392588319,0.2237545651108483,0.15629403383677326,biweekly,weighted,,region_04
2023-09-30,4,EG.5,0.1861751287472093,0.22625289545465116,0.1504847906360465,biweekly,weighted,0.0,region_04
2023-10-07,4,EG.5,0.17240903519467607,0.2114892029348256,0.1379211767004042,biweekly,weighted,,region_04
2023-10-14,4,EG.5,0.15864294164214285,0.196725510415,0.1253575627647619,biweekly,weighted,0.0,region_04
2023-10-21,4,EG.5,0.1769736388967381,0.22222820761583334,0.13754121113071427,biweekly,weighted,,region_04
2023-10-28,4,EG.5,0.19530433615133333,0.24773090481666668,0.14972485949666667,biweekly,weighted,0.0,region_04
2023-11-04,4,EG.5,0.17546876747739082,0.2357729759188506,0.12568594265212643,biweekly,weighted,,region_04
2023-11-11,4,EG.5,0.15563319880344828,0.2238150470210345,0.10164702580758621,biweekly,weighted,0.0,region_04
2023-11-18,4,EG.5,0.1430816299169514,0.20363183764460818,0.09498212536697492,biweekly,weighted,,region_04
2023-11-25,4,EG.5,0.13053006103045453,0.18344862826818184,0.08831722492636364,biweekly,weighted,0.0,region_04
2023-12-02,4,EG.5,0.12937057568540583,0.19803829870873377,0.07837859489818183,biweekly,weighted,,region_04
2023-12-09,4,EG.5,0.12821109034035713,0.2126279691492857,0.06843996487000001,biweekly,weighted,0.0,region_04
2023-12-16,4,EG.5,0.0918836005335119,0.1520520675740873,0.04957686713486111,biweekly,weighted,,region_04
2023-12-23,4,EG.5,0.05555611072666666,0.09147616599888889,0.03071376939972222,biweekly,weighted,0.0,region_04
2023-12-30,4,EG.5,0.03849073457261905,0.06353390988396826,0.021260114350099203,biweekly,weighted,,region_04
2024-01-06,4,EG.5,0.02142535841857143,0.03559165376904762,0.01180645930047619,biweekly,weighted,0.0,region_04
2023-07-22,4,FL.1.5.1,0.045999372610416665,0.07089747379833333,0.027934831489375003,biweekly,weighted,0.0,region_04
2023-07-29,4,FL.1.5.1,0.055574847441804076,0.07976813853310284,0.037129560159155583,biweekly,weighted,,region_04
2023-08-05,4,FL.1.5.1,0.0651503222731915,0.08863880326787235,0.04632428882893617,biweekly,weighted,0.0,region_04
2023-08-12,4,FL.1.5.1,0.057006920142247924,0.08125016856252312,0.038375976065989824,biweekly,weighted,,region_04
2023-08-19,4,FL.1.5.1,0.04886351801130435,0.07386153385717391,0.030427663303043476,biweekly,weighted,0.0,region_04
2023-08-26,4,FL.1.5.1,0.052377916096985506,0.07498605704480918,0.03507983011196618,biweekly,weighted,,region_04
2023-09-02,4,FL.1.5.1,0.055892314182666665,0.07611058023244444,0.039731996920888885,biweekly,weighted,0.0,region_04
2023-09-09,4,FL.1.5.1,0.06320099757633334,0.08220482794110859,0.047535638210444445,biweekly,weighted,,region_04
2023-09-16,4,FL.1.5.1,0.07050968097,0.08829907564977273,0.0553392795,biweekly,weighted,0.0,region_04
2023-09-23,4,FL.1.5.1,0.08373144127756098,0.12127706590634979,0.05548506397390244,biweekly,weighted,,region_04
2023-09-30,4,FL.1.5.1,0.09695320158512195,0.15425505616292684,0.05563084844780488,biweekly,weighted,0.0,region_04
2023-10-07,4,FL.1.5.1,0.09129298136375145,0.13842491106324914,0.056280644396283386,biweekly,weighted,,region_04
2023-10-14,4,FL.1.5.1,0.08563276114238096,0.12259476596357143,0.0569304403447619,biweekly,weighted,0.0,region_04
2023-10-21,4,FL.1.5.1,0.08239848352976191,0.11761482042249999,0.05502579068523809,biweekly,weighted,,region_04
2023-10-28,4,FL.1.5.1,0.07916420591714286,0.11263487488142856,0.05312114102571429,biweekly,weighted,0.0,region_04
2023-11-04,4,FL.1.5.1,0.07272585202834822,0.10423224672232143,0.04841388175401786,biweekly,weighted,,region_04
2023-11-11,4,FL.1.5.1,0.06628749813955358,0.09582961856321429,0.04370662248232143,biweekly,weighted,,region_04
2023-11-18,4,FL.1.5.1,0.059849144250758934,0.08742699040410713,0.038999363210625,biweekly,weighted,,region_04
2023-11-25,4,FL.1.5.1,0.05341079036196429,0.079024362245,0.03429210393892857,biweekly,weighted,,region_04
2023-12-02,4,FL.1.5.1,0.04697243647316964,0.07062173408589285,0.029584844667232144,biweekly,weighted,,region_04
2023-12-09,4,FL.1.5.1,0.040534082584375,0.06221910592678571,0.024877585395535712,biweekly,weighted,,region_04
2023-12-16,4,FL.1.5.1,0.034095728695580356,0.05381647776767856,0.02017032612383928,biweekly,weighted,,region_04
2023-12-23,4,FL.1.5.1,0.027657374806785713,0.04541384960857143,0.015463066852142857,biweekly,weighted,0.0,region_04
2023-07-22,4,GE.1,0.02216838109275,0.038729023561,0.0113661691545,biweekly,weighted,0.0,region_04
2023-07-29,4,GE.1,0.02382618449173611,0.04063541710524074,0.012672243977787037,biweekly,weighted,,region_04
2023-08-05,4,GE.1,0.02548398789072222,0.04254181064948148,0.013978318801074073,biweekly,weighted,,region_04
2023-08-12,4,GE.1,0.027141791289708336,0.044448204193722224,0.01528439362436111,biweekly,weighted,,region_04
2023-08-19,4,GE.1,0.028799594688694446,0.04635459773796296,0.01659046844764815,biweekly,weighted,,region_04
2023-08-26,4,GE.1,0.030457398087680557,0.0482609912822037,0.017896543270935185,biweekly,weighted,,region_04
2023-09-02,4,GE.1,0.03211520148666667,0.05016738482644444,0.01920261809422222,biweekly,weighted,0.0,region_04
2023-09-09,4,GE.1,0.0339729259827381,0.05654871763298412,0.018670565132230157,biweekly,weighted,,region_04
2023-09-16,4,GE.1,0.035830650478809525,0.06293005043952381,0.018138512170238097,biweekly,weighted,0.0,region_04
2023-09-23,4,GE.1,0.03211763659300941,0.05446187808708748,0.017163592208374864,biweekly,weighted,,region_04
2023-09-30,4,GE.1,0.028404622707209302,0.04599370573465116,0.016188672246511628,biweekly,weighted,0.0,region_04
2023-10-07,4,GE.1,0.029579344714156977,0.04901269275348837,0.016342543158633722,biweekly,weighted,,region_04
2023-10-14,4,GE.1,0.03075406672110465,0.05203167977232558,0.016496414070755812,biweekly,weighted,,region_04
2023-10-21,4,GE.1,0.031928788728052326,0.05505066679116279,0.016650284982877905,biweekly,weighted,,region_04
2023-10-28,4,GE.1,0.033103510735,0.05806965381,0.016804155895,biweekly,weighted,0.0,region_04
2023-10-28,4,GK.1.1,0.029860827698000005,0.05282060802000001,0.014990133606,biweekly,weighted,0.0,region_04
2023-09-02,4,GK.2,0.013069638609333332,0.021288370134444446,0.007418041655555555,biweekly,weighted,0.0,region_04
2023-09-02,4,HF.1,0.012772633156,0.02158168773688889,0.006889657262444445,biweekly,weighted,0.0,region_04
2023-09-09,4,HF.1,0.01732256094765909,0.028205703745603536,0.00983106110849495,biweekly,weighted,,region_04
2023-09-16,4,HF.1,0.021872488739318182,0.03482971975431818,0.012772464954545454,biweekly,weighted,0.0,region_04
2023-11-11,4,HK.3,0.04611505105586207,0.07491267498310346,0.026058441862068966,biweekly,weighted,0.0,region_04
2023-11-18,4,HK.3,0.04705725736043104,0.07951226129405173,0.025162305013534482,biweekly,weighted,,region_04
2023-11-25,4,HK.3,0.047999463665,0.084111847605,0.024266168165,biweekly,weighted,0.0,region_04
2023-12-02,4,HK.3,0.04420579457712963,0.07612034033453705,0.022987332143425927,biweekly,weighted,,region_04
2023-12-09,4,HK.3,0.040412125489259265,0.06812883306407408,0.021708496121851852,biweekly,weighted,0.0,region_04
2023-12-16,4,HK.3,0.03991019687233233,0.06442727851838839,0.022836458217277276,biweekly,weighted,,region_04
2023-12-23,4,HK.3,0.0394082682554054,0.0607257239727027,0.023964420312702704,biweekly,weighted,0.0,region_04
2023-12-30,4,HK.3,0.0297600873002027,0.04765395243635134,0.01726141473135135,biweekly,weighted,,region_04
2024-01-06,4,HK.3,0.020111906345,0.034582180899999995,0.01055840915,biweekly,weighted,0.0,region_04
2023-08-05,4,HV.1,0.014298732571276595,0.02525609188723404,0.007235467563191489,biweekly,weighted,0.0,region_04
2023-08-12,4,HV.1,0.02476555439857308,0.03800091337589963,0.015321098393334875,biweekly,weighted,,region_04
2023-08-19,4,HV.1,0.03523237622586957,0.05074573486456522,0.02340672922347826,biweekly,weighted,0.0,region_04
2023-08-26,4,HV.1,0.04197231411182367,0.05657710820139372,0.030340726403072463,biweekly,weighted,,region_04
2023-09-02,4,HV.1,0.048712251997777775,0.062408481538222225,0.03727472358266667,biweekly,weighted,0.0,region_04
2023-09-09,4,HV.1,0.06512393342786615,0.08970903117570202,0.04567963594303788,biweekly,weighted,,region_04
2023-09-16,4,HV.1,0.08153561485795455,0.11700958081318182,0.05408454830340909,biweekly,weighted,0.0,region_04
2023-09-23,4,HV.1,0.10613528552688425,0.1438197529861258,0.0756664662775185,biweekly,weighted,,region_04
2023-09-30,4,HV.1,0.13073495619581396,0.17062992515906977,0.0972483842516279,biweekly,weighted,0.0,region_04
2023-10-07,4,HV.1,0.1546848092769546,0.19764778897120155,0.117916253510933,biweekly,weighted,,region_04
2023-10-14,4,HV.1,0.17863466235809525,0.22466565278333336,0.1385841227702381,biweekly,weighted,0.0,region_04
2023-10-21,4,HV.1,0.1974539888050476,0.25003384305566667,0.15163016578261906,biweekly,weighted,,region_04
2023-10-28,4,HV.1,0.216273315252,0.27540203332799995,0.164676208795,biweekly,weighted,0.0,region_04
2023-11-04,4,HV.1,0.2288197924202,0.28180937528559996,0.1816889442507,biweekly,weighted,,region_04
2023-11-11,4,HV.1,0.24136626958840002,0.28821671724319997,0.19870167970640001,biweekly,weighted,0.0,region_04
2023-11-18,4,HV.1,0.2683148488256286,0.33964127375945713,0.20492797664272383,biweekly,weighted,,region_04
2023-11-25,4,HV.1,0.29526342806285716,0.3910658302757143,0.21115427357904762,biweekly,weighted,0.0,region_04
2023-12-02,4,HV.1,0.27547168163971425,0.3460958273635714,0.2125027215912381,biweekly,weighted,,region_04
2023-12-09,4,HV.1,0.2556799352165714,0.30112582445142855,0.21385116960342856,biweekly,weighted,0.0,region_04
2023-12-16,4,HV.1,0.22629738921233977,0.2878516493616602,0.1735235307898224,biweekly,weighted,,region_04
2023-12-23,4,HV.1,0.19691484320810812,0.2745774742718919,0.13319589197621623,biweekly,weighted,0.0,region_04
2023-12-30,4,HV.1,0.1599776849498874,0.22187093120094595,0.10947888416935811,biweekly,weighted,,region_04
2024-01-06,4,HV.1,0.12304052669166667,0.16916438813,0.0857618763625,biweekly,weighted,0.0,region_04
2024-01-13,4,HV.1,0.08498628991597619,0.11789250460728573,0.05873551906796429,biweekly,weighted,,region_04
2024-01-20,4,HV.1,0.046932053140285715,0.06662062108457144,0.03170916177342857,biweekly,weighted,0.0,region_04
2023-10-28,4,JD.1.1,0.045486132615,0.07288588397125,0.026194451845,biweekly,weighted,0.0,region_04
2023-11-04,4,JD.1.1,0.054297380726900005,0.085471133849625,0.0319746047737,biweekly,weighted,,region_04
2023-11-11,4,JD.1.1,0.0631086288388,0.098056383728,0.0377547577024,biweekly,weighted,0.0,region_04
2023-11-18,4,JD.1.1,0.07232113632749523,0.11382963789280953,0.0424182335709619,biweekly,weighted,,region_04
2023-11-25,4,JD.1.1,0.08153364381619048,0.12960289205761905,0.04708170943952381,biweekly,weighted,0.0,region_04
2023-12-02,4,JD.1.1,0.07627932674138097,0.11656028266495239,0.046669428902047616,biweekly,weighted,,region_04
2023-12-09,4,JD.1.1,0.07102500966657144,0.10351767327228571,0.04625714836457143,biweekly,weighted,0.0,region_04
2023-12-16,4,JD.1.1,0.05341544625125869,0.07960971251871043,0.033893002395528955,biweekly,weighted,,region_04
2023-12-23,4,JD.1.1,0.03580588283594595,0.055701751765135143,0.021528856426486487,biweekly,weighted,0.0,region_04
2023-12-30,4,JD.1.1,0.035284622547972974,0.058910216767567566,0.01934242119740991,biweekly,weighted,,region_04
2024-01-06,4,JD.1.1,0.03476336226,0.062118681769999996,0.017155985968333332,biweekly,weighted,0.0,region_04
2023-09-16,4,JF.1,0.011363293198333332,0.020075542231666667,0.00575550079,biweekly,weighted,0.0,region_04
2023-11-25,4,JG.3,0.0557262595745,0.0936594840145,0.0298843915575,biweekly,weighted,0.0,region_04
2023-12-02,4,JG.3,0.05068338304136765,0.08197322072666176,0.02881295027727941,biweekly,weighted,,region_04
2023-12-09,4,JG.3,0.0456405065082353,0.07028695743882352,0.027741508997058822,biweekly,weighted,0.0,region_04
2023-12-16,4,JG.3,0.041878580268441976,0.06393636281981716,0.025772642689745627,biweekly,weighted,,region_04
2023-12-23,4,JG.3,0.038116654028648646,0.05758576820081081,0.02380377638243243,biweekly,weighted,0.0,region_04
2023-12-30,4,JG.3,0.03455696679061004,0.05304715825569112,0.021156226437073357,biweekly,weighted,,region_04
2024-01-06,4,JG.3,0.030997279552571425,0.04850854831057143,0.018508676491714286,biweekly,weighted,0.0,region_04
2023-11-11,4,JN.1,0.05008133829470589,0.08904666322117648,0.024745882542941175,biweekly,weighted,0.0,region_04
2023-11-18,4,JN.1,0.08620980985024371,0.13837570561195378,0.04905544731713445,biweekly,weighted,,region_04
2023-11-25,4,JN.1,0.12233828140578153,0.18770474800273107,0.07336501209132773,biweekly,weighted,,region_04
2023-12-02,4,JN.1,0.15846675296131935,0.2370337903935084,0.097674576865521,biweekly,weighted,,region_04
2023-12-09,4,JN.1,0.19459522451685715,0.2863628327842857,0.12198414163971429,biweekly,weighted,0.0,region_04
2023-12-16,4,JN.1,0.31275631110491003,0.4261120399939947,0.21253592979800529,biweekly,weighted,,region_04
2023-12-23,4,JN.1,0.43091739769296294,0.5658612472037037,0.3030877179562963,biweekly,weighted,0.0,region_04
2023-12-30,4,JN.1,0.5306126312524537,0.6541416689207407,0.4048085390691204,biweekly,weighted,,region_04
2024-01-06,4,JN.1,0.6303078648119445,0.7424220906377778,0.5065293601819445,biweekly,weighted,0.0,region_04
2024-01-13,4,JN.1,0.7037647952399722,0.7954294266214603,0.5990156667695437,biweekly,weighted,,region_04
2024-01-20,4,JN.1,0.777221725668,0.8484367626051428,0.6915019733571429,biweekly,weighted,0.0,region_04
2024-01-27,4,JN.1,0.7911658289050294,0.8625386726953654,0.7031574696554832,biweekly,weighted,,region_04
2024-02-03,4,JN.1,0.8051099321420588,0.8766405827855882,0.7148129659538235,biweekly,weighted,0.0,region_04
2024-02-10,4,JN.1,0.7669956031752718,0.8392347030456728,0.680197844424639,biweekly,weighted,,region_04
2024-02-17,4,JN.1,0.7288812742084848,0.8018288233057576,0.6455827228954545,biweekly,weighted,0.0,region_04
2024-02-24,4,JN.1,0.708740936987055,0.7884144099761601,0.618655579362571,biweekly,weighted,,region_04
2024-03-02,4,JN.1,0.688600599765625,0.7749999966465625,0.5917284358296875,biweekly,weighted,0.0,region_04
2024-03-09,4,JN.1,0.6508617103100347,0.7307973341593923,0.5632969522853993,biweekly,weighted,,region_04
2024-03-16,4,JN.1,0.6131228208544445,0.6865946716722222,0.5348654687411112,biweekly,weighted,0.0,region_04
2024-03-23,4,JN.1,0.5270492464297223,0.6340964946476111,0.4208808437000556,biweekly,weighted,,region_04
2024-03-30,4,JN.1,0.440975672005,0.5815983176230001,0.30689621865899996,biweekly,weighted,0.0,region_04
2024-04-06,4,JN.1,0.376541393995,0.5071009557696251,0.25739513319074997,biweekly,weighted,,region_04
2024-04-13,4,JN.1,0.31210711598499996,0.43260359391625003,0.2078940477225,biweekly,weighted,0.0,region_04
2024-04-20,4,JN.1,0.2928156852725,0.434188878165625,0.17685221787625,biweekly,weighted,,region_04
2024-04-27,4,JN.1,0.27352425456,0.435774162415,0.14581038803000002,biweekly,weighted,0.0,region_04
2024-05-04,4,JN.1,0.2469722807405,0.394036496619875,0.13173232386025002,biweekly,weighted,,region_04
2024-05-11,4,JN.1,0.220420306921,0.35229883082475,0.11765425969050002,biweekly,weighted,,region_04
2024-05-18,4,JN.1,0.1938683331015,0.310561165029625,0.10357619552075001,biweekly,weighted,,region_04
2024-05-25,4,JN.1,0.167316359282,0.2688234992345,0.08949813135100002,biweekly,weighted,,region_04
2024-06-01,4,JN.1,0.1407643854625,0.227085833439375,0.07542006718125001,biweekly,weighted,,region_04
2024-06-08,4,JN.1,0.114212411643,0.18534816764425,0.0613420030115,biweekly,weighted,,region_04
2024-06-15,4,JN.1,0.0876604378235,0.143610501849125,0.04726393884175,biweekly,weighted,,region_04
2024-06-22,4,JN.1,0.061108464003999996,0.101872836054,0.033185874672,biweekly,weighted,0.0,region_04
2024-06-29,4,JN.1,0.0566511455935,0.09477093508475,0.03063523969675,biweekly,weighted,,region_04
2024-07-06,4,JN.1,0.052193827182999995,0.08766903411549999,0.0280846047215,biweekly,weighted,,region_04
2024-07-13,4,JN.1,0.0477365087725,0.08056713314625,0.025533969746250003,biweekly,weighted,,region_04
2024-07-20,4,JN.1,0.043279190361999995,0.07346523217699999,0.022983334771,biweekly,weighted,,region_04
2024-07-27,4,JN.1,0.0388218719515,0.06636333120775,0.02043269979575,biweekly,weighted,,region_04
2024-08-03,4,JN.1,0.034364553541,0.0592614302385,0.0178820648205,biweekly,weighted,,region_04
2024-08-10,4,JN.1,0.0299072351305,0.05215952926925,0.01533142984525,biweekly,weighted,,region_04
2024-08-17,4,JN.1,0.02544991672,0.0450576283,0.01278079487,biweekly,weighted,0.0,region_04
2024-08-03,4,JN.1.18,0.017666635828333332,0.03109089192,0.008980027141666668,biweekly,weighted,0.0,region_04
2024-02-03,4,JN.1.7,0.035276191398571424,0.06282973591047619,0.017491259921904763,biweekly,weighted,0.0,region_04
2024-02-10,4,JN.1.7,0.044655781772095234,0.07394777551435715,0.024783502394345236,biweekly,weighted,,region_04
2024-02-17,4,JN.1.7,0.05403537214561904,0.0850658151182381,0.032075744866785716,biweekly,weighted,,region_04
2024-02-24,4,JN.1.7,0.06341496251914286,0.09618385472211904,0.03936798733922619,biweekly,weighted,,region_04
2024-03-02,4,JN.1.7,0.07279455289266666,0.107301894326,0.04666022981166666,biweekly,weighted,0.0,region_04
2024-03-09,4,JN.1.7,0.10853474359555555,0.1614074653211111,0.06699449258527777,biweekly,weighted,,region_04
2024-03-16,4,JN.1.7,0.14427493429844446,0.21551303631622223,0.08732875535888887,biweekly,weighted,,region_04
2024-03-23,4,JN.1.7,0.18001512500133332,0.26961860731133336,0.10766301813249998,biweekly,weighted,,region_04
2024-03-30,4,JN.1.7,0.21575531570422224,0.32372417830644445,0.1279972809061111,biweekly,weighted,,region_04
2024-04-06,4,JN.1.7,0.2514955064071111,0.3778297493015556,0.1483315436797222,biweekly,weighted,,region_04
2024-04-13,4,JN.1.7,0.28723569711,0.4319353202966667,0.16866580645333332,biweekly,weighted,0.0,region_04
2024-04-20,4,JN.1.7,0.219889032345,0.35092746217833337,0.12043411781666666,biweekly,weighted,,region_04
2024-04-27,4,JN.1.7,0.15254236758,0.26991960406,0.07220242918,biweekly,weighted,0.0,region_04
2024-05-04,4,JN.1.7,0.1675586439675,0.2920723855475,0.080695834015,biweekly,weighted,,region_04
2024-05-11,4,JN.1.7,0.182574920355,0.314225167035,0.08918923885,biweekly,weighted,0.0,region_04
2024-01-20,4,JN.1.8.1,0.024473444682666667,0.04132932002366666,0.013168225716666667,biweekly,weighted,0.0,region_04
2024-01-27,4,JN.1.8.1,0.027652247979416667,0.04629169196558333,0.0150468404175,biweekly,weighted,,region_04
2024-02-03,4,JN.1.8.1,0.030831051276166664,0.051254063907499994,0.016925455118333335,biweekly,weighted,,region_04
2024-02-10,4,JN.1.8.1,0.034009854572916665,0.056216435849416664,0.018804069819166668,biweekly,weighted,,region_04
2024-02-17,4,JN.1.8.1,0.037188657869666665,0.061178807791333334,0.02068268452,biweekly,weighted,0.0,region_04
2024-06-22,4,KP.1.1,0.0510491253825,0.089559471235,0.025731027125,biweekly,weighted,0.0,region_04
2024-06-29,4,KP.1.1,0.05613818004125,0.09823860134916666,0.028342686594166666,biweekly,weighted,,region_04
2024-07-06,4,KP.1.1,0.0612272347,0.10691773146333333,0.030954346063333332,biweekly,weighted,0.0,region_04
2024-07-13,4,KP.1.1,0.05138058774111111,0.08693039479333334,0.027353642199166667,biweekly,weighted,,region_04
2024-07-20,4,KP.1.1,0.04153394078222222,0.06694305812333333,0.023752938335,biweekly,weighted,0.0,region_04
2024-08-03,4,KP.1.1.3,0.027080906909523812,0.04320895636428571,0.015770977141428572,biweekly,weighted,0.0,region_04
2024-08-10,4,KP.1.1.3,0.02654412297414286,0.04345939511571428,0.014952257016071429,biweekly,weighted,,region_04
2024-08-17,4,KP.1.1.3,0.026007339038761908,0.043709833867142854,0.014133536890714286,biweekly,weighted,,region_04
2024-08-24,4,KP.1.1.3,0.025470555103380952,0.043960272618571425,0.013314816765357144,biweekly,weighted,,region_04
2024-08-31,4,KP.1.1.3,0.024933771168,0.044210711369999996,0.01249609664,biweekly,weighted,0.0,region_04
2024-06-22,4,KP.2,0.08773069935,0.1380644078785714,0.05137199695571428,biweekly,weighted,0.0,region_04
2024-06-29,4,KP.2,0.08864749750272727,0.13409651632133116,0.05487114880467532,biweekly,weighted,,region_04
2024-07-06,4,KP.2,0.08956429565545454,0.1301286247640909,0.05837030065363636,biweekly,weighted,0.0,region_04
2024-07-13,4,KP.2,0.08615711842797727,0.13222215795404546,0.05235186772981818,biweekly,weighted,,region_04
2024-07-20,4,KP.2,0.0827499412005,0.134315691144,0.046333434806,biweekly,weighted,0.0,region_04
2024-07-27,4,KP.2,0.08194852799620238,0.127105378307,0.049089252745142864,biweekly,weighted,,region_04
2024-08-03,4,KP.2,0.08114711479190476,0.11989506547,0.05184507068428572,biweekly,weighted,0.0,region_04
2024-08-10,4,KP.2,0.09992162578295238,0.14371397340949998,0.06595569325714286,biweekly,weighted,,region_04
2024-08-17,4,KP.2,0.118696136774,0.167532881349,0.08006631583,biweekly,weighted,0.0,region_04
2024-08-24,4,KP.2,0.10483508730999999,0.16050372086416664,0.06399661153533333,biweekly,weighted,,region_04
2024-08-31,4,KP.2,0.090974037846,0.15347456037933332,0.047926907240666665,biweekly,weighted,0.0,region_04
2024-06-22,4,KP.2.3,0.16615591943142857,0.2520100580785714,0.10081889480428571,biweekly,weighted,0.0,region_04
2024-06-29,4,KP.2.3,0.18277122922506212,0.258697042136677,0.1222242513758385,biweekly,weighted,,region_04
2024-07-06,4,KP.2.3,0.19938653901869566,0.2653840261947826,0.1436296079473913,biweekly,weighted,0.0,region_04
2024-07-13,4,KP.2.3,0.20016876027980238,0.25912584312852766,0.1495968290264229,biweekly,weighted,,region_04
2024-07-20,4,KP.2.3,0.2009509815409091,0.25286766006227274,0.15556405010545454,biweekly,weighted,0.0,region_04
2024-07-27,4,KP.2.3,0.19295169019521646,0.25788583130756493,0.138895280772013,biweekly,weighted,,region_04
2024-08-03,4,KP.2.3,0.1849523988495238,0.2629040025528572,0.12222651143857144,biweekly,weighted,0.0,region_04
2024-08-10,4,KP.2.3,0.17177650578951192,0.23860481420442858,0.11740369002028572,biweekly,weighted,,region_04
2024-08-17,4,KP.2.3,0.15860061272950002,0.21430562585600002,0.112580868602,biweekly,weighted,0.0,region_04
2024-08-24,4,KP.2.3,0.14368731903001317,0.19410009756694738,0.10220266557073684,biweekly,weighted,,region_04
2024-08-31,4,KP.2.3,0.12877402533052631,0.17389456927789473,0.09182446253947368,biweekly,weighted,0.0,region_04
2024-09-07,4,KP.2.3,0.12774729850692984,0.17681699163422515,0.08827932122334795,biweekly,weighted,,region_04
2024-09-14,4,KP.2.3,0.12672057168333334,0.17973941399055557,0.08473417990722222,biweekly,weighted,0.0,region_04
2024-09-21,4,KP.2.3,0.10211997562166666,0.15884023077027778,0.06126658845861111,biweekly,weighted,,region_04
2024-09-28,4,KP.2.3,0.07751937956,0.13794104755,0.03779899701,biweekly,weighted,0.0,region_04
2024-06-08,4,KP.3,0.2948718071,0.43409222364,0.17894376814,biweekly,weighted,0.0,region_04
2024-06-15,4,KP.3,0.2523771535092857,0.35445818730571427,0.1666370970835714,biweekly,weighted,,region_04
2024-06-22,4,KP.3,0.2098824999185714,0.27482415097142854,0.15433042602714284,biweekly,weighted,0.0,region_04
2024-06-29,4,KP.3,0.18667515020276398,0.24510003760549687,0.13710413489009315,biweekly,weighted,,region_04
2024-07-06,4,KP.3,0.16346780048695653,0.21537592423956523,0.11987784375304347,biweekly,weighted,0.0,region_04
2024-07-13,4,KP.3,0.17467184182166007,0.22780318977864625,0.12960697374743083,biweekly,weighted,,region_04
2024-07-20,4,KP.3,0.18587588315636364,0.24023045531772727,0.13933610374181818,biweekly,weighted,0.0,region_04
2024-07-27,4,KP.3,0.17623294912508658,0.2275434541010065,0.1323622902813853,biweekly,weighted,,region_04
2024-08-03,4,KP.3,0.16659001509380952,0.2148564528842857,0.1253884768209524,biweekly,weighted,0.0,region_04
2024-08-10,4,KP.3,0.15354253513165478,0.19826475215114286,0.11552222846547619,biweekly,weighted,,region_04
2024-08-17,4,KP.3,0.1404950551695,0.181673051418,0.10565598010999999,biweekly,weighted,0.0,region_04
2024-08-24,4,KP.3,0.13962789211290788,0.189333692154,0.09907803907973683,biweekly,weighted,,region_04
2024-08-31,4,KP.3,0.13876072905631578,0.19699433289,0.09250009804947368,biweekly,weighted,0.0,region_04
2024-09-07,4,KP.3,0.14721336013204678,0.20461014414194445,0.10086735958862572,biweekly,weighted,,region_04
2024-09-14,4,KP.3,0.15566599120777777,0.2122259553938889,0.10923462112777778,biweekly,weighted,0.0,region_04
2024-09-21,4,KP.3,0.13977989802888888,0.21529441906194446,0.08460825371388889,biweekly,weighted,,region_04
2024-09-28,4,KP.3,0.12389380485,0.21836288273,0.0599818863,biweekly,weighted,0.0,region_04
2024-07-06,4,KP.3.1.1,0.06145969033214286,0.10843049415428571,0.030582297193571428,biweekly,weighted,0.0,region_04
2024-07-13,4,KP.3.1.1,0.0957812738012987,0.13615141649305196,0.06584358279974026,biweekly,weighted,,region_04
2024-07-20,4,KP.3.1.1,0.13010285727045454,0.16387233883181818,0.10110486840590908,biweekly,weighted,0.0,region_04
2024-07-27,4,KP.3.1.1,0.16239530843094158,0.21105692411495672,0.12104124012938311,biweekly,weighted,,region_04
2024-08-03,4,KP.3.1.1,0.1946877595914286,0.25824150939809526,0.14097761185285712,biweekly,weighted,0.0,region_04
2024-08-10,4,KP.3.1.1,0.2109748131099643,0.27263339633729766,0.15791374691492854,biweekly,weighted,,region_04
2024-08-17,4,KP.3.1.1,0.2272618666285,0.2870252832765,0.174849881977,biweekly,weighted,0.0,region_04
2024-08-24,4,KP.3.1.1,0.2745752657316184,0.34635532815903947,0.2102908268771842,biweekly,weighted,,region_04
2024-08-31,4,KP.3.1.1,0.3218886648347368,0.4056853730415789,0.24573177177736844,biweekly,weighted,0.0,region_04
2024-09-07,4,KP.3.1.1,0.34522931748320174,0.4440814701516228,0.2551167048300731,biweekly,weighted,,region_04
2024-09-14,4,KP.3.1.1,0.3685699701316667,0.48247756726166663,0.2645016378827778,biweekly,weighted,0.0,region_04
2024-09-21,4,KP.3.1.1,0.38016514645750005,0.49659223826916665,0.27291302107009263,biweekly,weighted,,region_04
2024-09-28,4,KP.3.1.1,0.39176032278333334,0.5107069092766666,0.28132440425740746,biweekly,weighted,,region_04
2024-10-05,4,KP.3.1.1,0.4033554991091667,0.5248215802841666,0.2897357874447223,biweekly,weighted,,region_04
2024-10-12,4,KP.3.1.1,0.414950675435,0.5389362512916667,0.29814717063203705,biweekly,weighted,,region_04
2024-10-19,4,KP.3.1.1,0.4265458517608333,0.5530509222991666,0.3065585538193519,biweekly,weighted,,region_04
2024-10-26,4,KP.3.1.1,0.43814102808666666,0.5671655933066666,0.3149699370066667,biweekly,weighted,0.0,region_04
2024-11-02,4,KP.3.1.1,0.4216805346727778,0.552998349484861,0.29893701999527783,biweekly,weighted,,region_04
2024-11-09,4,KP.3.1.1,0.4052200412588889,0.5388311056630555,0.2829041029838889,biweekly,weighted,,region_04
2024-11-16,4,KP.3.1.1,0.388759547845,0.5246638618412499,0.26687118597250004,biweekly,weighted,,region_04
2024-11-23,4,KP.3.1.1,0.3722990544311111,0.5104966180194443,0.2508382689611111,biweekly,weighted,,region_04
2024-11-30,4,KP.3.1.1,0.3558385610172222,0.49632937419763884,0.23480535194972224,biweekly,weighted,,region_04
2024-12-07,4,KP.3.1.1,0.33937806760333333,0.48216213037583333,0.21877243493833334,biweekly,weighted,,region_04
2024-12-14,4,KP.3.1.1,0.32291757418944445,0.46799488655402777,0.20273951792694445,biweekly,weighted,,region_04
2024-12-21,4,KP.3.1.1,0.30645708077555556,0.4538276427322222,0.18670660091555555,biweekly,weighted,,region_04
2024-12-28,4,KP.3.1.1,0.28999658736166667,0.43966039891041664,0.17067368390416665,biweekly,weighted,,region_04
2025-01-04,4,KP.3.1.1,0.2735360939477778,0.4254931550886111,0.15464076689277775,biweekly,weighted,,region_04
2025-01-11,4,KP.3.1.1,0.2570756005338889,0.41132591126680557,0.13860784988138886,biweekly,weighted,,region_04
2025-01-18,4,KP.3.1.1,0.24061510712,0.397158667445,0.12257493287,biweekly,weighted,0.0,region_04
2025-01-25,4,KP.3.1.1,0.205444612075625,0.3418929511675,0.104174523145625,biweekly,weighted,,region_04
2025-02-01,4,KP.3.1.1,0.17027411703125,0.28662723488999997,0.08577411342124999,biweekly,weighted,,region_04
2025-02-08,4,KP.3.1.1,0.135103621986875,0.23136151861249998,0.067373703696875,biweekly,weighted,,region_04
2025-02-15,4,KP.3.1.1,0.0999331269425,0.176095802335,0.0489732939725,biweekly,weighted,0.0,region_04
2024-06-22,4,LB.1,0.16387139473857143,0.22663881523285714,0.11281539287,biweekly,weighted,0.0,region_04
2024-06-29,4,LB.1,0.1683544349049379,0.22447584823968947,0.12164157344456522,biweekly,weighted,,region_04
2024-07-06,4,LB.1,0.17283747507130434,0.22231288124652177,0.13046775401913044,biweekly,weighted,0.0,region_04
2024-07-13,4,LB.1,0.16000928544660453,0.22198354459016564,0.11039195155718426,biweekly,weighted,,region_04
2024-07-20,4,LB.1,0.14718109582190475,0.22165420793380952,0.0903161490952381,biweekly,weighted,0.0,region_04
2024-07-27,4,LB.1,0.14944361256690475,0.2121641955209524,0.09983457607142857,biweekly,weighted,,region_04
2024-08-03,4,LB.1,0.15170612931190477,0.20267418310809523,0.10935300304761904,biweekly,weighted,0.0,region_04
2024-08-10,4,LB.1,0.13740044534170237,0.18003956817504763,0.10165401499330952,biweekly,weighted,,region_04
2024-08-17,4,LB.1,0.1230947613715,0.157404953242,0.093955026939,biweekly,weighted,0.0,region_04
2024-08-24,4,LB.1,0.12503908492232896,0.168124126526,0.08983782144528947,biweekly,weighted,,region_04
2024-08-31,4,LB.1,0.1269834084731579,0.17884329981,0.08572061595157894,biweekly,weighted,0.0,region_04
2024-09-07,4,LB.1,0.10975856632435672,0.16040170205833332,0.07087233324940058,biweekly,weighted,,region_04
2024-09-14,4,LB.1,0.09253372417555555,0.14196010430666667,0.056024050547222225,biweekly,weighted,0.0,region_04
2024-07-20,4,LP.1,0.027789298817500002,0.0471997277815,0.014819236053000001,biweekly,weighted,0.0,region_04
2025-02-15,4,LP.8.1,0.27998589475833335,0.38079023858,0.19319033374500003,biweekly,weighted,0.0,region_04
2021-01-30,4,Other,0.5272749861091667,0.57876644532,0.45491864284,biweekly,weighted,0.0,region_04
2021-02-06,4,Other,0.49535546762291666,0.5527695094545834,0.42006772073666665,biweekly,weighted,,region_04
2021-02-13,4,Other,0.46343594913666664,0.5267725735891667,0.3852167986333333,biweekly,weighted,0.0,region_04
2021-02-20,4,Other,0.42698974721125005,0.49590682983375,0.34259680348166666,biweekly,weighted,,region_04
2021-02-27,4,Other,0.3905435452858334,0.46504108607833333,0.29997680833,biweekly,weighted,0.0,region_04
2021-03-06,4,Other,0.626689463855,0.776596426965,0.448800213635,weekly,weighted,0.0,region_04
2021-03-13,4,Other,0.500441633165,0.67404435575,0.32939625158749997,weekly,weighted,0.0,region_04
2021-03-20,4,Other,0.40518335253,0.5264207348225001,0.2955518625675,weekly,weighted,0.0,region_04
2021-03-27,4,Other,0.2899481169875,0.39409830421250003,0.203947555275,weekly,weighted,0.0,region_04
2021-04-03,4,Other,0.2308408990525,0.27317528054,0.192991081625,weekly,weighted,0.0,region_04
2021-04-10,4,Other,0.18557622470000001,0.216414336115,0.158313844355,weekly,weighted,0.0,region_04
2021-04-17,4,Other,0.1623804848625,0.205210084095,0.12699023448,weekly,weighted,0.0,region_04
2021-04-24,4,Other,0.1460100077075,0.17805659026,0.11864366662,weekly,weighted,0.0,region_04
2021-05-01,4,Other,0.112333900295,0.141598729415,0.08853011392,weekly,weighted,0.0,region_04
2021-05-08,4,Other,0.9217952581628048,0.931472586150122,0.9095533736414634,weekly,weighted,0.0,region_04
2021-05-15,4,Other,0.8949364141512941,0.9059458093609413,0.8786665669697648,weekly,weighted,0.0,region_04
2021-05-22,4,Other,0.8872709221262353,0.9002254314710588,0.871659081254,weekly,weighted,0.0,region_04
2021-05-29,4,Other,0.8783923060736709,0.8942076276184809,0.8590488324677216,weekly,weighted,0.0,region_04
2021-06-05,4,Other,0.8520654981472839,0.8761335811867902,0.8221816504483951,weekly,weighted,0.0,region_04
2021-06-12,4,Other,0.757559528314186,0.8017480610761627,0.7071273611465116,weekly,weighted,0.0,region_04
2021-06-19,4,Other,0.6763182612524419,0.7213229999639534,0.6281685758661628,weekly,weighted,0.0,region_04
2021-06-26,4,Other,0.522534704057738,0.5646676763980952,0.4804370781142857,weekly,weighted,0.0,region_04
2021-07-03,4,Other,0.3296360433387342,0.37986047462189876,0.2823545404156962,weekly,weighted,0.0,region_04
2021-07-10,4,Other,0.20083351768095237,0.24067715178488094,0.1651306840527381,weekly,weighted,0.0,region_04
2021-07-17,4,Other,0.12640618382095237,0.16096315031761904,0.097103420035,weekly,weighted,0.0,region_04
2021-07-24,4,Other,0.058513385939529414,0.07295543929423529,0.046243808314588235,weekly,weighted,0.0,region_04
2021-07-31,4,Other,0.03962246507036144,0.05564655866265061,0.027205873455301205,weekly,weighted,0.0,region_04
2021-08-07,4,Other,0.035992973472682925,0.054787833266341464,0.022310773013292682,weekly,weighted,0.0,region_04
2021-08-14,4,Other,0.015320192813,0.02376245089175,0.009294827766,weekly,weighted,0.0,region_04
2021-08-21,4,Other,0.015174933710000001,0.0298482431075,0.007545167927500001,weekly,weighted,0.0,region_04
2021-08-28,4,Other,0.02207446843,0.03231791034,0.01502735633,weekly,weighted,0.0,region_04
2021-09-04,4,Other,0.01703662239,0.02698275819,0.01071636099,weekly,weighted,0.0,region_04
2021-09-11,4,Other,0.0138267912,0.0249213241,0.00763268489,weekly,weighted,0.0,region_04
2021-09-18,4,Other,0.017636464479230767,0.03137508173282051,0.008819311511025642,weekly,weighted,0.0,region_04
2021-09-25,4,Other,0.013889030282151897,0.023053132941392405,0.007678706228734177,weekly,weighted,0.0,region_04
2021-10-02,4,Other,0.016853300979333335,0.029697133973333335,0.00854769183,weekly,weighted,0.0,region_04
2021-10-09,4,Other,0.01665102875366197,0.028734469104225356,0.008709593354507042,weekly,weighted,0.0,region_04
2021-10-16,4,Other,0.01882331427416439,0.03266176957663917,0.009758756682335504,weekly,weighted,,region_04
2021-10-23,4,Other,0.020995599794666808,0.03658907004905298,0.010807920010163969,weekly,weighted,,region_04
2021-10-30,4,Other,0.023167885315169223,0.04051637052146679,0.011857083337992434,weekly,weighted,,region_04
2021-11-06,4,Other,0.02534017083567164,0.0444436709938806,0.012906246665820896,weekly,weighted,0.0,region_04
2021-11-13,4,Other,0.021789038127714284,0.03887077181457143,0.010834996056571428,weekly,weighted,0.0,region_04
2021-11-20,4,Other,0.01880351587156273,0.03344209604304845,0.009397952574126707,weekly,weighted,,region_04
2021-11-27,4,Other,0.01581799361541118,0.028013420271525466,0.007960909091681987,weekly,weighted,,region_04
2021-12-04,4,Other,0.012832471359259627,0.022584744500002488,0.006523865609237267,weekly,weighted,,region_04
2021-12-11,4,Other,0.009846949103108075,0.017156068728479506,0.0050868221267925465,weekly,weighted,,region_04
2021-12-18,4,Other,0.006861426846956522,0.011727392956956522,0.0036497786443478258,weekly,weighted,0.0,region_04
2021-12-25,4,Other,0.011883436936,0.021129528899,0.00595986764,weekly,weighted,0.0,region_04
2022-01-01,4,Other,0.018350945527777777,0.03243573185888889,0.009261050546666667,weekly,weighted,0.0,region_04
2022-01-08,4,Other,0.017499581055555553,0.03092806793850607,0.008833208945,weekly,weighted,,region_04
2022-01-15,4,Other,0.016648216583333333,0.029420404018123254,0.008405367343333333,weekly,weighted,,region_04
2022-01-22,4,Other,0.01579685211111111,0.027912740097740432,0.007977525741666667,weekly,weighted,,region_04
2022-01-29,4,Other,0.014945487638888888,0.026405076177357614,0.00754968414,weekly,weighted,,region_04
2022-02-05,4,Other,0.014094123166666665,0.024897412256974793,0.007121842538333333,weekly,weighted,,region_04
2022-02-12,4,Other,0.013242758694444443,0.023389748336591975,0.006694000936666667,weekly,weighted,,region_04
2022-02-19,4,Other,0.012391394222222222,0.021882084416209154,0.006266159335,weekly,weighted,,region_04
2022-02-26,4,Other,0.01154002975,0.020374420495826336,0.005838317733333334,weekly,weighted,,region_04
2022-03-05,4,Other,0.010688665277777776,0.018866756575443514,0.005410476131666667,weekly,weighted,,region_04
2022-03-12,4,Other,0.009837300805555555,0.017359092655060693,0.00498263453,weekly,weighted,,region_04
2022-03-19,4,Other,0.008985936333333333,0.015851428734677875,0.004554792928333334,weekly,weighted,,region_04
2022-03-26,4,Other,0.00813457186111111,0.014343764814295053,0.004126951326666667,weekly,weighted,,region_04
2022-04-02,4,Other,0.007283207388888888,0.012836100893912234,0.0036991097250000005,weekly,weighted,,region_04
2022-04-09,4,Other,0.006431842916666665,0.011328436973529414,0.003271268123333334,weekly,weighted,,region_04
2022-04-16,4,Other,0.005580478444444444,0.009820773053146594,0.0028434265216666674,weekly,weighted,,region_04
2022-04-23,4,Other,0.004729113972222221,0.008313109132763775,0.002415584920000001,weekly,weighted,,region_04
2022-04-30,4,Other,0.0038777495000000004,0.0068054452123809525,0.0019877433183333334,weekly,weighted,0.0,region_04
2022-05-07,4,Other,0.005407728332380952,0.00852782642952381,0.003211428816190476,weekly,weighted,0.0,region_04
2022-05-14,4,Other,0.00519689362024453,0.008232990380572715,0.003067559717824968,weekly,weighted,,region_04
2022-05-21,4,Other,0.004986058908108108,0.007938154331621622,0.0029236906194594595,weekly,weighted,0.0,region_04
2022-05-28,4,Other,0.004181257288513513,0.006669936978513514,0.0024456514513513513,weekly,weighted,,region_04
2022-06-04,4,Other,0.003376455668918919,0.0054017196254054056,0.001967612283243243,weekly,weighted,0.0,region_04
2022-06-11,4,Other,0.0034400845534699217,0.00553351594136007,0.001991204333461203,weekly,weighted,,region_04
2022-06-18,4,Other,0.003503713438020924,0.005665312257314734,0.0020147963836791628,weekly,weighted,,region_04
2022-06-25,4,Other,0.003567342322571927,0.005797108573269399,0.002038388433897123,weekly,weighted,,region_04
2022-07-02,4,Other,0.0036309712071229292,0.005928904889224063,0.002061980484115083,weekly,weighted,,region_04
2022-07-09,4,Other,0.003694600091673932,0.006060701205178727,0.0020855725343330426,weekly,weighted,,region_04
2022-07-16,4,Other,0.003758228976224935,0.006192497521133392,0.0021091645845510024,weekly,weighted,,region_04
2022-07-23,4,Other,0.003821857860775937,0.006324293837088056,0.0021327566347689626,weekly,weighted,,region_04
2022-07-30,4,Other,0.00388548674532694,0.00645609015304272,0.0021563486849869224,weekly,weighted,,region_04
2022-08-06,4,Other,0.003949115629877943,0.006587886468997385,0.0021799407352048822,weekly,weighted,,region_04
2022-08-13,4,Other,0.004012744514428945,0.006719682784952049,0.002203532785422842,weekly,weighted,,region_04
2022-08-20,4,Other,0.0040763733989799475,0.006851479100906713,0.002227124835640802,weekly,weighted,,region_04
2022-08-27,4,Other,0.004140002283530951,0.006983275416861378,0.002250716885858762,weekly,weighted,,region_04
2022-09-03,4,Other,0.004203631168081953,0.007115071732816042,0.002274308936076722,weekly,weighted,,region_04
2022-09-10,4,Other,0.0042672600526329554,0.007246868048770706,0.0022979009862946816,weekly,weighted,,region_04
2022-09-17,4,Other,0.004330888937183958,0.007378664364725371,0.0023214930365126414,weekly,weighted,,region_04
2022-09-24,4,Other,0.004394517821734961,0.007510460680680035,0.0023450850867306017,weekly,weighted,,region_04
2022-10-01,4,Other,0.004458146706285963,0.007642256996634698,0.0023686771369485615,weekly,weighted,,region_04
2022-10-08,4,Other,0.004521775590836966,0.007774053312589363,0.0023922691871665212,weekly,weighted,,region_04
2022-10-15,4,Other,0.004585404475387969,0.007905849628544027,0.002415861237384481,weekly,weighted,,region_04
2022-10-22,4,Other,0.004649033359938971,0.008037645944498692,0.0024394532876024413,weekly,weighted,,region_04
2022-10-29,4,Other,0.004712662244489974,0.008169442260453356,0.002463045337820401,weekly,weighted,,region_04
2022-11-05,4,Other,0.004776291129040977,0.008301238576408021,0.002486637388038361,weekly,weighted,,region_04
2022-11-12,4,Other,0.004839920013591979,0.008433034892362684,0.0025102294382563207,weekly,weighted,,region_04
2022-11-19,4,Other,0.004903548898142982,0.00856483120831735,0.0025338214884742805,weekly,weighted,,region_04
2022-11-26,4,Other,0.004967177782693984,0.008696627524272013,0.0025574135386922407,weekly,weighted,,region_04
2022-12-03,4,Other,0.005030806667244987,0.008828423840226678,0.0025810055889102005,weekly,weighted,,region_04
2022-12-10,4,Other,0.0050944355517959896,0.008960220156181342,0.0026045976391281603,weekly,weighted,,region_04
2022-12-17,4,Other,0.005158064436346992,0.009092016472136007,0.00262818968934612,weekly,weighted,,region_04
2022-12-24,4,Other,0.005221693320897995,0.00922381278809067,0.0026517817395640803,weekly,weighted,,region_04
2022-12-31,4,Other,0.0052853222054489975,0.009355609104045336,0.00267537378978204,weekly,weighted,,region_04
2023-01-07,4,Other,0.00534895109,0.00948740542,0.00269896584,weekly,weighted,0.0,region_04
2023-01-14,4,Other,0.0056653774992081445,0.010000507002375566,0.0028785426475452488,weekly,weighted,,region_04
2023-01-21,4,Other,0.005981803908416289,0.01051360858475113,0.0030581194550904976,weekly,weighted,,region_04
2023-01-28,4,Other,0.006298230317624434,0.011026710167126696,0.0032376962626357465,weekly,weighted,,region_04
2023-02-04,4,Other,0.0066146567268325785,0.011539811749502263,0.0034172730701809953,weekly,weighted,,region_04
2023-02-11,4,Other,0.006931083136040724,0.012052913331877827,0.003596849877726244,weekly,weighted,,region_04
2023-02-18,4,Other,0.007247509545248869,0.012566014914253394,0.003776426685271493,weekly,weighted,,region_04
2023-02-25,4,Other,0.007563935954457013,0.013079116496628958,0.003956003492816742,weekly,weighted,,region_04
2023-03-04,4,Other,0.007880362363665159,0.013592218079004525,0.00413558030036199,weekly,weighted,,region_04
2023-03-11,4,Other,0.008196788772873304,0.014105319661380091,0.00431515710790724,weekly,weighted,,region_04
2023-03-18,4,Other,0.008513215182081448,0.014618421243755656,0.004494733915452489,weekly,weighted,,region_04
2023-03-25,4,Other,0.008829641591289593,0.015131522826131222,0.004674310722997737,weekly,weighted,,region_04
2023-04-01,4,Other,0.009146068000497738,0.015644624408506787,0.004853887530542986,weekly,weighted,,region_04
2023-04-08,4,Other,0.009462494409705882,0.016157725990882353,0.005033464338088235,weekly,weighted,,region_04
2023-04-15,4,Other,0.009778920818914027,0.01667082757325792,0.005213041145633484,weekly,weighted,,region_04
2023-04-22,4,Other,0.010095347228122172,0.017183929155633486,0.005392617953178733,weekly,weighted,,region_04
2023-04-29,4,Other,0.010411773637330316,0.017697030738009052,0.005572194760723981,weekly,weighted,,region_04
2023-05-06,4,Other,0.01072820004653846,0.018210132320384615,0.00575177156826923,weekly,weighted,,region_04
2023-05-13,4,Other,0.011044626455746605,0.01872323390276018,0.00593134837581448,weekly,weighted,,region_04
2023-05-20,4,Other,0.01136105286495475,0.019236335485135748,0.006110925183359728,weekly,weighted,,region_04
2023-05-27,4,Other,0.011677479274162895,0.019749437067511314,0.0062905019909049766,weekly,weighted,,region_04
2023-06-03,4,Other,0.01199390568337104,0.02026253864988688,0.006470078798450226,weekly,weighted,,region_04
2023-06-10,4,Other,0.012310332092579184,0.020775640232262443,0.006649655605995475,weekly,weighted,,region_04
2023-06-17,4,Other,0.012626758501787329,0.02128874181463801,0.0068292324135407236,weekly,weighted,,region_04
2023-06-24,4,Other,0.012943184910995473,0.021801843397013576,0.007008809221085972,weekly,weighted,,region_04
2023-07-01,4,Other,0.01325961132020362,0.022314944979389142,0.007188386028631221,weekly,weighted,,region_04
2023-07-08,4,Other,0.013576037729411764,0.02282804656176471,0.0073679628361764705,weekly,weighted,,region_04
2023-07-15,4,Other,0.01389246413861991,0.02334114814414027,0.007547539643721719,weekly,weighted,,region_04
2023-07-22,4,Other,0.014208890547828054,0.023854249726515838,0.007727116451266967,weekly,weighted,,region_04
2023-07-29,4,Other,0.014525316957036198,0.024367351308891404,0.007906693258812218,weekly,weighted,,region_04
2023-08-05,4,Other,0.014841743366244343,0.02488045289126697,0.008086270066357466,weekly,weighted,,region_04
2023-08-12,4,Other,0.015158169775452488,0.025393554473642537,0.008265846873902714,weekly,weighted,,region_04
2023-08-19,4,Other,0.015474596184660632,0.0259066560560181,0.008445423681447963,weekly,weighted,,region_04
2023-08-26,4,Other,0.01579102259386878,0.026419757638393666,0.008625000488993211,weekly,weighted,,region_04
2023-09-02,4,Other,0.016107449003076924,0.026932859220769233,0.008804577296538461,weekly,weighted,,region_04
2023-09-09,4,Other,0.016423875412285068,0.0274459608031448,0.00898415410408371,weekly,weighted,,region_04
2023-09-16,4,Other,0.016740301821493213,0.027959062385520365,0.009163730911628958,weekly,weighted,,region_04
2023-09-23,4,Other,0.017056728230701357,0.028472163967895932,0.009343307719174208,weekly,weighted,,region_04
2023-09-30,4,Other,0.017373154639909502,0.028985265550271495,0.009522884526719457,weekly,weighted,,region_04
2023-10-07,4,Other,0.017689581049117647,0.02949836713264706,0.009702461334264705,weekly,weighted,,region_04
2023-10-14,4,Other,0.01800600745832579,0.030011468715022627,0.009882038141809954,weekly,weighted,,region_04
2023-10-21,4,Other,0.018322433867533936,0.030524570297398194,0.010061614949355202,weekly,weighted,,region_04
2023-10-28,4,Other,0.01863886027674208,0.03103767187977376,0.010241191756900452,weekly,weighted,,region_04
2023-11-04,4,Other,0.018955286685950225,0.03155077346214932,0.0104207685644457,weekly,weighted,,region_04
2023-11-11,4,Other,0.01927171309515837,0.03206387504452489,0.010600345371990949,weekly,weighted,,region_04
2023-11-18,4,Other,0.019588139504366515,0.032576976626900456,0.0107799221795362,weekly,weighted,,region_04
2023-11-25,4,Other,0.01990456591357466,0.03309007820927602,0.010959498987081448,weekly,weighted,,region_04
2023-12-02,4,Other,0.020220992322782804,0.03360317979165159,0.011139075794626696,weekly,weighted,,region_04
2023-12-09,4,Other,0.02053741873199095,0.034116281374027155,0.011318652602171944,weekly,weighted,,region_04
2023-12-16,4,Other,0.020853845141199093,0.03462938295640272,0.011498229409717193,weekly,weighted,,region_04
2023-12-23,4,Other,0.021170271550407238,0.03514248453877829,0.011677806217262443,weekly,weighted,,region_04
2023-12-30,4,Other,0.021486697959615383,0.03565558612115385,0.011857383024807691,weekly,weighted,,region_04
2024-01-06,4,Other,0.02180312436882353,0.03616868770352941,0.01203695983235294,biweekly,weighted,0.0,region_04
2024-01-13,4,Other,0.02208429559584034,0.037495669838907564,0.011805325443319328,biweekly,weighted,,region_04
2024-01-20,4,Other,0.022365466822857144,0.038822651974285714,0.011573691054285714,biweekly,weighted,0.0,region_04
2021-02-13,4,P.1,0.0007271496,0.0041748574,0.00012628912,biweekly,weighted,0.0,region_04
2021-02-20,4,P.1,0.0012474474833333335,0.006432091546249999,0.00024196394875,biweekly,weighted,,region_04
2021-02-27,4,P.1,0.0017677453666666667,0.0086893256925,0.00035763877749999995,biweekly,weighted,0.0,region_04
2021-03-06,4,P.1,0.006605690575,0.026224129835,0.00163919595,weekly,weighted,0.0,region_04
2021-03-13,4,P.1,0.007578076445,0.0276226038125,0.00205198169,weekly,weighted,0.0,region_04
2021-03-20,4,P.1,0.015282881677499999,0.037334104534999996,0.0062753746775,weekly,weighted,0.0,region_04
2021-03-27,4,P.1,0.0228115301575,0.05883561075,0.008637328865,weekly,weighted,0.0,region_04
2021-04-03,4,P.1,0.035934846382499996,0.0615575732675,0.020770664325,weekly,weighted,0.0,region_04
2021-04-10,4,P.1,0.0383017589325,0.0892998967325,0.015958275180000002,weekly,weighted,0.0,region_04
2021-04-17,4,P.1,0.047086061912500005,0.09383536316499999,0.023059619125,weekly,weighted,0.0,region_04
2021-04-24,4,P.1,0.049181446435,0.10222544521,0.02296932414,weekly,weighted,0.0,region_04
2021-05-01,4,P.1,0.0620159413675,0.11711057834,0.031867758835,weekly,weighted,0.0,region_04
2021-05-08,4,P.1,0.075618757865,0.12645629793250002,0.0441378746175,weekly,weighted,0.0,region_04
2021-05-15,4,P.1,0.07761969789857144,0.13709015399285712,0.04287684708714285,weekly,weighted,0.0,region_04
2021-05-22,4,P.1,0.10055773066428572,0.17459533257285714,0.056904830571428575,weekly,weighted,0.0,region_04
2021-05-29,4,P.1,0.10944455755714286,0.16242160116285714,0.07306328841428571,weekly,weighted,0.0,region_04
2021-06-05,4,P.1,0.1450183849242857,0.23371152153857144,0.08656424124428572,weekly,weighted,0.0,region_04
2021-06-12,4,P.1,0.11529296849428572,0.18070479376142856,0.07186734836,weekly,weighted,0.0,region_04
2021-06-19,4,P.1,0.10984384587857143,0.2166631902957143,0.05283750327714286,weekly,weighted,0.0,region_04
2021-06-26,4,P.1,0.08499604144142857,0.13296875464,0.05240518759428571,weekly,weighted,0.0,region_04
2021-07-03,4,P.1,0.06093155965285714,0.09345285062428572,0.038695848947142855,weekly,weighted,0.0,region_04
2021-07-10,4,P.1,0.039196047399999996,0.05860746279428571,0.025733642812857144,weekly,weighted,0.0,region_04
2021-07-17,4,P.1,0.024234108892857143,0.044479220039999996,0.012888070730000001,weekly,weighted,0.0,region_04
2021-07-24,4,P.1,0.010484232967142857,0.017484986754285715,0.006340963965714285,weekly,weighted,0.0,region_04
2021-07-31,4,P.1,0.007884903345,0.013960243203333333,0.004297210291666667,weekly,weighted,0.0,region_04
2021-08-07,4,P.1,0.004607189526666667,0.007628802831666667,0.0027460493516666667,weekly,weighted,0.0,region_04
2021-08-14,4,P.1,0.00193758903,0.00547347497,0.00068432698,weekly,weighted,0.0,region_04
2021-01-30,4,P.2,0.00436506746,0.01087533683,0.00174514449,biweekly,weighted,0.0,region_04
2021-02-06,4,P.2,0.006925857702777778,0.017460759524444446,0.0027368838149999996,biweekly,weighted,,region_04
2021-02-13,4,P.2,0.009486647945555557,0.02404618221888889,0.00372862314,biweekly,weighted,0.0,region_04
2021-02-20,4,P.2,0.010085437861666668,0.021214344228333334,0.004973735712777778,biweekly,weighted,,region_04
2021-02-27,4,P.2,0.010684227777777777,0.018382506237777776,0.006218848285555555,biweekly,weighted,0.0,region_04
2022-11-19,4,XBB,0.028841868974444445,0.04674082953,0.016415212407222223,weekly,weighted,0.0,region_04
2022-11-26,4,XBB,0.03834084235,0.05818025167666666,0.023797710530555558,weekly,weighted,0.0,region_04
2022-12-03,4,XBB,0.05770171868388888,0.09117537571222221,0.03378058121388889,weekly,weighted,0.0,region_04
2022-12-10,4,XBB,0.05290094586526316,0.09029987885894737,0.027766597505789477,weekly,weighted,0.0,region_04
2022-12-17,4,XBB,0.0366983234017647,0.05627070148294117,0.022484849481764706,weekly,weighted,0.0,region_04
2022-12-24,4,XBB,0.04287550398463236,0.07201760525272058,0.023251102210882352,weekly,weighted,,region_04
2022-12-31,4,XBB,0.049052684567500004,0.08776450902249999,0.02401735494,weekly,weighted,0.0,region_04
2023-01-07,4,XBB,0.051372622947333337,0.06543797478133333,0.039683632180666666,weekly,weighted,0.0,region_04
2023-01-14,4,XBB,0.060718815773571425,0.08706413156285715,0.04042624815285715,weekly,weighted,0.0,region_04
2023-01-21,4,XBB,0.04416718248,0.056860260093076924,0.033624358046153845,weekly,weighted,0.0,region_04
2023-01-28,4,XBB,0.0386237840475,0.056260101806666664,0.025290805846666667,weekly,weighted,0.0,region_04
2023-02-04,4,XBB,0.033085111697272726,0.048400215465454546,0.021558435802727274,weekly,weighted,0.0,region_04
2023-02-11,4,XBB,0.021792809106,0.032575732839999996,0.013834504132,weekly,weighted,0.0,region_04
2023-02-18,4,XBB,0.02041536134888889,0.03182795188333333,0.012278021415555555,weekly,weighted,0.0,region_04
2023-02-25,4,XBB,0.018898894595925926,0.030615919025555553,0.010836691353703704,weekly,weighted,,region_04
2023-03-04,4,XBB,0.017382427842962962,0.02940388616777778,0.009395361291851851,weekly,weighted,,region_04
2023-03-11,4,XBB,0.01586596109,0.02819185331,0.00795403123,weekly,weighted,0.0,region_04
2023-03-18,4,XBB,0.025624813978749997,0.042492799923750005,0.014167844318750001,weekly,weighted,,region_04
2023-03-25,4,XBB,0.0353836668675,0.0567937465375,0.0203816574075,weekly,weighted,0.0,region_04
2023-04-01,4,XBB,0.02549310308,0.042074607685,0.014161093159999999,weekly,weighted,0.0,region_04
2023-04-08,4,XBB,0.03774959594,0.05907629989,0.022498272355,weekly,weighted,0.0,region_04
2023-04-15,4,XBB,0.02305364347890909,0.038014655898727275,0.012865071354,biweekly,weighted,0.0,region_04
2023-04-22,4,XBB,0.03438347088862122,0.05036071731047474,0.02255434570357407,biweekly,weighted,,region_04
2023-04-29,4,XBB,0.04571329829833334,0.06270677872222222,0.032243620053148146,biweekly,weighted,0.0,region_04
2023-05-06,4,XBB,0.04528079111350629,0.06272742068752621,0.031568220453272185,biweekly,weighted,,region_04
2023-05-13,4,XBB,0.04484828392867924,0.06274806265283019,0.030892820853396227,biweekly,weighted,0.0,region_04
2023-05-20,4,XBB,0.04698964745796104,0.06869809532171942,0.03074391137036975,biweekly,weighted,,region_04
2023-05-27,4,XBB,0.049131010987242846,0.07464812799060865,0.030595001887343275,biweekly,weighted,,region_04
2023-06-03,4,XBB,0.05127237451652465,0.08059816065949788,0.0304460924043168,biweekly,weighted,,region_04
2023-06-10,4,XBB,0.05341373804580645,0.0865481933283871,0.030297182921290324,biweekly,weighted,0.0,region_04
2023-06-17,4,XBB,0.05414894003122984,0.08954522440521889,0.029849238643467745,biweekly,weighted,,region_04
2023-06-24,4,XBB,0.054884142016653224,0.0925422554820507,0.02940129436564516,biweekly,weighted,,region_04
2023-07-01,4,XBB,0.05561934400207661,0.0955392865588825,0.02895335008782258,biweekly,weighted,,region_04
2023-07-08,4,XBB,0.0563545459875,0.09853631763571429,0.02850540581,biweekly,weighted,0.0,region_04
2023-07-15,4,XBB,0.06264272743520834,0.09703764642046131,0.0381956167265625,biweekly,weighted,,region_04
2023-07-22,4,XBB,0.06893090888291667,0.09553897520520833,0.047885827643125,biweekly,weighted,0.0,region_04
2023-07-29,4,XBB,0.07065562143199025,0.09667339206154034,0.049870606512945476,biweekly,weighted,,region_04
2023-08-05,4,XBB,0.07238033398106383,0.09780780891787234,0.051855385382765955,biweekly,weighted,0.0,region_04
2023-08-12,4,XBB,0.06342316933357539,0.08440418125219704,0.04633726390062211,biweekly,weighted,,region_04
2023-08-19,4,XBB,0.054466004686086956,0.07100055358652174,0.04081914241847826,biweekly,weighted,0.0,region_04
2023-08-26,4,XBB,0.04941919194315459,0.06510505241737198,0.036592458556683576,biweekly,weighted,,region_04
2023-09-02,4,XBB,0.044372379200222224,0.05920955124822223,0.03236577469488889,biweekly,weighted,0.0,region_04
2023-09-09,4,XBB,0.04783955712340657,0.06579395862433839,0.03364887943721717,biweekly,weighted,,region_04
2023-09-16,4,XBB,0.05130673504659091,0.07237836600045454,0.034931984179545454,biweekly,weighted,0.0,region_04
2023-09-23,4,XBB,0.03980047207145335,0.06043716245167464,0.02491543240437799,biweekly,weighted,,region_04
2023-09-30,4,XBB,0.02829420909631579,0.04849595890289474,0.014898880629210525,biweekly,weighted,0.0,region_04
2023-10-07,4,XBB,0.034454707130538845,0.055930232778828325,0.0195995335402005,biweekly,weighted,,region_04
2023-10-14,4,XBB,0.0406152051647619,0.06336450665476191,0.024300186451190475,biweekly,weighted,0.0,region_04
2023-10-21,4,XBB,0.03548004546988095,0.05850514627488096,0.01977180294809524,biweekly,weighted,,region_04
2023-10-28,4,XBB,0.030344885775,0.053645785895,0.015243419445,biweekly,weighted,0.0,region_04
2023-04-15,4,XBB.1.16,0.024118866195090908,0.03946201205254546,0.013566291094727274,biweekly,weighted,0.0,region_04
2023-04-22,4,XBB.1.16,0.03601355249282323,0.052332855581828285,0.02383422068430808,biweekly,weighted,,region_04
2023-04-29,4,XBB.1.16,0.04790823879055556,0.06520369911111111,0.03410215027388889,biweekly,weighted,0.0,region_04
2023-05-06,4,XBB.1.16,0.05568617631773061,0.07668144984414046,0.03903866597052935,biweekly,weighted,,region_04
2023-05-13,4,XBB.1.16,0.06346411384490566,0.08815920057716982,0.04397518166716981,biweekly,weighted,0.0,region_04
2023-05-20,4,XBB.1.16,0.06818840396614331,0.1024506231642992,0.04285756700918014,biweekly,weighted,,region_04
2023-05-27,4,XBB.1.16,0.07291269408738095,0.11674204575142857,0.041739952351190476,biweekly,weighted,0.0,region_04
2023-06-03,4,XBB.1.16,0.09080889501769047,0.15236801111371429,0.048222135645595236,biweekly,weighted,,region_04
2023-06-10,4,XBB.1.16,0.108705095948,0.187993976476,0.054704318939999996,biweekly,weighted,0.0,region_04
2023-06-17,4,XBB.1.16,0.10709325883323077,0.17378986374799998,0.05991917997596154,biweekly,weighted,,region_04
2023-06-24,4,XBB.1.16,0.10548142171846155,0.15958575102,0.06513404101192308,biweekly,weighted,0.0,region_04
2023-07-01,4,XBB.1.16,0.12199553700535323,0.1932139017470408,0.07004969612698195,biweekly,weighted,,region_04
2023-07-08,4,XBB.1.16,0.1385096522922449,0.22684205247408162,0.07496535124204082,biweekly,weighted,0.0,region_04
2023-07-15,4,XBB.1.16,0.14028306725799744,0.20113494845589497,0.09394013352966624,biweekly,weighted,,region_04
2023-07-22,4,XBB.1.16,0.14205648222375,0.17542784443770834,0.11291491581729167,biweekly,weighted,0.0,region_04
2023-07-29,4,XBB.1.16,0.13226610142442818,0.16249985955598184,0.10582690539683733,biweekly,weighted,,region_04
2023-08-05,4,XBB.1.16,0.12247572062510638,0.1495718746742553,0.09873889497638298,biweekly,weighted,0.0,region_04
2023-08-12,4,XBB.1.16,0.11353240867081406,0.1419893691731059,0.08909542841188714,biweekly,weighted,,region_04
2023-08-19,4,XBB.1.16,0.10458909671652174,0.1344068636719565,0.07945196184739131,biweekly,weighted,0.0,region_04
2023-08-26,4,XBB.1.16,0.10216439648337199,0.1282939001204227,0.0798274554471401,biweekly,weighted,,region_04
2023-09-02,4,XBB.1.16,0.09973969625022223,0.1221809365688889,0.08020294904688889,biweekly,weighted,0.0,region_04
2023-09-09,4,XBB.1.16,0.0917762273731793,0.11250026458830809,0.07376663119287627,biweekly,weighted,,region_04
2023-09-16,4,XBB.1.16,0.08381275849613636,0.10281959260772727,0.06733031333886363,biweekly,weighted,0.0,region_04
2023-09-23,4,XBB.1.16,0.06968434531690539,0.09042709804979387,0.052662245783385304,biweekly,weighted,,region_04
2023-09-30,4,XBB.1.16,0.055555932137674416,0.07803460349186046,0.037994178227906975,biweekly,weighted,0.0,region_04
2023-10-07,4,XBB.1.16,0.04047015118740864,0.06100160192289451,0.02557952077556063,biweekly,weighted,,region_04
2023-10-14,4,XBB.1.16,0.025384370237142857,0.04396860035392857,0.013164863323214286,biweekly,weighted,0.0,region_04
2023-10-21,4,XBB.1.16,0.02926677092857143,0.05116580479696428,0.014950455331607142,biweekly,weighted,,region_04
2023-10-28,4,XBB.1.16,0.03314917162,0.05836300924,0.01673604734,biweekly,weighted,0.0,region_04
2023-05-13,4,XBB.1.16.1,0.02509227926634146,0.04262888676902439,0.013383145126585366,biweekly,weighted,0.0,region_04
2023-05-20,4,XBB.1.16.1,0.03462448636043264,0.05830809303939315,0.018647974708292683,biweekly,weighted,,region_04
2023-05-27,4,XBB.1.16.1,0.04415669345452381,0.0739872993097619,0.02391280429,biweekly,weighted,0.0,region_04
2023-06-03,4,XBB.1.16.1,0.04571377681135488,0.0748249295790873,0.02564728937102041,biweekly,weighted,,region_04
2023-06-10,4,XBB.1.16.1,0.04727086016818594,0.07566255984841269,0.027381774452040816,biweekly,weighted,,region_04
2023-06-17,4,XBB.1.16.1,0.04882794352501701,0.07650019011773809,0.029116259533061226,biweekly,weighted,,region_04
2023-06-24,4,XBB.1.16.1,0.05038502688184807,0.0773378203870635,0.030850744614081636,biweekly,weighted,,region_04
2023-07-01,4,XBB.1.16.1,0.05194211023867914,0.07817545065638888,0.032585229695102046,biweekly,weighted,,region_04
2023-07-08,4,XBB.1.16.1,0.053499193595510204,0.07901308092571428,0.03431971477612245,biweekly,weighted,0.0,region_04
2023-07-15,4,XBB.1.16.1,0.06064155738796344,0.08598590555275298,0.04100967306160289,biweekly,weighted,,region_04
2023-07-22,4,XBB.1.16.1,0.06778392118041666,0.09295873017979167,0.047699631347083334,biweekly,weighted,0.0,region_04
2023-07-29,4,XBB.1.16.1,0.0681199742204211,0.09087149770649158,0.049630838375456565,biweekly,weighted,,region_04
2023-08-05,4,XBB.1.16.1,0.06845602726042553,0.0887842652331915,0.05156204540382979,biweekly,weighted,0.0,region_04
2023-08-12,4,XBB.1.16.1,0.07443125453293015,0.09402364416626965,0.05784579681604533,biweekly,weighted,,region_04
2023-08-19,4,XBB.1.16.1,0.08040648180543478,0.09926302309934783,0.06412954822826088,biweekly,weighted,0.0,region_04
2023-08-26,4,XBB.1.16.1,0.06887956300538406,0.08847466803000725,0.05258022946157488,biweekly,weighted,,region_04
2023-09-02,4,XBB.1.16.1,0.05735264420533333,0.07768631296066666,0.041030910694888886,biweekly,weighted,0.0,region_04
2023-09-09,4,XBB.1.16.1,0.04771450592914393,0.06569983353749242,0.03349298477039899,biweekly,weighted,,region_04
2023-09-16,4,XBB.1.16.1,0.038076367652954544,0.053713354114318185,0.025955058845909092,biweekly,weighted,0.0,region_04
2023-09-23,4,XBB.1.16.1,0.0367315551001982,0.055997633280414905,0.02281342132493129,biweekly,weighted,,region_04
2023-09-30,4,XBB.1.16.1,0.03538674254744186,0.058281912446511625,0.01967178380395349,biweekly,weighted,0.0,region_04
2023-08-19,4,XBB.1.16.11,0.03382148577434783,0.047159500906086955,0.023402607675,biweekly,weighted,0.0,region_04
2023-08-26,4,XBB.1.16.11,0.04003680865961835,0.05501069608115458,0.028195361288722222,biweekly,weighted,,region_04
2023-09-02,4,XBB.1.16.11,0.046252131544888886,0.06286189125622221,0.032988114902444444,biweekly,weighted,0.0,region_04
2023-09-09,4,XBB.1.16.11,0.044414298481080805,0.060790612173792925,0.03141310985963131,biweekly,weighted,,region_04
2023-09-16,4,XBB.1.16.11,0.04257646541727273,0.05871933309136364,0.02983810481681818,biweekly,weighted,0.0,region_04
2023-09-23,4,XBB.1.16.11,0.03757679629642706,0.05598811805451903,0.02407172619980444,biweekly,weighted,,region_04
2023-09-30,4,XBB.1.16.11,0.032577127175581394,0.05325690301767442,0.018305347582790697,biweekly,weighted,0.0,region_04
2023-10-07,4,XBB.1.16.11,0.03895027813624308,0.06274841956240863,0.022298672399728683,biweekly,weighted,,region_04
2023-10-14,4,XBB.1.16.11,0.04532342909690476,0.07223993610714285,0.026291997216666668,biweekly,weighted,0.0,region_04
2023-10-21,4,XBB.1.16.11,0.0426308910716369,0.06877277464410714,0.02434935495875,biweekly,weighted,,region_04
2023-10-28,4,XBB.1.16.11,0.03993835304636904,0.06530561318107143,0.022406712700833335,biweekly,weighted,,region_04
2023-11-04,4,XBB.1.16.11,0.03724581502110119,0.06183845171803572,0.02046407044291667,biweekly,weighted,,region_04
2023-11-11,4,XBB.1.16.11,0.03455327699583333,0.058371290255000007,0.018521428185,biweekly,weighted,0.0,region_04
2023-09-02,4,XBB.1.16.15,0.016873967233555554,0.025746697601555554,0.010441197434222222,biweekly,weighted,0.0,region_04
2023-09-09,4,XBB.1.16.15,0.019159070868709594,0.02881816581941414,0.012073727468929294,biweekly,weighted,,region_04
2023-09-16,4,XBB.1.16.15,0.021444174503863635,0.03188963403727273,0.013706257503636365,biweekly,weighted,0.0,region_04
2023-09-23,4,XBB.1.16.15,0.020385181134880536,0.03322390876363636,0.011646280881048951,biweekly,weighted,,region_04
2023-09-30,4,XBB.1.16.15,0.019326187765897437,0.03455818349,0.009586304258461539,biweekly,weighted,0.0,region_04
2023-06-10,4,XBB.1.16.6,0.03225002781692307,0.05715953673307693,0.016127613015384616,biweekly,weighted,0.0,region_04
2023-06-17,4,XBB.1.16.6,0.04434935877228414,0.07065536585888933,0.026183762409548665,biweekly,weighted,,region_04
2023-06-24,4,XBB.1.16.6,0.056448689727645204,0.08415119498470172,0.03623991180371272,biweekly,weighted,,region_04
2023-07-01,4,XBB.1.16.6,0.06854802068300628,0.09764702411051412,0.04629606119787677,biweekly,weighted,,region_04
2023-07-08,4,XBB.1.16.6,0.08064735163836734,0.11114285323632653,0.05635221059204082,biweekly,weighted,0.0,region_04
2023-07-15,4,XBB.1.16.6,0.072802576600642,0.1008519212674341,0.050577220221645416,biweekly,weighted,,region_04
2023-07-22,4,XBB.1.16.6,0.06495780156291667,0.09056098929854167,0.04480222985125001,biweekly,weighted,0.0,region_04
2023-07-29,4,XBB.1.16.6,0.07839879785592642,0.10287653074352615,0.058337517914667555,biweekly,weighted,,region_04
2023-08-05,4,XBB.1.16.6,0.09183979414893617,0.11519207218851063,0.07187280597808511,biweekly,weighted,0.0,region_04
2023-08-12,4,XBB.1.16.6,0.11211571676305504,0.14044286341360313,0.08774872320773822,biweekly,weighted,,region_04
2023-08-19,4,XBB.1.16.6,0.1323916393771739,0.16569365463869565,0.10362464043739131,biweekly,weighted,0.0,region_04
2023-08-26,4,XBB.1.16.6,0.13403180067369808,0.16962555134757004,0.10351077112836232,biweekly,weighted,,region_04
2023-09-02,4,XBB.1.16.6,0.13567196197022222,0.17355744805644444,0.10339690181933332,biweekly,weighted,0.0,region_04
2023-09-09,4,XBB.1.16.6,0.13330919122090656,0.16587168330924495,0.10513137372000758,biweekly,weighted,,region_04
2023-09-16,4,XBB.1.16.6,0.1309464204715909,0.15818591856204545,0.10686584562068183,biweekly,weighted,0.0,region_04
2023-09-23,4,XBB.1.16.6,0.1266325978127722,0.16114407391544133,0.09741744806278277,biweekly,weighted,,region_04
2023-09-30,4,XBB.1.16.6,0.12231877515395348,0.16410222926883722,0.08796905050488371,biweekly,weighted,0.0,region_04
2023-10-07,4,XBB.1.16.6,0.12850509866923865,0.1766535327223948,0.08955805286708471,biweekly,weighted,,region_04
2023-10-14,4,XBB.1.16.6,0.13469142218452382,0.18920483617595238,0.0911470552292857,biweekly,weighted,0.0,region_04
2023-10-21,4,XBB.1.16.6,0.10665937814583334,0.1506232617515476,0.07189627053892857,biweekly,weighted,,region_04
2023-10-28,4,XBB.1.16.6,0.07862733410714286,0.11204168732714286,0.05264548584857143,biweekly,weighted,0.0,region_04
2023-11-04,4,XBB.1.16.6,0.07246038564537144,0.10986021605997143,0.04493751332188571,biweekly,weighted,,region_04
2023-11-11,4,XBB.1.16.6,0.0662934371836,0.1076787447928,0.0372295407952,biweekly,weighted,0.0,region_04
2022-12-10,4,XBB.1.5,0.018054297503333334,0.02801766256944445,0.01092163147388889,weekly,weighted,0.0,region_04
2022-12-17,4,XBB.1.5,0.04431617313843138,0.05830470390119281,0.03308177828400327,weekly,weighted,,region_04
2022-12-24,4,XBB.1.5,0.07057804877352941,0.08859174523294117,0.05524192509411765,weekly,weighted,0.0,region_04
2022-12-31,4,XBB.1.5,0.11228808201875,0.143098293803125,0.08611636469125,weekly,weighted,0.0,region_04
2023-01-07,4,XBB.1.5,0.18742733399133332,0.24798453052799999,0.13634090820999997,weekly,weighted,0.0,region_04
2023-01-14,4,XBB.1.5,0.29783173331357143,0.3804705057828571,0.22389099427642858,weekly,weighted,0.0,region_04
2023-01-21,4,XBB.1.5,0.3745107261030769,0.4495406265438462,0.30369269847846153,weekly,weighted,0.0,region_04
2023-01-28,4,XBB.1.5,0.46590758860166664,0.54897833864,0.38420628011166663,weekly,weighted,0.0,region_04
2023-02-04,4,XBB.1.5,0.5720962882036363,0.6128182086072728,0.53063152595,weekly,weighted,0.0,region_04
2023-02-11,4,XBB.1.5,0.672232586146,0.720700323582,0.6208887457829999,weekly,weighted,0.0,region_04
2023-02-18,4,XBB.1.5,0.7436048256022222,0.77659563886,0.70840750138,weekly,weighted,0.0,region_04
2023-02-25,4,XBB.1.5,0.8145390748975,0.84248074144125,0.78392662108125,weekly,weighted,0.0,region_04
2023-03-04,4,XBB.1.5,0.8471001046057143,0.8715674962314285,0.8199873311185714,weekly,weighted,0.0,region_04
2023-03-11,4,XBB.1.5,0.8273234665399999,0.8727160990266666,0.7734704415016668,weekly,weighted,0.0,region_04
2023-03-18,4,XBB.1.5,0.854321551324,0.890348470214,0.81185605526,weekly,weighted,0.0,region_04
2023-03-25,4,XBB.1.5,0.84217967093,0.884298324585,0.792054861785,weekly,weighted,0.0,region_04
2023-04-01,4,XBB.1.5,0.85890732209,0.8877548178033333,0.8258796334233334,weekly,weighted,0.0,region_04
2023-04-08,4,XBB.1.5,0.81487086415,0.85234975815,0.772488981485,weekly,weighted,0.0,region_04
2023-04-15,4,XBB.1.5,0.7841520667072728,0.8127385973929091,0.7533643928449091,biweekly,weighted,0.0,region_04
2023-04-22,4,XBB.1.5,0.7503463666743772,0.785143364910899,0.7130255516231953,biweekly,weighted,,region_04
2023-04-29,4,XBB.1.5,0.7165406666414815,0.7575481324288889,0.6726867104014814,biweekly,weighted,0.0,region_04
2023-05-06,4,XBB.1.5,0.6770565563002691,0.7155047055417085,0.6365930020576275,biweekly,weighted,,region_04
2023-05-13,4,XBB.1.5,0.6375724459590566,0.6734612786545283,0.6004992937137735,biweekly,weighted,0.0,region_04
2023-05-20,4,XBB.1.5,0.5910308924763465,0.6344931782265824,0.546624460527455,biweekly,weighted,,region_04
2023-05-27,4,XBB.1.5,0.5444893389936364,0.5955250777986364,0.4927496273411363,biweekly,weighted,0.0,region_04
2023-06-03,4,XBB.1.5,0.46770687182196524,0.5361375373631417,0.4014155388590976,biweekly,weighted,,region_04
2023-06-10,4,XBB.1.5,0.39092440465029415,0.476749996927647,0.31008145037705886,biweekly,weighted,0.0,region_04
2023-06-17,4,XBB.1.5,0.348817254399036,0.4337106162358605,0.27076683602482576,biweekly,weighted,,region_04
2023-06-24,4,XBB.1.5,0.3067101041477778,0.390671235544074,0.2314522216725926,biweekly,weighted,0.0,region_04
2023-07-01,4,XBB.1.5,0.25711096042633785,0.3209388935633636,0.19992382195976569,biweekly,weighted,,region_04
2023-07-08,4,XBB.1.5,0.20751181670489796,0.2512065515826531,0.16839542224693876,biweekly,weighted,0.0,region_04
2023-07-15,4,XBB.1.5,0.17823608432411564,0.2205295700415349,0.14116820204232355,biweekly,weighted,,region_04
2023-07-22,4,XBB.1.5,0.14896035194333332,0.18985258850041667,0.11394098183770833,biweekly,weighted,0.0,region_04
2023-07-29,4,XBB.1.5,0.1421563271827305,0.1790118341848892,0.1103956656005563,biweekly,weighted,,region_04
2023-08-05,4,XBB.1.5,0.13535230242212767,0.16817107986936172,0.10685034936340426,biweekly,weighted,0.0,region_04
2023-08-12,4,XBB.1.5,0.1148087504193247,0.14125330314902868,0.0917670992300717,biweekly,weighted,,region_04
2023-08-19,4,XBB.1.5,0.09426519841652174,0.11433552642869564,0.07668384909673913,biweekly,weighted,0.0,region_04
2023-08-26,4,XBB.1.5,0.07873454236648308,0.09829033128201449,0.062060084525258456,biweekly,weighted,,region_04
2023-09-02,4,XBB.1.5,0.06320388631644444,0.08224513613533334,0.047436319953777784,biweekly,weighted,0.0,region_04
2023-09-09,4,XBB.1.5,0.054938284339699495,0.07376871213050758,0.039777348974502524,biweekly,weighted,,region_04
2023-09-16,4,XBB.1.5,0.04667268236295454,0.06529228812568182,0.03211837799522727,biweekly,weighted,0.0,region_04
2023-09-23,4,XBB.1.5,0.04206860981733093,0.06519977092345067,0.02568777960310144,biweekly,weighted,,region_04
2023-09-30,4,XBB.1.5,0.037464537271707316,0.06510725372121952,0.01925718121097561,biweekly,weighted,0.0,region_04
2023-10-07,4,XBB.1.5,0.033523727436686995,0.05726973022168119,0.01769389053465447,biweekly,weighted,,region_04
2023-10-14,4,XBB.1.5,0.029582917601666668,0.04943220672214286,0.016130599858333334,biweekly,weighted,0.0,region_04
2023-02-11,4,XBB.1.5.1,0.012997601493333334,0.020834744182222222,0.007537846297777777,weekly,weighted,0.0,region_04
2023-02-18,4,XBB.1.5.1,0.01698192085,0.02985945281666667,0.008643743583333334,weekly,weighted,0.0,region_04
2023-02-25,4,XBB.1.5.1,0.022014908725,0.03646529139875,0.0121809003175,weekly,weighted,0.0,region_04
2023-03-04,4,XBB.1.5.1,0.02527324216857143,0.037157791,0.016378883007142856,weekly,weighted,0.0,region_04
2023-03-11,4,XBB.1.5.1,0.02082786709,0.03605200723,0.0108277034,weekly,weighted,0.0,region_04
2023-03-18,4,XBB.1.5.1,0.021402481010000002,0.037518955765,0.010921664535,weekly,weighted,0.0,region_04
2023-03-25,4,XBB.1.5.1,0.019601994660000004,0.0343840659275,0.0099998281025,weekly,weighted,,region_04
2023-04-01,4,XBB.1.5.1,0.017801508310000002,0.03124917609,0.00907799167,weekly,weighted,0.0,region_04
2023-04-08,4,XBB.1.5.1,0.019809194757090913,0.032093842119,0.011376302506272726,weekly,weighted,,region_04
2023-04-15,4,XBB.1.5.1,0.02181688120418182,0.032938508148,0.013674613342545454,biweekly,weighted,0.0,region_04
2023-04-22,4,XBB.1.5.1,0.021123596577428818,0.032711887790009435,0.012836297347663807,biweekly,weighted,,region_04
2023-04-29,4,XBB.1.5.1,0.020430311950675815,0.03248526743201886,0.011997981352782162,biweekly,weighted,,region_04
2023-05-06,4,XBB.1.5.1,0.019737027323922813,0.0322586470740283,0.011159665357900516,biweekly,weighted,,region_04
2023-05-13,4,XBB.1.5.1,0.01904374269716981,0.032032026716037734,0.010321349363018869,biweekly,weighted,0.0,region_04
2023-04-15,4,XBB.1.5.10,0.02254816647245283,0.03775957978830189,0.012283486436981132,biweekly,weighted,0.0,region_04
2023-04-22,4,XBB.1.5.10,0.02323089301513477,0.03913511262556604,0.012549710640768194,biweekly,weighted,,region_04
2023-04-29,4,XBB.1.5.10,0.02391361955781671,0.04051064546283019,0.012815934844555255,biweekly,weighted,,region_04
2023-05-06,4,XBB.1.5.10,0.024596346100498653,0.04188617830009434,0.013082159048342317,biweekly,weighted,,region_04
2023-05-13,4,XBB.1.5.10,0.025279072643180592,0.043261711137358494,0.01334838325212938,biweekly,weighted,,region_04
2023-05-20,4,XBB.1.5.10,0.025961799185862534,0.04463724397462265,0.013614607455916443,biweekly,weighted,,region_04
2023-05-27,4,XBB.1.5.10,0.026644525728544474,0.04601277681188679,0.013880831659703503,biweekly,weighted,,region_04
2023-06-03,4,XBB.1.5.10,0.027327252271226416,0.047388309649150945,0.014147055863490566,biweekly,weighted,,region_04
2023-06-10,4,XBB.1.5.10,0.028009978813908355,0.0487638424864151,0.014413280067277628,biweekly,weighted,,region_04
2023-06-17,4,XBB.1.5.10,0.028692705356590298,0.05013937532367924,0.01467950427106469,biweekly,weighted,,region_04
2023-06-24,4,XBB.1.5.10,0.02937543189927224,0.051514908160943396,0.014945728474851752,biweekly,weighted,,region_04
2023-07-01,4,XBB.1.5.10,0.03005815844195418,0.05289044099820755,0.015211952678638814,biweekly,weighted,,region_04
2023-07-08,4,XBB.1.5.10,0.030740884984636122,0.0542659738354717,0.015478176882425877,biweekly,weighted,,region_04
2023-07-15,4,XBB.1.5.10,0.03142361152731806,0.055641506672735846,0.015744401086212938,biweekly,weighted,,region_04
2023-07-22,4,XBB.1.5.10,0.032106338070000004,0.05701703951,0.01601062529,biweekly,weighted,0.0,region_04
2023-07-08,4,XBB.1.5.70,0.031363668543333334,0.05539320471333333,0.015772898681666665,biweekly,weighted,0.0,region_04
2023-07-15,4,XBB.1.5.70,0.0273578644275,0.0484059783625,0.013733559521249997,biweekly,weighted,,region_04
2023-07-22,4,XBB.1.5.70,0.023352060311666666,0.041418752011666664,0.011694220360833332,biweekly,weighted,,region_04
2023-07-29,4,XBB.1.5.70,0.019346256195833335,0.03443152566083333,0.009654881200416666,biweekly,weighted,,region_04
2023-08-05,4,XBB.1.5.70,0.01534045208,0.02744429931,0.00761554204,biweekly,weighted,0.0,region_04
2023-08-12,4,XBB.1.5.70,0.01633824210125,0.02784426230875,0.00874501676375,biweekly,weighted,,region_04
2023-08-19,4,XBB.1.5.70,0.0173360321225,0.0282442253075,0.0098744914875,biweekly,weighted,0.0,region_04
2023-08-26,4,XBB.1.5.70,0.01740195730125,0.02931248303375,0.009451718768749999,biweekly,weighted,,region_04
2023-09-02,4,XBB.1.5.70,0.01746788248,0.03038074076,0.00902894605,biweekly,weighted,0.0,region_04
2023-09-09,4,XBB.1.5.70,0.018716858418,0.032531497068,0.009678905038,biweekly,weighted,,region_04
2023-09-16,4,XBB.1.5.70,0.019965834356,0.034682253376,0.010328864026,biweekly,weighted,,region_04
2023-09-23,4,XBB.1.5.70,0.021214810294,0.036833009684,0.010978823014,biweekly,weighted,,region_04
2023-09-30,4,XBB.1.5.70,0.022463786232,0.038983765992,0.011628782002,biweekly,weighted,0.0,region_04
2023-07-08,4,XBB.1.5.72,0.03363293676769231,0.054769548754615385,0.018990909919487178,biweekly,weighted,0.0,region_04
2023-07-15,4,XBB.1.5.72,0.03163068228501923,0.05195530942614904,0.017662220749802882,biweekly,weighted,,region_04
2023-07-22,4,XBB.1.5.72,0.029628427802346154,0.04914107009768269,0.01633353158011859,biweekly,weighted,,region_04
2023-07-29,4,XBB.1.5.72,0.027626173319673077,0.04632683076921634,0.015004842410434295,biweekly,weighted,,region_04
2023-08-05,4,XBB.1.5.72,0.025623918837,0.043512591440749995,0.01367615324075,biweekly,weighted,0.0,region_04
2023-08-12,4,XBB.1.5.72,0.02555972951306522,0.04047180853733152,0.015115208249614131,biweekly,weighted,,region_04
2023-08-19,4,XBB.1.5.72,0.025495540189130434,0.03743102563391304,0.016554263258478263,biweekly,weighted,0.0,region_04
2023-08-26,4,XBB.1.5.72,0.017392557695787438,0.026539855370400964,0.010796553586683575,biweekly,weighted,,region_04
2023-09-02,4,XBB.1.5.72,0.009289575202444444,0.01564868510688889,0.005038843914888889,biweekly,weighted,0.0,region_04
2023-03-11,4,XBB.1.9.1,0.020081482828333334,0.033578573415,0.010970928396666668,weekly,weighted,0.0,region_04
2023-03-18,4,XBB.1.9.1,0.03349318728,0.058328580113333334,0.01719423073,weekly,weighted,0.0,region_04
2023-03-25,4,XBB.1.9.1,0.03242030088,0.05510380864416667,0.0172549009625,weekly,weighted,,region_04
2023-04-01,4,XBB.1.9.1,0.03134741448,0.051879037175,0.017315571194999997,weekly,weighted,0.0,region_04
2023-04-08,4,XBB.1.9.1,0.05035191402,0.07408857346,0.03247136064,weekly,weighted,0.0,region_04
2023-04-15,4,XBB.1.9.1,0.037593296508909094,0.05123821049945454,0.026737979324909088,biweekly,weighted,0.0,region_04
2023-04-22,4,XBB.1.9.1,0.04894506501204714,0.06525772477454209,0.035721650116898984,biweekly,weighted,,region_04
2023-04-29,4,XBB.1.9.1,0.06029683351518518,0.07927723904962962,0.04470532090888889,biweekly,weighted,0.0,region_04
2023-05-06,4,XBB.1.9.1,0.06945797990768693,0.09096899762830538,0.05171011408670859,biweekly,weighted,,region_04
2023-05-13,4,XBB.1.9.1,0.07861912630018868,0.10266075620698113,0.0587149072645283,biweekly,weighted,0.0,region_04
2023-05-20,4,XBB.1.9.1,0.08423804424307052,0.11730645765694295,0.05831807758774034,biweekly,weighted,,region_04
2023-05-27,4,XBB.1.9.1,0.08985696218595238,0.13195215910690475,0.057921247910952385,biweekly,weighted,0.0,region_04
2023-06-03,4,XBB.1.9.1,0.08446665910360118,0.12897320627235864,0.05176250689172619,biweekly,weighted,,region_04
2023-06-10,4,XBB.1.9.1,0.07907635602125,0.1259942534378125,0.0456037658725,biweekly,weighted,0.0,region_04
2023-06-17,4,XBB.1.9.1,0.07871464853927884,0.12463834242313702,0.045793181490288465,biweekly,weighted,,region_04
2023-06-24,4,XBB.1.9.1,0.0783529410573077,0.12328243140846154,0.04598259710807692,biweekly,weighted,0.0,region_04
2023-07-01,4,XBB.1.9.1,0.06637603624681712,0.10411605447616953,0.03922968588607928,biweekly,weighted,,region_04
2023-07-08,4,XBB.1.9.1,0.054399131436326534,0.08494967754387754,0.03247677466408164,biweekly,weighted,0.0,region_04
2023-07-15,4,XBB.1.9.1,0.0545438705879505,0.08585022806587495,0.03217715400927486,biweekly,weighted,,region_04
2023-07-22,4,XBB.1.9.1,0.05468860973957446,0.08675077858787235,0.031877533354468086,biweekly,weighted,0.0,region_04
2023-07-29,4,XBB.1.9.1,0.05633874063148936,0.08583682466372342,0.03473562899819149,biweekly,weighted,,region_04
2023-08-05,4,XBB.1.9.1,0.057988871523404255,0.08492287073957447,0.03759372464191489,biweekly,weighted,0.0,region_04
2023-08-12,4,XBB.1.9.1,0.04667298705648473,0.07056933214087419,0.02911431339856614,biweekly,weighted,,region_04
2023-08-19,4,XBB.1.9.1,0.03535710258956522,0.05621579354217392,0.02063490215521739,biweekly,weighted,0.0,region_04
2023-08-26,4,XBB.1.9.1,0.03820181807889372,0.05565403057564251,0.02518413793838647,biweekly,weighted,,region_04
2023-09-02,4,XBB.1.9.1,0.04104653356822222,0.05509226760911111,0.029733373721555552,biweekly,weighted,0.0,region_04
2023-09-09,4,XBB.1.9.1,0.03024712848547475,0.04211049423285101,0.021025827821914138,biweekly,weighted,,region_04
2023-09-16,4,XBB.1.9.1,0.019447723402727272,0.02912872085659091,0.012318281922272727,biweekly,weighted,0.0,region_04
2023-04-29,4,XBB.1.9.2,0.02179134509462963,0.0347634742937037,0.012701362837037036,biweekly,weighted,0.0,region_04
2023-05-06,4,XBB.1.9.2,0.03023020767901293,0.05013709680298393,0.01666176569078267,biweekly,weighted,,region_04
2023-05-13,4,XBB.1.9.2,0.03866907026339623,0.06551071931226415,0.0206221685445283,biweekly,weighted,0.0,region_04
2023-05-20,4,XBB.1.9.2,0.037338945101698114,0.06341334024613207,0.01984676014226415,biweekly,weighted,,region_04
2023-05-27,4,XBB.1.9.2,0.03600881994,0.06131596118,0.01907135174,biweekly,weighted,0.0,region_04
2023-06-03,4,XBB.1.9.2,0.03596274556819728,0.0606667799287415,0.019316519182414966,biweekly,weighted,,region_04
2023-06-10,4,XBB.1.9.2,0.03591667119639456,0.060017598677483,0.01956168662482993,biweekly,weighted,,region_04
2023-06-17,4,XBB.1.9.2,0.03587059682459184,0.05936841742622449,0.019806854067244896,biweekly,weighted,,region_04
2023-06-24,4,XBB.1.9.2,0.035824522452789116,0.05871923617496599,0.020052021509659863,biweekly,weighted,,region_04
2023-07-01,4,XBB.1.9.2,0.035778448080986396,0.05807005492370749,0.020297188952074826,biweekly,weighted,,region_04
2023-07-08,4,XBB.1.9.2,0.035732373709183675,0.05742087367244898,0.020542356394489793,biweekly,weighted,0.0,region_04
2023-07-15,4,XBB.1.9.2,0.03264698436343031,0.052191033534283546,0.01891539989225032,biweekly,weighted,,region_04
2023-07-22,4,XBB.1.9.2,0.029561595017676946,0.04696119339611811,0.017288443390010854,biweekly,weighted,,region_04
2023-07-29,4,XBB.1.9.2,0.02647620567192358,0.04173135325795267,0.015661486887771386,biweekly,weighted,,region_04
2023-08-05,4,XBB.1.9.2,0.023390816326170214,0.036501513119787235,0.014034530385531915,biweekly,weighted,0.0,region_04
2023-08-12,4,XBB.1.9.2,0.021418168109960105,0.03519760015301862,0.012027141000265957,biweekly,weighted,,region_04
2023-08-19,4,XBB.1.9.2,0.01944551989375,0.03389368718625,0.010019751615,biweekly,weighted,0.0,region_04
2023-08-26,4,XBB.1.9.2,0.01819830257425,0.030411373032875,0.009981207072375,biweekly,weighted,,region_04
2023-09-02,4,XBB.1.9.2,0.01695108525475,0.0269290588795,0.00994266252975,biweekly,weighted,0.0,region_04
2023-05-13,4,XBB.2.3,0.01779601329888889,0.03165956690111111,0.008899491797777777,biweekly,weighted,0.0,region_04
2023-05-20,4,XBB.2.3,0.030868085779767025,0.05138154235442652,0.01693476434953405,biweekly,weighted,,region_04
2023-05-27,4,XBB.2.3,0.04394015826064516,0.07110351780774193,0.02497003690129032,biweekly,weighted,0.0,region_04
2023-06-03,4,XBB.2.3,0.05853171326779156,0.0925945746934026,0.034212086631544666,biweekly,weighted,,region_04
2023-06-10,4,XBB.2.3,0.07312326827493797,0.11408563157906328,0.04345413636179901,biweekly,weighted,,region_04
2023-06-17,4,XBB.2.3,0.08771482328208437,0.13557668846472395,0.05269618609205335,biweekly,weighted,,region_04
2023-06-24,4,XBB.2.3,0.10230637828923077,0.15706774535038462,0.061938235822307695,biweekly,weighted,0.0,region_04
2023-07-01,4,XBB.2.3,0.08673872236410518,0.1306313952341719,0.054001003057786504,biweekly,weighted,,region_04
2023-07-08,4,XBB.2.3,0.0711710664389796,0.10419504511795918,0.046063770293265305,biweekly,weighted,0.0,region_04
2023-07-15,4,XBB.2.3,0.07195084644188562,0.10138465485668793,0.04898596181757016,biweekly,weighted,,region_04
2023-07-22,4,XBB.2.3,0.07273062644479167,0.09857426459541667,0.051908153341875006,biweekly,weighted,0.0,region_04
2023-07-29,4,XBB.2.3,0.07987310179026819,0.10372774446941047,0.06010308664306517,biweekly,weighted,,region_04
2023-08-05,4,XBB.2.3,0.08701557713574469,0.10888122434340426,0.06829801994425533,biweekly,weighted,0.0,region_04
2023-08-12,4,XBB.2.3,0.07513403563982887,0.0946328522922456,0.0585575427237581,biweekly,weighted,,region_04
2023-08-19,4,XBB.2.3,0.06325249414391304,0.08038448024108695,0.04881706550326087,biweekly,weighted,0.0,region_04
2023-08-26,4,XBB.2.3,0.062003230298734294,0.08011796256765458,0.046943036208074884,biweekly,weighted,,region_04
2023-09-02,4,XBB.2.3,0.060753966453555554,0.07985144489422222,0.04506900691288889,biweekly,weighted,0.0,region_04
2023-09-09,4,XBB.2.3,0.060724343101436866,0.07871745480165657,0.045800334374853535,biweekly,weighted,,region_04
2023-09-16,4,XBB.2.3,0.06069471974931818,0.07758346470909092,0.04653166183681818,biweekly,weighted,0.0,region_04
2023-09-23,4,XBB.2.3,0.05614926359465909,0.07684204117791756,0.03985667001864165,biweekly,weighted,,region_04
2023-09-30,4,XBB.2.3,0.05160380744,0.0761006176467442,0.033181678200465116,biweekly,weighted,0.0,region_04
2023-10-07,4,XBB.2.3,0.04628907702375,0.07048690970880815,0.028697113511598836,biweekly,weighted,,region_04
2023-10-14,4,XBB.2.3,0.0409743466075,0.0648732017708721,0.024212548822732556,biweekly,weighted,,region_04
2023-10-21,4,XBB.2.3,0.03565961619125,0.05925949383293605,0.01972798413386628,biweekly,weighted,,region_04
2023-10-28,4,XBB.2.3,0.030344885775,0.053645785895,0.015243419445,biweekly,weighted,0.0,region_04
2024-10-26,4,XEC,0.20170806721,0.3347743898625,0.10395266860749999,biweekly,weighted,0.0,region_04
2024-11-02,4,XEC,0.21516595850833334,0.34807266822640626,0.1158735927508854,biweekly,weighted,,region_04
2024-11-09,4,XEC,0.22862384980666667,0.36137094659031255,0.12779451689427082,biweekly,weighted,,region_04
2024-11-16,4,XEC,0.242081741105,0.3746692249542188,0.13971544103765624,biweekly,weighted,,region_04
2024-11-23,4,XEC,0.2555396324033333,0.387967503318125,0.15163636518104165,biweekly,weighted,,region_04
2024-11-30,4,XEC,0.2689975237016667,0.4012657816820313,0.16355728932442706,biweekly,weighted,,region_04
2024-12-07,4,XEC,0.282455415,0.41456406004593754,0.17547821346781248,biweekly,weighted,,region_04
2024-12-14,4,XEC,0.29591330629833335,0.4278623384098438,0.1873991376111979,biweekly,weighted,,region_04
2024-12-21,4,XEC,0.30937119759666665,0.44116061677375007,0.19932006175458333,biweekly,weighted,,region_04
2024-12-28,4,XEC,0.322829088895,0.4544588951376563,0.21124098589796875,biweekly,weighted,,region_04
2025-01-04,4,XEC,0.33628698019333336,0.46775717350156254,0.22316191004135416,biweekly,weighted,,region_04
2025-01-11,4,XEC,0.34974487149166666,0.4810554518654688,0.23508283418473958,biweekly,weighted,,region_04
2025-01-18,4,XEC,0.36320276279,0.49435373022937507,0.247003758328125,biweekly,weighted,,region_04
2025-01-25,4,XEC,0.3766606540883333,0.5076520085932813,0.2589246824715104,biweekly,weighted,,region_04
2025-02-01,4,XEC,0.3901185453866667,0.5209502869571876,0.2708456066148958,biweekly,weighted,,region_04
2025-02-08,4,XEC,0.403576436685,0.5342485653210938,0.28276653075828123,biweekly,weighted,,region_04
2025-02-15,4,XEC,0.41703432798333334,0.5475468436850001,0.29468745490166665,biweekly,weighted,0.0,region_04
2025-02-22,4,XEC,0.31272404491766664,0.4343586434915,0.20789312596283333,biweekly,weighted,,region_04
2025-03-01,4,XEC,0.20841376185199997,0.321170443298,0.12109879702399999,biweekly,weighted,0.0,region_04
2021-07-24,5,AY.2,0.010962987384285713,0.019587498558571427,0.00584218079,weekly,weighted,0.0,region_05
2021-06-12,5,AY.3,0.02316234633,0.08010724932,0.00641491264,weekly,weighted,0.0,region_05
2021-06-19,5,AY.3,0.03707364574,0.11621667445,0.01114688814,weekly,weighted,0.0,region_05
2021-06-26,5,AY.3,0.07595296204,0.32528138161,0.01382040698,weekly,weighted,0.0,region_05
2021-07-03,5,AY.3,0.11197645217,0.18588259816,0.06510517746,weekly,weighted,0.0,region_05
2021-07-10,5,AY.3,0.1391479075,0.27793717384,0.06356284022,weekly,weighted,0.0,region_05
2021-07-17,5,AY.3,0.13771139085,0.2252137512,0.08066672087,weekly,weighted,0.0,region_05
2021-07-24,5,AY.3,0.1524336189,0.24587118626,0.09025506675,weekly,weighted,0.0,region_05
2021-01-30,5,B.1,0.03473461289,0.085971558095,0.015399224356999999,biweekly,weighted,0.0,region_05
2021-02-06,5,B.1,0.024733960256,0.062997320388,0.010401142074499999,biweekly,weighted,,region_05
2021-02-13,5,B.1,0.014733307622,0.040023082681,0.005403059792,biweekly,weighted,0.0,region_05
2021-02-20,5,B.1,0.014882347622249999,0.034249876358625,0.0068074417453750004,biweekly,weighted,,region_05
2021-02-27,5,B.1,0.0150313876225,0.02847667003625,0.00821182369875,biweekly,weighted,0.0,region_05
2021-02-13,5,B.1.1,0.01696097665,0.04084965214,0.00694118207,biweekly,weighted,0.0,region_05
2021-02-20,5,B.1.1,0.018116826194999998,0.040368352085,0.008075589545,biweekly,weighted,,region_05
2021-02-27,5,B.1.1,0.01927267574,0.03988705203,0.00920999702,biweekly,weighted,0.0,region_05
2021-01-30,5,B.1.1.519,0.021349726865555557,0.06886532157666667,0.006412649372222222,biweekly,weighted,0.0,region_05
2021-02-06,5,B.1.1.519,0.035804748327777774,0.09459211056555555,0.014040138650555558,biweekly,weighted,,region_05
2021-02-13,5,B.1.1.519,0.05025976979,0.12031889955444444,0.02166762792888889,biweekly,weighted,0.0,region_05
2021-02-20,5,B.1.1.519,0.06105036702333333,0.11373077705666666,0.034645604021666665,biweekly,weighted,,region_05
2021-02-27,5,B.1.1.519,0.07184096425666667,0.10714265455888888,0.04762358011444444,biweekly,weighted,0.0,region_05
2021-12-11,5,B.1.1.529,0.03882275373322034,0.06653008755203389,0.020363154110508475,weekly,weighted,0.0,region_05
2021-12-18,5,B.1.1.529,0.21390926211681158,0.31881457847927536,0.13147712293768116,weekly,weighted,0.0,region_05
2021-12-25,5,B.1.1.529,0.4794420494752941,0.5727728026760295,0.390299421679853,weekly,weighted,0.0,region_05
2022-01-01,5,B.1.1.529,0.65300838805,0.7168501775653731,0.5885064192674627,weekly,weighted,0.0,region_05
2022-01-08,5,B.1.1.529,0.6949190023269697,0.7294150473500001,0.6583690458175757,weekly,weighted,0.0,region_05
2022-01-15,5,B.1.1.529,0.6842217206050001,0.717558155005,0.651124490029697,weekly,weighted,0.0,region_05
2022-01-22,5,B.1.1.529,0.6765261067793846,0.6999236290273847,0.6530088172506153,weekly,weighted,0.0,region_05
2022-01-29,5,B.1.1.529,0.6230428743930159,0.6513414151139683,0.5957778460450794,weekly,weighted,0.0,region_05
2022-02-05,5,B.1.1.529,0.6092840712223809,0.6307456739369841,0.5882823216539683,weekly,weighted,0.0,region_05
2022-02-12,5,B.1.1.529,0.5766028091312904,0.60019905048,0.5541038179111291,weekly,weighted,0.0,region_05
2022-02-19,5,B.1.1.529,0.5628309694506451,0.5849560749146775,0.5411795824767742,weekly,weighted,0.0,region_05
2022-02-26,5,B.1.1.529,0.5224032587695082,0.5470747376078688,0.4968831387695082,weekly,weighted,0.0,region_05
2022-03-05,5,B.1.1.529,0.4605776356940678,0.48290353053677965,0.4385695756744068,weekly,weighted,0.0,region_05
2022-03-12,5,B.1.1.529,0.3983697311886207,0.42979346524034484,0.3661709543439655,weekly,weighted,0.0,region_05
2022-03-19,5,B.1.1.529,0.30416285914568963,0.33388793314327586,0.275278555165,weekly,weighted,0.0,region_05
2022-03-26,5,B.1.1.529,0.1953738187357895,0.2253118407045614,0.16834884607473685,weekly,weighted,0.0,region_05
2022-04-02,5,B.1.1.529,0.12790543579357144,0.15916495823464286,0.10016870435464285,weekly,weighted,0.0,region_05
2022-04-09,5,B.1.1.529,0.06500602878489796,0.07663578095387755,0.05476059711387755,weekly,weighted,0.0,region_05
2022-04-16,5,B.1.1.529,0.036980777129411765,0.04755072199764706,0.028447773568235295,weekly,weighted,0.0,region_05
2022-04-23,5,B.1.1.529,0.03298090045368421,0.04307417630368421,0.024761665416842105,weekly,weighted,0.0,region_05
2022-04-30,5,B.1.1.529,0.01936781820277778,0.028920961130000002,0.01233793251888889,weekly,weighted,0.0,region_05
2022-05-07,5,B.1.1.529,0.00683947900125,0.01139314682125,0.003787444468125,weekly,weighted,0.0,region_05
2022-05-14,5,B.1.1.529,0.004466858832,0.007996798121,0.002224401943,weekly,weighted,0.0,region_05
2021-02-13,5,B.1.1.7,0.026923806248333335,0.04740396049,0.015163536183333335,biweekly,weighted,0.0,region_05
2021-02-20,5,B.1.1.7,0.05006846451666667,0.12077882404791665,0.020268904587916668,biweekly,weighted,,region_05
2021-02-27,5,B.1.1.7,0.073213122785,0.19415368760583332,0.025374272992500002,biweekly,weighted,0.0,region_05
2021-03-06,5,B.1.1.7,0.197191275655,0.368105083705,0.09385933167999999,weekly,weighted,0.0,region_05
2021-03-13,5,B.1.1.7,0.3114010989675,0.4830359071475,0.179449174555,weekly,weighted,0.0,region_05
2021-03-20,5,B.1.1.7,0.41863938421,0.6074663996674999,0.25069931894749997,weekly,weighted,0.0,region_05
2021-03-27,5,B.1.1.7,0.5445341765875,0.7133666276925,0.3640777394175,weekly,weighted,0.0,region_05
2021-04-03,5,B.1.1.7,0.64462813735,0.7694068104025,0.49540475756,weekly,weighted,0.0,region_05
2021-04-10,5,B.1.1.7,0.70340256393,0.8079135417950001,0.5708574503675,weekly,weighted,0.0,region_05
2021-04-17,5,B.1.1.7,0.7283692955975,0.8365194797525,0.5824219435475,weekly,weighted,0.0,region_05
2021-04-24,5,B.1.1.7,0.7312334924925,0.8370207697175001,0.5888317376375,weekly,weighted,0.0,region_05
2021-05-01,5,B.1.1.7,0.744333535435,0.8411433249725,0.6139295846225,weekly,weighted,0.0,region_05
2021-05-08,5,B.1.1.7,0.7514512240883334,0.82564508915,0.6549780766166666,weekly,weighted,0.0,region_05
2021-05-15,5,B.1.1.7,0.7412023411855555,0.8061079250455556,0.6609623829522222,weekly,weighted,0.0,region_05
2021-05-22,5,B.1.1.7,0.7323878407475,0.8089695274812501,0.63533188402625,weekly,weighted,0.0,region_05
2021-05-29,5,B.1.1.7,0.7401016950611111,0.80023535755,0.6678315798444445,weekly,weighted,0.0,region_05
2021-06-05,5,B.1.1.7,0.650979325175,0.73386232555125,0.557586304845,weekly,weighted,0.0,region_05
2021-06-12,5,B.1.1.7,0.6002776887677778,0.6698414484655556,0.5260373949999999,weekly,weighted,0.0,region_05
2021-06-19,5,B.1.1.7,0.5257398287455556,0.6715573271122222,0.3751958542411111,weekly,weighted,0.0,region_05
2021-06-26,5,B.1.1.7,0.37084965573444445,0.5306296481033334,0.2353105710611111,weekly,weighted,0.0,region_05
2021-07-03,5,B.1.1.7,0.20815687212777778,0.28566783997555556,0.14654504590666667,weekly,weighted,0.0,region_05
2021-07-10,5,B.1.1.7,0.07827960534111111,0.13667829748777777,0.04354004520555556,weekly,weighted,0.0,region_05
2021-07-17,5,B.1.1.7,0.04401208543111111,0.07966436693888888,0.023301111327777776,weekly,weighted,0.0,region_05
2021-07-24,5,B.1.1.7,0.014244089599999999,0.0498315123825,0.0039769059525,weekly,weighted,0.0,region_05
2021-07-31,5,B.1.1.7,0.0070768234425,0.01396839041125,0.00357286338125,weekly,weighted,0.0,region_05
2021-01-30,5,B.1.2,0.618435151875,0.71077426523,0.51599869132,biweekly,weighted,0.0,region_05
2021-02-06,5,B.1.2,0.60246327146875,0.68924916908125,0.5081202480931251,biweekly,weighted,,region_05
2021-02-13,5,B.1.2,0.5864913910625,0.6677240729325,0.50024180486625,biweekly,weighted,0.0,region_05
2021-02-20,5,B.1.2,0.545041004195,0.6072531640525001,0.480303380636875,biweekly,weighted,,region_05
2021-02-27,5,B.1.2,0.5035906173275,0.5467822551725,0.46036495640749997,biweekly,weighted,0.0,region_05
2021-03-20,5,B.1.351,0.008031944975,0.0335943661625,0.001882435635,weekly,weighted,0.0,region_05
2021-03-27,5,B.1.351,0.0091933892125,0.0195342097425,0.004302967455,weekly,weighted,0.0,region_05
2021-04-03,5,B.1.351,0.0105579469825,0.023915378377499998,0.00462635688,weekly,weighted,0.0,region_05
2021-04-10,5,B.1.351,0.0093802851625,0.0134920054125,0.0065140149075,weekly,weighted,0.0,region_05
2021-04-17,5,B.1.351,0.00778865232,0.02075436851,0.0029120566325,weekly,weighted,0.0,region_05
2021-04-24,5,B.1.351,0.0069027352175,0.013469363795,0.0035266174275,weekly,weighted,0.0,region_05
2021-05-01,5,B.1.351,0.0076831129825,0.0183292212875,0.00321469939,weekly,weighted,0.0,region_05
2021-05-08,5,B.1.351,0.0058030057699999995,0.0127287043725,0.0026423471875,weekly,weighted,0.0,region_05
2021-05-15,5,B.1.351,0.005911986902,0.013867515512,0.002508858638,weekly,weighted,0.0,region_05
2021-05-22,5,B.1.351,0.008435400946,0.02499187477,0.002816890414,weekly,weighted,0.0,region_05
2021-01-30,5,B.1.427,0.018237346161666668,0.0408719507975,0.008081041895833333,biweekly,weighted,0.0,region_05
2021-02-06,5,B.1.427,0.019047559627083335,0.03633931349,0.010244466907083333,biweekly,weighted,,region_05
2021-02-13,5,B.1.427,0.0198577730925,0.0318066761825,0.012407891918333332,biweekly,weighted,0.0,region_05
2021-02-20,5,B.1.427,0.02359943968875,0.047900595469583335,0.01192850689375,biweekly,weighted,,region_05
2021-02-27,5,B.1.427,0.027341106285,0.06399451475666666,0.011449121869166667,biweekly,weighted,0.0,region_05
2021-03-06,5,B.1.427,0.02776749805,0.08003978431,0.00928845722,weekly,weighted,0.0,region_05
2021-03-13,5,B.1.427,0.03043321334,0.09448318183,0.00935407076,weekly,weighted,0.0,region_05
2021-03-20,5,B.1.427,0.03322717547,0.07078505307,0.01526968088,weekly,weighted,0.0,region_05
2021-03-27,5,B.1.427,0.02169182897,0.05432028696,0.00848636404,weekly,weighted,0.0,region_05
2021-04-03,5,B.1.427,0.01744686812,0.04965885729,0.0059978147,weekly,weighted,0.0,region_05
2021-04-10,5,B.1.427,0.01491401065,0.04560658336,0.00477377931,weekly,weighted,0.0,region_05
2021-04-17,5,B.1.427,0.00860822666,0.02376085892,0.00308807357,weekly,weighted,0.0,region_05
2021-04-24,5,B.1.427,0.00662378594,0.01752471179,0.00248642056,weekly,weighted,0.0,region_05
2021-05-01,5,B.1.427,0.00587640144,0.02175795846,0.00156851474,weekly,weighted,0.0,region_05
2021-05-08,5,B.1.427,0.00750844739,0.01441392023,0.00389818801,weekly,weighted,0.0,region_05
2021-05-15,5,B.1.427,0.00332127092,0.01377813425,0.00079421373,weekly,weighted,0.0,region_05
2021-01-30,5,B.1.429,0.0220998350225,0.06479446589833333,0.007375803931666667,biweekly,weighted,0.0,region_05
2021-02-06,5,B.1.429,0.03114528015,0.06406021863125,0.0163931146575,biweekly,weighted,,region_05
2021-02-13,5,B.1.429,0.0401907252775,0.06332597136416666,0.025410425383333334,biweekly,weighted,0.0,region_05
2021-02-20,5,B.1.429,0.05152355957166667,0.07469228034125,0.03550618941333333,biweekly,weighted,,region_05
2021-02-27,5,B.1.429,0.06285639386583333,0.08605858931833332,0.045601953443333336,biweekly,weighted,0.0,region_05
2021-03-06,5,B.1.429,0.0824130103,0.13335509598,0.049812451,weekly,weighted,0.0,region_05
2021-03-13,5,B.1.429,0.07170790434,0.11885855347,0.04236245155,weekly,weighted,0.0,region_05
2021-03-20,5,B.1.429,0.06094168499,0.08070108294,0.0457793884,weekly,weighted,0.0,region_05
2021-03-27,5,B.1.429,0.04694321007,0.07511713356,0.02900499105,weekly,weighted,0.0,region_05
2021-04-03,5,B.1.429,0.04060079157,0.07178980857,0.02263143845,weekly,weighted,0.0,region_05
2021-04-10,5,B.1.429,0.03196399659,0.06610379368,0.01516955346,weekly,weighted,0.0,region_05
2021-04-17,5,B.1.429,0.0193404071,0.04946903884,0.00741811888,weekly,weighted,0.0,region_05
2021-04-24,5,B.1.429,0.01418612152,0.02982267179,0.00669154199,weekly,weighted,0.0,region_05
2021-05-01,5,B.1.429,0.01302651316,0.02762833051,0.00609352486,weekly,weighted,0.0,region_05
2021-05-08,5,B.1.429,0.00645388709,0.01763121039,0.00234552054,weekly,weighted,0.0,region_05
2021-05-15,5,B.1.429,0.00516634807,0.0113776112,0.00233791769,weekly,weighted,0.0,region_05
2021-04-10,5,B.1.525,0.00228548477,0.011339483473333333,0.0004573030466666667,weekly,weighted,0.0,region_05
2021-04-17,5,B.1.525,0.002173885626666667,0.010538583776666667,0.000445742065,weekly,weighted,,region_05
2021-04-24,5,B.1.525,0.0020622864833333334,0.009737684080000001,0.00043418108333333335,weekly,weighted,0.0,region_05
2021-02-13,5,B.1.526,0.00581800658,0.04911183193,0.00066263153,biweekly,weighted,0.0,region_05
2021-02-20,5,B.1.526,0.010447825964166668,0.04083479067541666,0.0039165196454166665,biweekly,weighted,,region_05
2021-02-27,5,B.1.526,0.015077645348333333,0.03255774942083333,0.007170407760833333,biweekly,weighted,0.0,region_05
2021-03-06,5,B.1.526,0.02998007089,0.05840228498,0.01516708359,weekly,weighted,0.0,region_05
2021-03-13,5,B.1.526,0.027275341873333334,0.06170887065333334,0.012342208066666666,weekly,weighted,0.0,region_05
2021-03-20,5,B.1.526,0.035243934643333336,0.058679690586666666,0.02144612899333333,weekly,weighted,0.0,region_05
2021-03-27,5,B.1.526,0.03870391535333333,0.06265506645333334,0.024216962356666667,weekly,weighted,0.0,region_05
2021-04-03,5,B.1.526,0.050409857186666664,0.08311146622,0.030494946366666668,weekly,weighted,0.0,region_05
2021-04-10,5,B.1.526,0.051847286523333334,0.08365717281666667,0.03212127648666666,weekly,weighted,0.0,region_05
2021-04-17,5,B.1.526,0.052035357799999994,0.07921183730333332,0.03414081844333333,weekly,weighted,0.0,region_05
2021-04-24,5,B.1.526,0.05479684223666667,0.08049652849666666,0.03695365910666667,weekly,weighted,0.0,region_05
2021-05-01,5,B.1.526,0.0577136601,0.09607490772999999,0.03406226013666667,weekly,weighted,0.0,region_05
2021-05-08,5,B.1.526,0.05255714679666667,0.08487262328666667,0.03211208122333333,weekly,weighted,0.0,region_05
2021-05-15,5,B.1.526,0.056155162306000005,0.078802319616,0.039665479958,weekly,weighted,0.0,region_05
2021-05-22,5,B.1.526,0.040720129386,0.07974018230999999,0.020709110796,weekly,weighted,0.0,region_05
2021-05-29,5,B.1.526,0.052110455183999996,0.097056494652,0.027309270015999997,weekly,weighted,0.0,region_05
2021-06-05,5,B.1.526,0.03812715318,0.0984456297025,0.014277919545,weekly,weighted,0.0,region_05
2021-06-12,5,B.1.526,0.04083820432,0.09440199286,0.01709292084,weekly,weighted,0.0,region_05
2021-06-19,5,B.1.526,0.0293168171,0.07548376173,0.011047373526666668,weekly,weighted,0.0,region_05
2021-02-27,5,B.1.526.1,0.0060014547,0.06966054812166667,0.0004996655583333333,biweekly,weighted,0.0,region_05
2021-01-30,5,B.1.596,0.09281151183,0.10962460749,0.078433571385,biweekly,weighted,0.0,region_05
2021-02-06,5,B.1.596,0.07967036869375,0.117565953175,0.05631021270625,biweekly,weighted,,region_05
2021-02-13,5,B.1.596,0.0665292255575,0.12550729886,0.0341868540275,biweekly,weighted,0.0,region_05
2021-02-20,5,B.1.596,0.07246728148125,0.13675394282,0.037102177273749995,biweekly,weighted,,region_05
2021-02-27,5,B.1.596,0.078405337405,0.14800058678,0.04001750052,biweekly,weighted,0.0,region_05
2021-04-10,5,B.1.617.1,0.00176949613,0.0136264693,0.000227405435,weekly,weighted,0.0,region_05
2021-04-17,5,B.1.617.1,0.002172235865,0.00471950439,0.0009984867950000001,weekly,weighted,0.0,region_05
2021-04-17,5,B.1.617.2,0.001463611205,0.011051046427499999,0.000192243065,weekly,weighted,0.0,region_05
2021-04-24,5,B.1.617.2,0.0058473554675,0.011430927085,0.0029837802275,weekly,weighted,0.0,region_05
2021-05-01,5,B.1.617.2,0.01111937943,0.0296413549225,0.004122403975,weekly,weighted,0.0,region_05
2021-05-08,5,B.1.617.2,0.009463984586867471,0.015354674612650603,0.005474405531325301,weekly,weighted,0.0,region_05
2021-05-15,5,B.1.617.2,0.01612997561883721,0.027787072259186047,0.00868727351732558,weekly,weighted,0.0,region_05
2021-05-22,5,B.1.617.2,0.028945715330941174,0.049532826156470595,0.01542513664129412,weekly,weighted,0.0,region_05
2021-05-29,5,B.1.617.2,0.0526873995775,0.09397503378869047,0.02703798009035714,weekly,weighted,0.0,region_05
2021-06-05,5,B.1.617.2,0.09682173697744187,0.17684771415093023,0.04688628100209302,weekly,weighted,0.0,region_05
2021-06-12,5,B.1.617.2,0.1898717385882353,0.24686411636729413,0.14166010837364706,weekly,weighted,0.0,region_05
2021-06-19,5,B.1.617.2,0.3094329904108235,0.4172523985890588,0.21594455312294117,weekly,weighted,0.0,region_05
2021-06-26,5,B.1.617.2,0.4978307835580233,0.607513801996279,0.38969392935872094,weekly,weighted,0.0,region_05
2021-07-03,5,B.1.617.2,0.6618523660098837,0.7228536224634884,0.596432023617093,weekly,weighted,0.0,region_05
2021-07-10,5,B.1.617.2,0.854683891836506,0.8860230998819276,0.8175135290771085,weekly,weighted,0.0,region_05
2021-07-17,5,B.1.617.2,0.8896785532729412,0.9216323487897647,0.8500280716840001,weekly,weighted,0.0,region_05
2021-07-24,5,B.1.617.2,0.9463914481990362,0.9629067340531325,0.9251127803175903,weekly,weighted,0.0,region_05
2021-07-31,5,B.1.617.2,0.9732650996729629,0.9804128040500001,0.9642262039365432,weekly,weighted,0.0,region_05
2021-08-07,5,B.1.617.2,0.9795127401992684,0.9864103561493902,0.9702873905978048,weekly,weighted,0.0,region_05
2021-08-14,5,B.1.617.2,0.9909327168285366,0.9953804132413415,0.9838824737358536,weekly,weighted,0.0,region_05
2021-08-21,5,B.1.617.2,0.9905256585375609,0.9962965010143903,0.9800393923021952,weekly,weighted,0.0,region_05
2021-08-28,5,B.1.617.2,0.9833532387835803,0.9921661092908642,0.9689023354908642,weekly,weighted,0.0,region_05
2021-09-04,5,B.1.617.2,0.9923080985925926,0.9961819096845678,0.9861702514281481,weekly,weighted,0.0,region_05
2021-09-11,5,B.1.617.2,0.9908694963398765,0.9950766298509875,0.9844488170412347,weekly,weighted,0.0,region_05
2021-09-18,5,B.1.617.2,0.9901648550844155,0.9947211649509092,0.98321214357,weekly,weighted,0.0,region_05
2021-09-25,5,B.1.617.2,0.9904841509728571,0.9954507877298701,0.9824894597006493,weekly,weighted,0.0,region_05
2021-10-02,5,B.1.617.2,0.9893036148483333,0.9935124783942307,0.9834065261561538,weekly,weighted,0.0,region_05
2021-10-09,5,B.1.617.2,0.9892014218010526,0.9936375241527632,0.9828520974043421,weekly,weighted,0.0,region_05
2021-10-16,5,B.1.617.2,0.9898771914566235,0.9951122403148052,0.9813972525784415,weekly,weighted,0.0,region_05
2021-10-23,5,B.1.617.2,0.9873557631173333,0.9935720610617333,0.9776958767566667,weekly,weighted,0.0,region_05
2021-10-30,5,B.1.617.2,0.9901587963104167,0.9957269819244444,0.9807287040679166,weekly,weighted,0.0,region_05
2021-11-06,5,B.1.617.2,0.9832603997654166,0.9919925464522223,0.9692985266444444,weekly,weighted,0.0,region_05
2021-11-13,5,B.1.617.2,0.9819137094776713,0.9915525594808218,0.9662635881613699,weekly,weighted,0.0,region_05
2021-11-20,5,B.1.617.2,0.9797947257763889,0.9898436235058333,0.964163834022361,weekly,weighted,0.0,region_05
2021-11-27,5,B.1.617.2,0.9891633523831944,0.9964039276041667,0.9751307020577777,weekly,weighted,0.0,region_05
2021-12-04,5,B.1.617.2,0.9931494645452175,0.9971195113833334,0.9862773530724638,weekly,weighted,0.0,region_05
2021-12-11,5,B.1.617.2,0.941238318171143,0.9703483973230002,0.8971778043672857,weekly,weighted,0.0,region_05
2021-12-18,5,B.1.617.2,0.7173334506973913,0.8122433899102899,0.6057886101198551,weekly,weighted,0.0,region_05
2021-12-25,5,B.1.617.2,0.3824189283392647,0.45607821468088233,0.31253484768014705,weekly,weighted,0.0,region_05
2022-01-01,5,B.1.617.2,0.1454673716380597,0.17170090617537315,0.12187134796985075,weekly,weighted,0.0,region_05
2022-01-08,5,B.1.617.2,0.08582184864907692,0.11087973152184614,0.06488292056784616,weekly,weighted,0.0,region_05
2022-01-15,5,B.1.617.2,0.03221867563092308,0.04027752469384615,0.025387564644923078,weekly,weighted,0.0,region_05
2022-01-22,5,B.1.617.2,0.0143371741571875,0.0205822548015625,0.009590554065,weekly,weighted,0.0,region_05
2022-01-29,5,B.1.617.2,0.007776441401666666,0.011472929766000001,0.005030963135333333,weekly,weighted,0.0,region_05
2021-06-05,5,B.1.621,0.010882261398000002,0.114765432478,0.001215418966,weekly,weighted,0.0,region_05
2021-06-12,5,B.1.621,0.018346491705333336,0.09769850025533333,0.006528424830666666,weekly,weighted,,region_05
2021-06-19,5,B.1.621,0.025810722012666668,0.08063156803266666,0.011841430695333333,weekly,weighted,,region_05
2021-06-26,5,B.1.621,0.03327495232,0.06356463581,0.01715443656,weekly,weighted,0.0,region_05
2021-07-03,5,B.1.621,0.02911956236,0.10608106107,0.00752347894,weekly,weighted,0.0,region_05
2021-07-10,5,B.1.621,0.022763068478333336,0.06870062338999999,0.007918865808333333,weekly,weighted,,region_05
2021-07-17,5,B.1.621,0.016406574596666668,0.03132018571,0.008314252676666667,weekly,weighted,0.0,region_05
2021-07-24,5,B.1.621,0.019489898212857144,0.03348192758857143,0.01125920564,weekly,weighted,0.0,region_05
2021-07-31,5,B.1.621,0.0065765363425,0.01667739637,0.0025789957725,weekly,weighted,0.0,region_05
2021-04-17,5,B.1.628,0.00174405944,0.023240958345,0.000128255965,weekly,weighted,0.0,region_05
2021-04-24,5,B.1.628,0.0035482804825,0.025186114015,0.00059222665,weekly,weighted,,region_05
2021-05-01,5,B.1.628,0.005352501525,0.027131269685,0.001056197335,weekly,weighted,0.0,region_05
2021-05-08,5,B.1.628,0.00342992332,0.019772729835000002,0.000589143395,weekly,weighted,0.0,region_05
2021-05-15,5,B.1.628,0.008192251126666666,0.03237010973333333,0.00204547091,weekly,weighted,0.0,region_05
2021-05-22,5,B.1.628,0.00435547787,0.021670621509999998,0.0008630264766666668,weekly,weighted,0.0,region_05
2021-05-15,5,B.1.637,0.029990419745,0.063251003625,0.014728620179999999,weekly,weighted,0.0,region_05
2021-05-22,5,B.1.637,0.02946539223,0.08121611923,0.01031973399,weekly,weighted,0.0,region_05
2021-05-29,5,B.1.637,0.03895236552,0.11388386041,0.01262089703,weekly,weighted,0.0,region_05
2021-12-25,5,BA.1.1,0.25274748179794115,0.39204599839735293,0.14277873451235293,weekly,weighted,0.0,region_05
2022-01-01,5,BA.1.1,0.37030498683441176,0.4722714669561765,0.27619481437323534,weekly,weighted,0.0,region_05
2022-01-08,5,BA.1.1,0.4134416194523529,0.45900941683941177,0.36894562928147057,weekly,weighted,0.0,region_05
2022-01-15,5,BA.1.1,0.5441121616785294,0.600508286672647,0.48682131837323533,weekly,weighted,0.0,region_05
2022-01-22,5,BA.1.1,0.5854352344488235,0.6247933980302941,0.5452250575320587,weekly,weighted,0.0,region_05
2022-01-29,5,BA.1.1,0.6724871537270589,0.7188150339270588,0.6234995056602941,weekly,weighted,0.0,region_05
2022-02-05,5,BA.1.1,0.7030380648717648,0.7380269187335294,0.6661763559370588,weekly,weighted,0.0,region_05
2022-02-12,5,BA.1.1,0.730773846892647,0.7683639438717647,0.6905333785444118,weekly,weighted,0.0,region_05
2022-02-19,5,BA.1.1,0.729883372785,0.764575004577647,0.692964059465294,weekly,weighted,0.0,region_05
2022-02-26,5,BA.1.1,0.7323910523858824,0.7668585128650001,0.6956830235097059,weekly,weighted,0.0,region_05
2022-03-05,5,BA.1.1,0.7055766257357575,0.731406921690303,0.6787217891581818,weekly,weighted,0.0,region_05
2022-03-12,5,BA.1.1,0.6393516046155883,0.683745577055,0.593111918252647,weekly,weighted,0.0,region_05
2022-03-19,5,BA.1.1,0.5199205980588236,0.5655722916120588,0.47402092376147065,weekly,weighted,0.0,region_05
2022-03-26,5,BA.1.1,0.3694596949857576,0.4146758814642424,0.32588448127151515,weekly,weighted,0.0,region_05
2022-04-02,5,BA.1.1,0.25524710732382355,0.3176935560561765,0.19942284506882352,weekly,weighted,0.0,region_05
2022-04-09,5,BA.1.1,0.11611696852,0.13589708281272728,0.0982961135378788,weekly,weighted,0.0,region_05
2022-04-16,5,BA.1.1,0.04980578930911765,0.062416140647941175,0.03909715867676471,weekly,weighted,0.0,region_05
2022-04-23,5,BA.1.1,0.02915644284117647,0.03818693461264706,0.021765294759117648,weekly,weighted,0.0,region_05
2022-04-30,5,BA.1.1,0.015916798264117647,0.024661639376764705,0.00965226501882353,weekly,weighted,0.0,region_05
2022-05-07,5,BA.1.1,0.006303031928235294,0.010598817539411763,0.0034293268379411764,weekly,weighted,0.0,region_05
2022-01-29,5,BA.2,0.006724397932,0.011838927400000001,0.003427837674,weekly,weighted,0.0,region_05
2022-02-05,5,BA.2,0.007845148843650795,0.011194500510158729,0.005292398848412699,weekly,weighted,0.0,region_05
2022-02-12,5,BA.2,0.02001703548548387,0.026124812482096773,0.015016086084193548,weekly,weighted,0.0,region_05
2022-02-19,5,BA.2,0.035432235788225803,0.045833550152903225,0.02683389207870968,weekly,weighted,0.0,region_05
2022-02-26,5,BA.2,0.06381376429672131,0.0887834681352459,0.044124566996393444,weekly,weighted,0.0,region_05
2022-03-05,5,BA.2,0.14010588402466664,0.16185967177083332,0.12029024884083334,weekly,weighted,0.0,region_05
2022-03-12,5,BA.2,0.23259668330033897,0.2821313981281356,0.18796505867491525,weekly,weighted,0.0,region_05
2022-03-19,5,BA.2,0.3805000530237931,0.42478689551327586,0.33765140535517246,weekly,weighted,0.0,region_05
2022-03-26,5,BA.2,0.564990254385,0.6125166043641072,0.5165677347353571,weekly,weighted,0.0,region_05
2022-04-02,5,BA.2,0.6611826517361818,0.7164277401845455,0.6024605144156364,weekly,weighted,0.0,region_05
2022-04-09,5,BA.2,0.7798778646531481,0.8001655936242592,0.7585171052705555,weekly,weighted,0.0,region_05
2022-04-16,5,BA.2,0.7769575287711321,0.804121196270566,0.7478776630369812,weekly,weighted,0.0,region_05
2022-04-23,5,BA.2,0.7494938700813725,0.7821770170158824,0.7145047246239216,weekly,weighted,0.0,region_05
2022-04-30,5,BA.2,0.6697529420569387,0.7090987332012244,0.628529731107551,weekly,weighted,0.0,region_05
2022-05-07,5,BA.2,0.5935890701093334,0.6205141199957778,0.5662325859075555,weekly,weighted,0.0,region_05
2022-05-14,5,BA.2,0.5052066445354166,0.5314329216879167,0.47893695781624995,weekly,weighted,0.0,region_05
2022-05-21,5,BA.2,0.3925000733385417,0.42881037977812503,0.35705648859375,weekly,weighted,0.0,region_05
2022-05-28,5,BA.2,0.3101039845489583,0.33023522049208337,0.29051520551229165,weekly,weighted,0.0,region_05
2022-06-04,5,BA.2,0.21971487038688892,0.23775472044933335,0.2024516771237778,weekly,weighted,0.0,region_05
2022-06-11,5,BA.2,0.1665634648365909,0.18616073646363637,0.14828352850295454,weekly,weighted,0.0,region_05
2022-06-18,5,BA.2,0.11664311339377777,0.1309422974791111,0.10349060106577777,weekly,weighted,0.0,region_05
2022-06-25,5,BA.2,0.06899552216613637,0.08297347277477272,0.056750950064318184,weekly,weighted,0.0,region_05
2022-07-02,5,BA.2,0.04798179594875,0.0583209101115,0.039029235951250005,weekly,weighted,0.0,region_05
2022-07-09,5,BA.2,0.03432863959902439,0.04295515250804878,0.027050361173414635,weekly,weighted,0.0,region_05
2022-07-16,5,BA.2,0.019038291920487803,0.025559004032926828,0.01383425545292683,weekly,weighted,0.0,region_05
2022-07-23,5,BA.2,0.01486058018625,0.01949261832025,0.011089420831,weekly,weighted,0.0,region_05
2022-07-30,5,BA.2,0.009892524392105265,0.014019898727105263,0.006731721008157894,weekly,weighted,0.0,region_05
2022-08-06,5,BA.2,0.006788222559459459,0.010260099218108108,0.00426052276,weekly,weighted,0.0,region_05
2022-08-13,5,BA.2,0.006037639641428572,0.009812832011714285,0.0034473470874285712,weekly,weighted,0.0,region_05
2022-08-20,5,BA.2,0.0096003972,0.0155347269,0.00550145004,weekly,weighted,0.0,region_05
2022-08-27,5,BA.2,0.00939980299747826,0.015324168451391305,0.0053359558821304345,weekly,weighted,,region_05
2022-09-03,5,BA.2,0.009199208794956521,0.015113610002782609,0.0051704617242608695,weekly,weighted,,region_05
2022-09-10,5,BA.2,0.008998614592434782,0.014903051554173914,0.0050049675663913044,weekly,weighted,,region_05
2022-09-17,5,BA.2,0.008798020389913043,0.014692493105565217,0.0048394734085217385,weekly,weighted,,region_05
2022-09-24,5,BA.2,0.008597426187391304,0.014481934656956522,0.0046739792506521735,weekly,weighted,,region_05
2022-10-01,5,BA.2,0.008396831984869565,0.014271376208347827,0.004508485092782608,weekly,weighted,,region_05
2022-10-08,5,BA.2,0.008196237782347826,0.01406081775973913,0.004342990934913043,weekly,weighted,,region_05
2022-10-15,5,BA.2,0.007995643579826087,0.013850259311130436,0.004177496777043478,weekly,weighted,,region_05
2022-10-22,5,BA.2,0.0077950493773043476,0.01363970086252174,0.004012002619173913,weekly,weighted,,region_05
2022-10-29,5,BA.2,0.0075944551747826085,0.013429142413913044,0.003846508461304348,weekly,weighted,0.0,region_05
2022-11-05,5,BA.2,0.007741652729855072,0.013483107320386474,0.0040093590064251205,weekly,weighted,,region_05
2022-11-12,5,BA.2,0.007888850284927536,0.013537072226859903,0.004172209551545894,weekly,weighted,,region_05
2022-11-19,5,BA.2,0.00803604784,0.013591037133333332,0.004335060096666667,weekly,weighted,0.0,region_05
2022-11-26,5,BA.2,0.01037459541,0.01821413264,0.00530329626,weekly,weighted,0.0,region_05
2022-12-03,5,BA.2,0.0061502303,0.01033235528,0.00335061923,weekly,weighted,0.0,region_05
2022-12-10,5,BA.2,0.009963835148421052,0.015994425617368423,0.005772182155789474,weekly,weighted,0.0,region_05
2022-12-17,5,BA.2,0.009343465686666667,0.01637072757777778,0.004796355806666667,weekly,weighted,0.0,region_05
2022-03-19,5,BA.2.12.1,0.007128289549183674,0.012566218570408162,0.0036264575620408167,weekly,weighted,0.0,region_05
2022-03-26,5,BA.2.12.1,0.015313170641836734,0.02580361581408163,0.008286353657142857,weekly,weighted,0.0,region_05
2022-04-02,5,BA.2.12.1,0.050903402901071426,0.06518697219839285,0.03900075502625,weekly,weighted,0.0,region_05
2022-04-09,5,BA.2.12.1,0.08704105723945454,0.10987800901545454,0.06763870573872727,weekly,weighted,0.0,region_05
2022-04-16,5,BA.2.12.1,0.1613284854425926,0.19008023567722224,0.13542869121481482,weekly,weighted,0.0,region_05
2022-04-23,5,BA.2.12.1,0.21380793131403847,0.2516197877430769,0.17933354584,weekly,weighted,0.0,region_05
2022-04-30,5,BA.2.12.1,0.3046604025366,0.34975864350819996,0.2622177630664,weekly,weighted,0.0,region_05
2022-05-07,5,BA.2.12.1,0.387967797517,0.41766465783100004,0.3588865196702,weekly,weighted,0.0,region_05
2022-05-14,5,BA.2.12.1,0.4644914083191667,0.49377348584374997,0.435413659239375,weekly,weighted,0.0,region_05
2022-05-21,5,BA.2.12.1,0.5540307303693618,0.6045752243793617,0.5026505589487235,weekly,weighted,0.0,region_05
2022-05-28,5,BA.2.12.1,0.5884765870870833,0.6256822844345834,0.5504994336514584,weekly,weighted,0.0,region_05
2022-06-04,5,BA.2.12.1,0.5923029428869231,0.6247478158048718,0.5591983306102565,weekly,weighted,0.0,region_05
2022-06-11,5,BA.2.12.1,0.5613282711613043,0.5973620855286956,0.5247774642443478,weekly,weighted,0.0,region_05
2022-06-18,5,BA.2.12.1,0.47823906871955557,0.5135058707662222,0.44313341842844445,weekly,weighted,0.0,region_05
2022-06-25,5,BA.2.12.1,0.38135053894704546,0.4242718727754546,0.3398124697536364,weekly,weighted,0.0,region_05
2022-07-02,5,BA.2.12.1,0.21990393067534883,0.23831594406139536,0.20231582120372094,weekly,weighted,0.0,region_05
2022-07-09,5,BA.2.12.1,0.1573394934340476,0.18490086957071428,0.13241449956333332,weekly,weighted,0.0,region_05
2022-07-16,5,BA.2.12.1,0.08912986889499999,0.10039588045350001,0.0787703654725,weekly,weighted,0.0,region_05
2022-07-23,5,BA.2.12.1,0.058092403132500005,0.06647196169975,0.0504867499685,weekly,weighted,0.0,region_05
2022-07-30,5,BA.2.12.1,0.036929407205526316,0.04422961028447368,0.030533147240789472,weekly,weighted,0.0,region_05
2022-08-06,5,BA.2.12.1,0.027483758994594595,0.034652251247027026,0.02144753766864865,weekly,weighted,0.0,region_05
2022-08-13,5,BA.2.12.1,0.014151351819428571,0.019659788322,0.009856282253714287,weekly,weighted,0.0,region_05
2022-08-20,5,BA.2.12.1,0.008270559010588235,0.013802803887941176,0.004544795944117647,weekly,weighted,0.0,region_05
2022-07-30,5,BA.2.75,0.004980004529411765,0.008353110129117646,0.0027201260467647056,weekly,weighted,0.0,region_05
2022-08-06,5,BA.2.75,0.004893464902941177,0.008378700637745097,0.0025997077511764706,weekly,weighted,,region_05
2022-08-13,5,BA.2.75,0.004806925276470589,0.008404291146372547,0.002479289455588235,weekly,weighted,,region_05
2022-08-20,5,BA.2.75,0.0047203856500000006,0.008429881654999999,0.00235887116,weekly,weighted,0.0,region_05
2022-08-27,5,BA.2.75,0.0071617818875,0.0118366582325,0.0039900540125,weekly,weighted,0.0,region_05
2022-09-03,5,BA.2.75,0.003501769729375,0.0062119764775,0.001768209078125,weekly,weighted,0.0,region_05
2022-09-10,5,BA.2.75,0.0063474912459375,0.0111953926390625,0.0032279692746875,weekly,weighted,0.0,region_05
2022-09-17,5,BA.2.75,0.00867917942546875,0.013835196249531249,0.00511478548134375,weekly,weighted,,region_05
2022-09-24,5,BA.2.75,0.011010867605,0.01647499986,0.007001601688,weekly,weighted,0.0,region_05
2022-10-01,5,BA.2.75,0.008319253744482759,0.013275721560689655,0.004858994391379311,weekly,weighted,0.0,region_05
2022-10-08,5,BA.2.75,0.010517808267241378,0.017701280850729445,0.005721246913766579,weekly,weighted,,region_05
2022-10-15,5,BA.2.75,0.01271636279,0.02212684014076923,0.006583499436153846,weekly,weighted,0.0,region_05
2022-10-22,5,BA.2.75,0.011226662534444444,0.019203887751068377,0.005963201702991453,weekly,weighted,,region_05
2022-10-29,5,BA.2.75,0.00973696227888889,0.016280935361367523,0.00534290396982906,weekly,weighted,,region_05
2022-11-05,5,BA.2.75,0.008247262023333334,0.013357982971666666,0.004722606236666667,weekly,weighted,0.0,region_05
2022-11-12,5,BA.2.75,0.0155172199,0.024807774276,0.009028249326,weekly,weighted,0.0,region_05
2022-11-19,5,BA.2.75,0.011933938906666669,0.020339994383333334,0.006366737806666667,weekly,weighted,0.0,region_05
2022-11-26,5,BA.2.75,0.0083831409,0.014660347873333333,0.004312426163333333,weekly,weighted,0.0,region_05
2022-12-03,5,BA.2.75,0.013485907019999998,0.020474070310000002,0.008407583834,weekly,weighted,0.0,region_05
2022-12-10,5,BA.2.75,0.014045203292499999,0.02168381661,0.008578763529499999,weekly,weighted,,region_05
2022-12-17,5,BA.2.75,0.014604499565,0.022893562909999998,0.008749943225,weekly,weighted,0.0,region_05
2022-12-24,5,BA.2.75,0.01871733554,0.03000771254,0.01083794516,weekly,weighted,0.0,region_05
2022-12-31,5,BA.2.75,0.02764219232,0.04290302098,0.01668540575,weekly,weighted,0.0,region_05
2023-11-25,5,BA.2.86,0.015777011221935484,0.024523324663870968,0.009540571501935484,biweekly,weighted,0.0,region_05
2023-12-02,5,BA.2.86,0.01851071406945259,0.030072793797996093,0.010557521012482893,biweekly,weighted,,region_05
2023-12-09,5,BA.2.86,0.021244416916969697,0.035622262932121215,0.011574470523030303,biweekly,weighted,0.0,region_05
2023-12-16,5,BA.2.86,0.02918591116348485,0.04782848133606061,0.016362684356515153,biweekly,weighted,,region_05
2023-12-23,5,BA.2.86,0.03712740541,0.06003469974,0.02115089819,biweekly,weighted,0.0,region_05
2023-12-30,5,BA.2.86,0.03678294414195313,0.0603000715215625,0.020572756883984376,biweekly,weighted,,region_05
2024-01-06,5,BA.2.86,0.03643848287390625,0.060565443303125,0.01999461557796875,biweekly,weighted,,region_05
2024-01-13,5,BA.2.86,0.036094021605859374,0.0608308150846875,0.019416474271953123,biweekly,weighted,,region_05
2024-01-20,5,BA.2.86,0.0357495603378125,0.06109618686625,0.0188383329659375,biweekly,weighted,0.0,region_05
2024-01-27,5,BA.2.86,0.02836375153765625,0.048994754499375,0.01474741753171875,biweekly,weighted,,region_05
2024-02-03,5,BA.2.86,0.020977942737499998,0.0368933221325,0.0106565020975,biweekly,weighted,0.0,region_05
2022-05-07,5,BA.4,0.004762024846938775,0.008428920783469388,0.0024105273044897958,weekly,weighted,0.0,region_05
2022-05-14,5,BA.4,0.011889590957755103,0.019079021539795918,0.00688804419,weekly,weighted,0.0,region_05
2022-05-21,5,BA.4,0.02240875594173913,0.03726562161108696,0.012331484918043478,weekly,weighted,0.0,region_05
2022-05-28,5,BA.4,0.04212830659617021,0.06225948590553191,0.027051140454680853,weekly,weighted,0.0,region_05
2022-06-04,5,BA.4,0.06984162100851064,0.09961554233744681,0.04678233546510638,weekly,weighted,0.0,region_05
2022-06-11,5,BA.4,0.09128264985652175,0.12071927993108696,0.06705265071086956,weekly,weighted,0.0,region_05
2022-06-18,5,BA.4,0.09923079129711111,0.12551643136444443,0.07693257961044445,weekly,weighted,0.0,region_05
2022-06-25,5,BA.4,0.11874682421511627,0.15601195083093022,0.08769766639813954,weekly,weighted,0.0,region_05
2022-07-02,5,BA.4,0.11406415822209302,0.1281718570132558,0.10103834576325582,weekly,weighted,0.0,region_05
2022-07-09,5,BA.4,0.11399953546261904,0.12924605075833334,0.09998418266619048,weekly,weighted,0.0,region_05
2022-07-16,5,BA.4,0.11378049668780488,0.12600777061902438,0.10238931346243901,weekly,weighted,0.0,region_05
2022-07-23,5,BA.4,0.0953249474985,0.11051691006924999,0.08158987443925,weekly,weighted,0.0,region_05
2022-07-30,5,BA.4,0.07749553828578948,0.08859088428842106,0.06738846160842105,weekly,weighted,0.0,region_05
2022-08-06,5,BA.4,0.07443341932171428,0.08463037950628571,0.06511274192971428,weekly,weighted,0.0,region_05
2022-08-13,5,BA.4,0.05895865522388889,0.06809066836138888,0.0507186634675,weekly,weighted,0.0,region_05
2022-08-20,5,BA.4,0.041130342122,0.04911681945885714,0.03411389504171428,weekly,weighted,0.0,region_05
2022-08-27,5,BA.4,0.03782729727882353,0.044737710124411766,0.03171438115764706,weekly,weighted,0.0,region_05
2022-09-03,5,BA.4,0.032460296582727276,0.04197349918636364,0.024593691482121212,weekly,weighted,0.0,region_05
2022-09-10,5,BA.4,0.0275571121015625,0.03721527243,0.019841247878125,weekly,weighted,0.0,region_05
2022-09-17,5,BA.4,0.02291941096032258,0.029568399092580647,0.017426161395483874,weekly,weighted,0.0,region_05
2022-09-24,5,BA.4,0.012541124999999998,0.017988794545333333,0.008415172079,weekly,weighted,0.0,region_05
2022-10-01,5,BA.4,0.01217751407275862,0.017917162963448276,0.007902362769999999,weekly,weighted,0.0,region_05
2022-10-08,5,BA.4,0.01244411711,0.02210179903,0.00625058357,weekly,weighted,0.0,region_05
2022-10-15,5,BA.4,0.01262803762037037,0.019813477371481484,0.007549410634074074,weekly,weighted,0.0,region_05
2022-10-22,5,BA.4,0.0090893919125,0.0159277198825,0.00466104253375,weekly,weighted,0.0,region_05
2022-10-29,5,BA.4,0.006750006386666667,0.011459408015,0.0036241059049999997,weekly,weighted,0.0,region_05
2022-11-05,5,BA.4,0.006200021831666666,0.010796083913333332,0.0032121905816666664,weekly,weighted,0.0,region_05
2022-07-02,5,BA.4.6,0.014977287750731708,0.020937728945121952,0.010351862894146342,weekly,weighted,0.0,region_05
2022-07-09,5,BA.4.6,0.016489883702439024,0.02150590436097561,0.012381594855365854,weekly,weighted,0.0,region_05
2022-07-16,5,BA.4.6,0.02515789952731707,0.03817961755804878,0.015653941553658537,weekly,weighted,0.0,region_05
2022-07-23,5,BA.4.6,0.03115327046225,0.03869183752725,0.02473089355025,weekly,weighted,0.0,region_05
2022-07-30,5,BA.4.6,0.039196466635,0.04883086004921053,0.030996622958947367,weekly,weighted,0.0,region_05
2022-08-06,5,BA.4.6,0.04656595766891892,0.06071822033189189,0.0349051519427027,weekly,weighted,0.0,region_05
2022-08-13,5,BA.4.6,0.05296247793,0.06207350300914286,0.044834917252285715,weekly,weighted,0.0,region_05
2022-08-20,5,BA.4.6,0.057013280051428576,0.07088136013142858,0.045152362861714285,weekly,weighted,0.0,region_05
2022-08-27,5,BA.4.6,0.0651041063314706,0.07564984722147058,0.05562334836411765,weekly,weighted,0.0,region_05
2022-09-03,5,BA.4.6,0.06831039533484849,0.09260882843575757,0.04876470723787879,weekly,weighted,0.0,region_05
2022-09-10,5,BA.4.6,0.08214382850625,0.09971098997625,0.0667945989409375,weekly,weighted,0.0,region_05
2022-09-17,5,BA.4.6,0.08397081518354839,0.10201404772451612,0.06821133580935483,weekly,weighted,0.0,region_05
2022-09-24,5,BA.4.6,0.09112717732766668,0.10399208466233333,0.07937628800633334,weekly,weighted,0.0,region_05
2022-10-01,5,BA.4.6,0.09032723461862069,0.10553227981620689,0.07667920275931034,weekly,weighted,0.0,region_05
2022-10-08,5,BA.4.6,0.09171509450107143,0.11044252610642857,0.07527286665785714,weekly,weighted,0.0,region_05
2022-10-15,5,BA.4.6,0.09191752059555557,0.10761377380962962,0.07783739158407409,weekly,weighted,0.0,region_05
2022-10-22,5,BA.4.6,0.08183011126038461,0.10192237106615384,0.0646549474726923,weekly,weighted,0.0,region_05
2022-10-29,5,BA.4.6,0.0632002815608,0.080842102766,0.048442694842,weekly,weighted,0.0,region_05
2022-11-05,5,BA.4.6,0.06590701670708334,0.08907297874499999,0.04730833849458333,weekly,weighted,0.0,region_05
2022-11-12,5,BA.4.6,0.04788155627086956,0.06754166341304348,0.03269016548304348,weekly,weighted,0.0,region_05
2022-11-19,5,BA.4.6,0.03396803707954545,0.055077210238181816,0.019405918026363635,weekly,weighted,0.0,region_05
2022-11-26,5,BA.4.6,0.03438817044333333,0.052024457603809526,0.021482128740000002,weekly,weighted,0.0,region_05
2022-12-03,5,BA.4.6,0.016666995827,0.025124822836,0.010509612829,weekly,weighted,0.0,region_05
2022-12-10,5,BA.4.6,0.015941975589473682,0.023261857170526316,0.010453554801578948,weekly,weighted,0.0,region_05
2022-12-17,5,BA.4.6,0.012261893775,0.0201629386275,0.006874660291875,weekly,weighted,0.0,region_05
2022-12-24,5,BA.4.6,0.011001198490000001,0.018993237614666664,0.005759937408,weekly,weighted,0.0,region_05
2022-05-21,5,BA.5,0.026763839290638296,0.04450163514744681,0.01470901131468085,weekly,weighted,0.0,region_05
2022-05-28,5,BA.5,0.05652861211770833,0.07299596552416666,0.04292749757041667,weekly,weighted,0.0,region_05
2022-06-04,5,BA.5,0.11319082311282609,0.1446063327404348,0.08670150504717392,weekly,weighted,0.0,region_05
2022-06-11,5,BA.5,0.17813860916586954,0.21461149045956524,0.14560171654,weekly,weighted,0.0,region_05
2022-06-18,5,BA.5,0.30235085636454545,0.3331533623015909,0.2729654664343182,weekly,weighted,0.0,region_05
2022-06-25,5,BA.5,0.42169436880090905,0.46440260586431814,0.37992807206772733,weekly,weighted,0.0,region_05
2022-07-02,5,BA.5,0.6020241550033334,0.6249513881552381,0.5787504996580952,weekly,weighted,0.0,region_05
2022-07-09,5,BA.5,0.676666025605,0.7023739034216666,0.6501333869642857,weekly,weighted,0.0,region_05
2022-07-16,5,BA.5,0.7503645837305,0.770388582349,0.7294790923595,weekly,weighted,0.0,region_05
2022-07-23,5,BA.5,0.79650333672675,0.8152932271365,0.77669704705525,weekly,weighted,0.0,region_05
2022-07-30,5,BA.5,0.8297937109185294,0.8456559128623529,0.8130008122502941,weekly,weighted,0.0,region_05
2022-08-06,5,BA.5,0.8375838882208109,0.8498317341551351,0.8247522937291892,weekly,weighted,0.0,region_05
2022-08-13,5,BA.5,0.8585774845935293,0.8737102185979412,0.8423606069644117,weekly,weighted,0.0,region_05
2022-08-20,5,BA.5,0.8793711171429411,0.8949294651261764,0.8624059487791176,weekly,weighted,0.0,region_05
2022-08-27,5,BA.5,0.8732074797152941,0.8841917357026471,0.8615784013982353,weekly,weighted,0.0,region_05
2022-09-03,5,BA.5,0.8732039386578787,0.8896861491784849,0.8552235093990909,weekly,weighted,0.0,region_05
2022-09-10,5,BA.5,0.8606872595846875,0.8834030684084375,0.8354031667115625,weekly,weighted,0.0,region_05
2022-09-17,5,BA.5,0.8507405173396774,0.866258325115484,0.8341590877496775,weekly,weighted,0.0,region_05
2022-09-24,5,BA.5,0.8332442780343333,0.847995859385,0.8176669657233333,weekly,weighted,0.0,region_05
2022-10-01,5,BA.5,0.8100251719865517,0.8345415612737931,0.7835533105089655,weekly,weighted,0.0,region_05
2022-10-08,5,BA.5,0.7795159007817858,0.8130854985553572,0.7428326947342857,weekly,weighted,0.0,region_05
2022-10-15,5,BA.5,0.7308939805740741,0.7612248526677777,0.6988322514088888,weekly,weighted,0.0,region_05
2022-10-22,5,BA.5,0.6903520249411539,0.7254721980819231,0.6535166020576924,weekly,weighted,0.0,region_05
2022-10-29,5,BA.5,0.62360149622,0.6555129504212001,0.5908629989624,weekly,weighted,0.0,region_05
2022-11-05,5,BA.5,0.5835104038320833,0.6134510835004167,0.5531015296770834,weekly,weighted,0.0,region_05
2022-11-12,5,BA.5,0.5022172007869565,0.5479664180591304,0.4564405148447826,weekly,weighted,0.0,region_05
2022-11-19,5,BA.5,0.4085945812140909,0.46237263489818187,0.356424622915,weekly,weighted,0.0,region_05
2022-11-26,5,BA.5,0.3604204186366667,0.4011567164042857,0.3211288665014286,weekly,weighted,0.0,region_05
2022-12-03,5,BA.5,0.290768961609,0.33507986664850004,0.2492475382985,weekly,weighted,0.0,region_05
2022-12-10,5,BA.5,0.24677150029894737,0.2819173665436842,0.21397075762894738,weekly,weighted,0.0,region_05
2022-12-17,5,BA.5,0.22322084671944445,0.2570931116738889,0.1918793113688889,weekly,weighted,0.0,region_05
2022-12-24,5,BA.5,0.16622711455058822,0.19182613579705882,0.1428155671135294,weekly,weighted,0.0,region_05
2022-12-31,5,BA.5,0.160891810433125,0.191382128744375,0.1335655208675,weekly,weighted,0.0,region_05
2023-01-07,5,BA.5,0.13010847717466667,0.16300373673333332,0.10172400126933333,weekly,weighted,0.0,region_05
2023-01-14,5,BA.5,0.09825585516357142,0.12442499984571428,0.07599514563357143,weekly,weighted,0.0,region_05
2023-01-21,5,BA.5,0.07308384260153845,0.09099250172307692,0.05778106703230769,weekly,weighted,0.0,region_05
2023-01-28,5,BA.5,0.051926110559999995,0.06604550219916668,0.040077038109166664,weekly,weighted,0.0,region_05
2023-02-04,5,BA.5,0.022323312575454543,0.03400508687,0.013844319790000002,weekly,weighted,0.0,region_05
2023-02-11,5,BA.5,0.023924314603999998,0.033615744487,0.016417319886999997,weekly,weighted,0.0,region_05
2023-02-18,5,BA.5,0.021120267816666666,0.03156081256111111,0.013465491432222221,weekly,weighted,0.0,region_05
2023-02-25,5,BA.5,0.01371950023,0.023434154688,0.007290383613999999,weekly,weighted,0.0,region_05
2023-03-04,5,BA.5,0.009360457301666666,0.016379151956666668,0.004810222966666667,weekly,weighted,0.0,region_05
2023-03-11,5,BA.5,0.00958650652,0.01714027859,0.00477364566,weekly,weighted,0.0,region_05
2022-10-01,5,BA.5.2.6,0.010797584064782609,0.018685961709130436,0.005651774776086956,weekly,weighted,0.0,region_05
2022-10-08,5,BA.5.2.6,0.008632911152,0.014648330958666666,0.0046398803119999995,weekly,weighted,0.0,region_05
2022-10-15,5,BA.5.2.6,0.012891769099999999,0.022152254979999998,0.006786439413333334,weekly,weighted,0.0,region_05
2022-10-22,5,BA.5.2.6,0.01567195363076923,0.02378425998,0.009773002578846153,weekly,weighted,0.0,region_05
2022-10-29,5,BA.5.2.6,0.014581462367142858,0.02291413902285714,0.008685319549999999,weekly,weighted,0.0,region_05
2022-11-05,5,BA.5.2.6,0.016616051396666668,0.027713566090000002,0.00911689612,weekly,weighted,0.0,region_05
2022-11-12,5,BA.5.2.6,0.01706872605173913,0.02775113268347826,0.009812869192608695,weekly,weighted,0.0,region_05
2022-11-19,5,BA.5.2.6,0.023584012873181816,0.03513767875090909,0.015046702444090908,weekly,weighted,0.0,region_05
2022-11-26,5,BA.5.2.6,0.01683111768263158,0.027211172408421053,0.009652311716842105,weekly,weighted,0.0,region_05
2022-12-03,5,BA.5.2.6,0.015591336692999998,0.022475723922,0.0103757324635,weekly,weighted,0.0,region_05
2022-12-10,5,BA.5.2.6,0.014088574111052632,0.020972678339473683,0.009008833157894736,weekly,weighted,0.0,region_05
2022-12-17,5,BA.5.2.6,0.0129712621575,0.02195819537125,0.006986738996875,weekly,weighted,0.0,region_05
2022-12-24,5,BA.5.2.6,0.009349928469166666,0.016338025296666666,0.004813844181666666,weekly,weighted,0.0,region_05
2022-12-31,5,BA.5.2.6,0.015487203126,0.026253909618,0.008311116292,weekly,weighted,0.0,region_05
2022-09-24,5,BF.11,0.006750244684,0.0114174491544,0.0036425105576,weekly,weighted,0.0,region_05
2022-10-01,5,BF.11,0.007578155244142857,0.012596969077914286,0.004189195743085714,weekly,weighted,,region_05
2022-10-08,5,BF.11,0.008406065804285713,0.013776489001428572,0.0047358809285714286,weekly,weighted,0.0,region_05
2022-10-15,5,BF.11,0.010490594166142857,0.016883795647114286,0.006061599946885715,weekly,weighted,,region_05
2022-10-22,5,BF.11,0.012575122528,0.0199911022928,0.0073873189652,weekly,weighted,0.0,region_05
2022-10-29,5,BF.11,0.0218631739916,0.0369838406888,0.0118296792352,weekly,weighted,0.0,region_05
2022-11-05,5,BF.11,0.012910947201666667,0.01908690606666667,0.008326819088333333,weekly,weighted,0.0,region_05
2022-11-12,5,BF.11,0.022405364934117645,0.03776030198705883,0.01212184739235294,weekly,weighted,0.0,region_05
2022-11-19,5,BF.11,0.0138293320775,0.0211960566225,0.008519921685000001,weekly,weighted,0.0,region_05
2022-11-26,5,BF.11,0.015480106930000001,0.02614078624,0.00836151815,weekly,weighted,0.0,region_05
2022-12-03,5,BF.11,0.017511472291,0.029296981915,0.009586610132999999,weekly,weighted,0.0,region_05
2022-12-10,5,BF.11,0.016832982306875,0.02652608696375,0.009980969421875,weekly,weighted,0.0,region_05
2022-12-17,5,BF.11,0.008769887529375,0.01433509169125,0.004962378065,weekly,weighted,0.0,region_05
2022-12-24,5,BF.11,0.010463894366249999,0.0178366256875,0.005593816516666667,weekly,weighted,,region_05
2022-12-31,5,BF.11,0.012157901203125,0.02133815968375,0.006225254968333333,weekly,weighted,,region_05
2023-01-07,5,BF.11,0.01385190804,0.02483969368,0.00685669342,weekly,weighted,0.0,region_05
2022-08-27,5,BF.7,0.005774181884705882,0.009893185403823529,0.003061552340294118,weekly,weighted,0.0,region_05
2022-09-03,5,BF.7,0.009477721949999999,0.01372741413909091,0.006275833682727273,weekly,weighted,0.0,region_05
2022-09-10,5,BF.7,0.0132178536740625,0.018976653985,0.0088426543521875,weekly,weighted,0.0,region_05
2022-09-17,5,BF.7,0.0198869991816129,0.028102242177419353,0.013565722611935484,weekly,weighted,0.0,region_05
2022-09-24,5,BF.7,0.019466233129666666,0.025869046896333334,0.014295704477,weekly,weighted,0.0,region_05
2022-10-01,5,BF.7,0.03039190892586207,0.04347815159,0.020377685154827588,weekly,weighted,0.0,region_05
2022-10-08,5,BF.7,0.04247337952178571,0.05647853442464285,0.031167406057500003,weekly,weighted,0.0,region_05
2022-10-15,5,BF.7,0.058599148911481484,0.07883184651444444,0.04238028562259259,weekly,weighted,0.0,region_05
2022-10-22,5,BF.7,0.05563959422076924,0.07200364768499999,0.042056840772692304,weekly,weighted,0.0,region_05
2022-10-29,5,BF.7,0.0800211623312,0.10186137557080001,0.0616213436432,weekly,weighted,0.0,region_05
2022-11-05,5,BF.7,0.07331469003041667,0.08736804841708333,0.06089897919541667,weekly,weighted,0.0,region_05
2022-11-12,5,BF.7,0.08443222875217392,0.10205307278913044,0.06899145035043479,weekly,weighted,0.0,region_05
2022-11-19,5,BF.7,0.078668646515,0.1019705076790909,0.05929924429181818,weekly,weighted,0.0,region_05
2022-11-26,5,BF.7,0.0858704280995238,0.1069134612152381,0.06781865798285713,weekly,weighted,0.0,region_05
2022-12-03,5,BF.7,0.0813167400655,0.099029943721,0.065886285716,weekly,weighted,0.0,region_05
2022-12-10,5,BF.7,0.07384249685578947,0.08842905610842106,0.06099496879894737,weekly,weighted,0.0,region_05
2022-12-17,5,BF.7,0.059862155467222226,0.08296858726333334,0.04176381654611111,weekly,weighted,0.0,region_05
2022-12-24,5,BF.7,0.049761217307058826,0.0640613835517647,0.03790099546235294,weekly,weighted,0.0,region_05
2022-12-31,5,BF.7,0.04075025255,0.061580788344375,0.025427540414375,weekly,weighted,0.0,region_05
2023-01-07,5,BF.7,0.035387097672666665,0.053700029850000004,0.021989741300666665,weekly,weighted,0.0,region_05
2023-01-14,5,BF.7,0.02913862027785714,0.04515639825642857,0.01763032882142857,weekly,weighted,0.0,region_05
2023-01-21,5,BF.7,0.02285465411846154,0.03360580824923077,0.014827677764615384,weekly,weighted,0.0,region_05
2023-01-28,5,BF.7,0.0205792525475,0.03087047130583333,0.013020425569166667,weekly,weighted,0.0,region_05
2022-10-22,5,BN.1,0.013079508474285715,0.022842497697142857,0.006732459712857143,weekly,weighted,0.0,region_05
2022-10-29,5,BN.1,0.0113935497772,0.0180929706244,0.0067041423168,weekly,weighted,0.0,region_05
2022-11-05,5,BN.1,0.018109274639583336,0.026439763140833333,0.011857636427916667,weekly,weighted,0.0,region_05
2022-11-12,5,BN.1,0.01659653213090909,0.027771264146363637,0.009074933108181818,weekly,weighted,0.0,region_05
2022-11-19,5,BN.1,0.022177988197499998,0.0363671304675,0.01244653901,weekly,weighted,0.0,region_05
2022-11-26,5,BN.1,0.02431425187526316,0.03971627707526316,0.013752195787894737,weekly,weighted,0.0,region_05
2022-12-03,5,BN.1,0.035139487124500005,0.045054660365,0.026891870890000003,weekly,weighted,0.0,region_05
2022-12-10,5,BN.1,0.03773828458631579,0.055746422002105264,0.024282833071052633,weekly,weighted,0.0,region_05
2022-12-17,5,BN.1,0.029592468506666667,0.04308317932888889,0.01941058381111111,weekly,weighted,0.0,region_05
2022-12-24,5,BN.1,0.053459550307058824,0.07854157028882354,0.034570843967058826,weekly,weighted,0.0,region_05
2022-12-31,5,BN.1,0.042787129291874997,0.064660338684375,0.0267183723625,weekly,weighted,0.0,region_05
2023-01-07,5,BN.1,0.021598941957500003,0.0378213496875,0.011038816379166665,weekly,weighted,0.0,region_05
2023-01-14,5,BN.1,0.031158675572857144,0.04340938718214286,0.021593274016428573,weekly,weighted,0.0,region_05
2023-01-21,5,BN.1,0.032477906404615384,0.04901716256384615,0.020329167779999997,weekly,weighted,0.0,region_05
2023-01-28,5,BN.1,0.018801260740833332,0.0279035034275,0.012058949251666666,weekly,weighted,0.0,region_05
2023-02-04,5,BN.1,0.015219934026527777,0.02354129134875,0.009282217309166667,weekly,weighted,,region_05
2023-02-11,5,BN.1,0.011638607312222223,0.01917907927,0.006505485366666667,weekly,weighted,0.0,region_05
2022-09-24,5,BQ.1,0.01046320656,0.018536559305,0.0052790706950000005,weekly,weighted,0.0,region_05
2022-10-01,5,BQ.1,0.015022814369655172,0.025907342996896555,0.00786756462448276,weekly,weighted,0.0,region_05
2022-10-08,5,BQ.1,0.023452595009285714,0.035832778550357144,0.014573664803928571,weekly,weighted,0.0,region_05
2022-10-15,5,BQ.1,0.03455929665148148,0.05375859224111111,0.020788397915925926,weekly,weighted,0.0,region_05
2022-10-22,5,BQ.1,0.04426683944038461,0.06536659626961538,0.028446069489230768,weekly,weighted,0.0,region_05
2022-10-29,5,BQ.1,0.0755971571808,0.0923107644916,0.061096649467599996,weekly,weighted,0.0,region_05
2022-11-05,5,BQ.1,0.11190569493958334,0.14190102554916667,0.08636143368916667,weekly,weighted,0.0,region_05
2022-11-12,5,BQ.1,0.14491029731608696,0.16656683579739132,0.12509363792521738,weekly,weighted,0.0,region_05
2022-11-19,5,BQ.1,0.17135670103863634,0.21390006894454547,0.13424987684590908,weekly,weighted,0.0,region_05
2022-11-26,5,BQ.1,0.17429727670714285,0.20932157337714286,0.14295870846190475,weekly,weighted,0.0,region_05
2022-12-03,5,BQ.1,0.2190081954,0.24125102534999998,0.19791706800449999,weekly,weighted,0.0,region_05
2022-12-10,5,BQ.1,0.2317200099173684,0.2549749079489474,0.20962595782842106,weekly,weighted,0.0,region_05
2022-12-17,5,BQ.1,0.2335395316277778,0.26807142628499997,0.20151791059333332,weekly,weighted,0.0,region_05
2022-12-24,5,BQ.1,0.22647856000588235,0.2790160582347059,0.17967547476294118,weekly,weighted,0.0,region_05
2022-12-31,5,BQ.1,0.204474846833125,0.246876972726875,0.166467073373125,weekly,weighted,0.0,region_05
2023-01-07,5,BQ.1,0.209672052662,0.24102274378066665,0.1807165612766667,weekly,weighted,0.0,region_05
2023-01-14,5,BQ.1,0.2216000237635714,0.28057195671999996,0.1700543665457143,weekly,weighted,0.0,region_05
2023-01-21,5,BQ.1,0.1367758099853846,0.17737738902846154,0.10251540805384615,weekly,weighted,0.0,region_05
2023-01-28,5,BQ.1,0.13156653444,0.1515411126125,0.113344319785,weekly,weighted,0.0,region_05
2023-02-04,5,BQ.1,0.08480869572181818,0.10404586656454545,0.06813369556,weekly,weighted,0.0,region_05
2023-02-11,5,BQ.1,0.037679126859,0.049323095755000004,0.028135612794,weekly,weighted,0.0,region_05
2023-02-18,5,BQ.1,0.043841660435555554,0.06036327779222222,0.030791015674444446,weekly,weighted,0.0,region_05
2023-02-25,5,BQ.1,0.0301290929775,0.04669496137625,0.01821301714625,weekly,weighted,0.0,region_05
2023-03-04,5,BQ.1,0.01710383594,0.026044266831428572,0.010610958694285714,weekly,weighted,0.0,region_05
2023-03-11,5,BQ.1,0.014449098768333333,0.023553300028333335,0.008190635205,weekly,weighted,0.0,region_05
2023-03-18,5,BQ.1,0.013109729235963964,0.021568309381585587,0.0073444320557837835,weekly,weighted,,region_05
2023-03-25,5,BQ.1,0.011770359703594593,0.01958331873483784,0.0064982289065675675,weekly,weighted,,region_05
2023-04-01,5,BQ.1,0.010430990171225224,0.01759832808809009,0.0056520257573513515,weekly,weighted,,region_05
2023-04-08,5,BQ.1,0.009091620638855855,0.015613337441342343,0.0048058226081351355,weekly,weighted,,region_05
2023-04-15,5,BQ.1,0.007752251106486486,0.013628346794594594,0.0039596194589189195,biweekly,weighted,0.0,region_05
2022-10-01,5,BQ.1.1,0.009797038703103448,0.01650166877689655,0.0053150248072413794,weekly,weighted,0.0,region_05
2022-10-08,5,BQ.1.1,0.014690189855,0.0253783199,0.0076772434375,weekly,weighted,0.0,region_05
2022-10-15,5,BQ.1.1,0.023316559001481482,0.03502007284148148,0.014721220255555556,weekly,weighted,0.0,region_05
2022-10-22,5,BQ.1.1,0.04968543923923077,0.07741887437653847,0.029906796578076926,weekly,weighted,0.0,region_05
2022-10-29,5,BQ.1.1,0.07328591585159999,0.0959070512656,0.0545965828004,weekly,weighted,0.0,region_05
2022-11-05,5,BQ.1.1,0.08856944056791667,0.10852546990041667,0.071230978705,weekly,weighted,0.0,region_05
2022-11-12,5,BQ.1.1,0.1193699966304348,0.15303245381130434,0.0908742410973913,weekly,weighted,0.0,region_05
2022-11-19,5,BQ.1.1,0.19565534388499997,0.22790730812363635,0.16617113148681817,weekly,weighted,0.0,region_05
2022-11-26,5,BQ.1.1,0.23817109210238097,0.2750596680819048,0.20401265223809525,weekly,weighted,0.0,region_05
2022-12-03,5,BQ.1.1,0.272816394269,0.3167437702405,0.23197561577,weekly,weighted,0.0,region_05
2022-12-10,5,BQ.1.1,0.29772446657578944,0.34181133069473685,0.2562640591668421,weekly,weighted,0.0,region_05
2022-12-17,5,BQ.1.1,0.3548102461611111,0.3874061720227778,0.32320470942388885,weekly,weighted,0.0,region_05
2022-12-24,5,BQ.1.1,0.3962124656235294,0.43357065846000004,0.35978533064647056,weekly,weighted,0.0,region_05
2022-12-31,5,BQ.1.1,0.392841869965625,0.42331058718375003,0.362985128536875,weekly,weighted,0.0,region_05
2023-01-07,5,BQ.1.1,0.39620437224666666,0.43300648729,0.3602898875873333,weekly,weighted,0.0,region_05
2023-01-14,5,BQ.1.1,0.3674063214228571,0.42215098227714287,0.3150821370728571,weekly,weighted,0.0,region_05
2023-01-21,5,BQ.1.1,0.36641972110769233,0.4080245884569231,0.3262594204676923,weekly,weighted,0.0,region_05
2023-01-28,5,BQ.1.1,0.2943662181491667,0.3352191348858333,0.25583910817916666,weekly,weighted,0.0,region_05
2023-02-04,5,BQ.1.1,0.24353818595363635,0.2831589146081818,0.20694558051454545,weekly,weighted,0.0,region_05
2023-02-11,5,BQ.1.1,0.192271678148,0.221400626003,0.165446472169,weekly,weighted,0.0,region_05
2023-02-18,5,BQ.1.1,0.14443218045666667,0.1653709991088889,0.1252192474077778,weekly,weighted,0.0,region_05
2023-02-25,5,BQ.1.1,0.119682292455,0.15570021048125,0.08946532569875,weekly,weighted,0.0,region_05
2023-03-04,5,BQ.1.1,0.0722187672342857,0.09141709974857144,0.05596698448142857,weekly,weighted,0.0,region_05
2023-03-11,5,BQ.1.1,0.06569754083833333,0.09238756572166668,0.04484321301166667,weekly,weighted,0.0,region_05
2023-03-18,5,BQ.1.1,0.0477069411425,0.07275104895250001,0.029766142679166666,weekly,weighted,,region_05
2023-03-25,5,BQ.1.1,0.029716341446666666,0.053114532183333334,0.014689072346666667,weekly,weighted,0.0,region_05
2023-04-01,5,BQ.1.1,0.02517738703903564,0.043347824146813416,0.01324937489375262,weekly,weighted,,region_05
2023-04-08,5,BQ.1.1,0.02063843263140461,0.033581116110293505,0.011809677440838575,weekly,weighted,,region_05
2023-04-15,5,BQ.1.1,0.016099478223773583,0.023814408073773583,0.010369979987924528,biweekly,weighted,0.0,region_05
2022-12-03,5,CH.1.1,0.008948372444166667,0.015858824985000002,0.004514602518333333,weekly,weighted,0.0,region_05
2022-12-10,5,CH.1.1,0.01058817928,0.017630062499999998,0.005834503876666667,weekly,weighted,0.0,region_05
2022-12-17,5,CH.1.1,0.012365730914,0.020994069736666666,0.006628678709,weekly,weighted,,region_05
2022-12-24,5,CH.1.1,0.014143282548000001,0.024358076973333333,0.007422853541333333,weekly,weighted,0.0,region_05
2022-12-31,5,CH.1.1,0.022188401222,0.033485852430000004,0.013916555667333333,weekly,weighted,0.0,region_05
2023-01-07,5,CH.1.1,0.02547516115,0.04369942338214285,0.013399533128571428,weekly,weighted,0.0,region_05
2023-01-14,5,CH.1.1,0.02267560106666667,0.037977111558571426,0.012358331110119048,weekly,weighted,,region_05
2023-01-21,5,CH.1.1,0.019876040983333332,0.032254799735,0.011317129091666668,weekly,weighted,0.0,region_05
2023-01-28,5,CH.1.1,0.01670659115439394,0.02748733888068182,0.009343988904469698,weekly,weighted,,region_05
2023-02-04,5,CH.1.1,0.013537141325454544,0.022719878026363636,0.007370848717272727,weekly,weighted,0.0,region_05
2023-02-11,5,CH.1.1,0.015155828559,0.024164883234,0.008862914517000001,weekly,weighted,0.0,region_05
2023-02-18,5,CH.1.1,0.013833855723142857,0.02236139318457143,0.007944577883238095,weekly,weighted,,region_05
2023-02-25,5,CH.1.1,0.012511882887285714,0.020557903135142858,0.0070262412494761905,weekly,weighted,,region_05
2023-03-04,5,CH.1.1,0.01118991005142857,0.018754413085714287,0.006107904615714285,weekly,weighted,0.0,region_05
2023-07-08,5,EG.5,0.07876805410434783,0.11988564127173913,0.04832608414652174,biweekly,weighted,0.0,region_05
2023-07-15,5,EG.5,0.1089334787752042,0.1526184378831423,0.07453728999704874,biweekly,weighted,,region_05
2023-07-22,5,EG.5,0.1390989034460606,0.18535123449454546,0.10074849584757575,biweekly,weighted,0.0,region_05
2023-07-29,5,EG.5,0.15260087164325253,0.1912532770729394,0.11945568898845454,biweekly,weighted,,region_05
2023-08-05,5,EG.5,0.16610283984044444,0.19715531965133334,0.13816288212933334,biweekly,weighted,0.0,region_05
2023-08-12,5,EG.5,0.1732411181168889,0.21263930776340478,0.13857101734180954,biweekly,weighted,,region_05
2023-08-19,5,EG.5,0.18037939639333334,0.2281232958754762,0.13897915255428572,biweekly,weighted,0.0,region_05
2023-08-26,5,EG.5,0.20708052508713176,0.25467258921215674,0.1649074377792359,biweekly,weighted,,region_05
2023-09-02,5,EG.5,0.23378165378093022,0.28122188254883723,0.19083572300418605,biweekly,weighted,0.0,region_05
2023-09-09,5,EG.5,0.23478319492177463,0.272112525455252,0.20047044796935493,biweekly,weighted,,region_05
2023-09-16,5,EG.5,0.23578473606261904,0.2630031683616667,0.2101051729345238,biweekly,weighted,0.0,region_05
2023-09-23,5,EG.5,0.24345319540301685,0.28041493241058946,0.20922744047372532,biweekly,weighted,,region_05
2023-09-30,5,EG.5,0.25112165474341464,0.2978266964595122,0.20834970801292685,biweekly,weighted,0.0,region_05
2023-10-07,5,EG.5,0.2344432596167073,0.2763754331941311,0.19604826770371342,biweekly,weighted,,region_05
2023-10-14,5,EG.5,0.21776486449000002,0.25492416992875,0.1837468273945,biweekly,weighted,0.0,region_05
2023-10-21,5,EG.5,0.20018794298294873,0.2381377549796314,0.16592628645391666,biweekly,weighted,,region_05
2023-10-28,5,EG.5,0.18261102147589744,0.2213513400305128,0.14810574551333333,biweekly,weighted,0.0,region_05
2023-11-04,5,EG.5,0.18252909375571189,0.2135036593644669,0.15449100039995614,biweekly,weighted,,region_05
2023-11-11,5,EG.5,0.18244716603552633,0.20565597869842103,0.16087625528657895,biweekly,weighted,0.0,region_05
2023-11-18,5,EG.5,0.166870539242628,0.19440078934556188,0.1419720141799111,biweekly,weighted,,region_05
2023-11-25,5,EG.5,0.15129391244972973,0.18314559999270272,0.12306777307324324,biweekly,weighted,0.0,region_05
2023-12-02,5,EG.5,0.1348732817308371,0.1619097271387125,0.1108679343131494,biweekly,weighted,,region_05
2023-12-09,5,EG.5,0.11845265101194445,0.14067385428472223,0.09866809555305556,biweekly,weighted,0.0,region_05
2023-12-16,5,EG.5,0.0977211919536865,0.11979491666907541,0.07865505265252777,biweekly,weighted,,region_05
2023-12-23,5,EG.5,0.07698973289542857,0.09891597905342857,0.05864200975199999,biweekly,weighted,0.0,region_05
2023-12-30,5,EG.5,0.0637313236505084,0.08349768039789077,0.047498437924970584,biweekly,weighted,,region_05
2024-01-06,5,EG.5,0.05047291440558824,0.06807938174235295,0.036354866097941176,biweekly,weighted,0.0,region_05
2024-01-13,5,EG.5,0.04600453128857537,0.06730242395039523,0.03016032926850184,biweekly,weighted,,region_05
2024-01-20,5,EG.5,0.0415361481715625,0.0665254661584375,0.0239657924390625,biweekly,weighted,0.0,region_05
2023-11-25,5,EG.5.1.8,0.011850986764285714,0.020241506398571425,0.006304388998571428,biweekly,weighted,0.0,region_05
2023-12-02,5,EG.5.1.8,0.009817234254571428,0.016553494587571427,0.0053233790075714275,biweekly,weighted,,region_05
2023-12-09,5,EG.5.1.8,0.007783481744857143,0.01286548277657143,0.004342369016571428,biweekly,weighted,0.0,region_05
2023-09-16,5,EG.6.1,0.01450560058,0.0242377879105,0.0079490450095,biweekly,weighted,0.0,region_05
2023-08-05,5,FL.1.5.1,0.04447252377822222,0.068833145334,0.026883473371999998,biweekly,weighted,0.0,region_05
2023-08-12,5,FL.1.5.1,0.04749172129195202,0.07409413841518182,0.028374190148613636,biweekly,weighted,,region_05
2023-08-19,5,FL.1.5.1,0.050510918805681815,0.07935513149636364,0.029864906925227273,biweekly,weighted,0.0,region_05
2023-08-26,5,FL.1.5.1,0.06445652530098045,0.0879574728693446,0.046291935196218284,biweekly,weighted,,region_05
2023-09-02,5,FL.1.5.1,0.07840213179627907,0.09655981424232557,0.0627189634672093,biweekly,weighted,0.0,region_05
2023-09-09,5,FL.1.5.1,0.08372757282313953,0.11640106994080565,0.05841636739515227,biweekly,weighted,,region_05
2023-09-16,5,FL.1.5.1,0.08905301385,0.13624232563928573,0.054113771323095236,biweekly,weighted,0.0,region_05
2023-09-23,5,FL.1.5.1,0.09439271850317073,0.13110102727622824,0.0657528633441086,biweekly,weighted,,region_05
2023-09-30,5,FL.1.5.1,0.09973242315634145,0.12595972891317073,0.07739195536512194,biweekly,weighted,0.0,region_05
2023-10-07,5,FL.1.5.1,0.08424177968492072,0.10753190930646037,0.06462194040243598,biweekly,weighted,,region_05
2023-10-14,5,FL.1.5.1,0.0687511362135,0.08910408969975,0.05185192543975,biweekly,weighted,0.0,region_05
2023-10-21,5,FL.1.5.1,0.07115085348495512,0.09299656495884936,0.05311133935808013,biweekly,weighted,,region_05
2023-10-28,5,FL.1.5.1,0.07355057075641025,0.09688904021794872,0.05437075327641026,biweekly,weighted,0.0,region_05
2023-11-04,5,FL.1.5.1,0.06788472625359986,0.09193918777068488,0.0485869578946525,biweekly,weighted,,region_05
2023-11-11,5,FL.1.5.1,0.06221888175078947,0.08698933532342105,0.04280316251289474,biweekly,weighted,0.0,region_05
2023-11-18,5,FL.1.5.1,0.0613154803225569,0.08706820656035918,0.04140778346820413,biweekly,weighted,,region_05
2023-11-25,5,FL.1.5.1,0.06041207889432433,0.0871470777972973,0.04001240442351352,biweekly,weighted,0.0,region_05
2023-12-02,5,FL.1.5.1,0.05035072084188438,0.07187065210170421,0.03382803008050676,biweekly,weighted,,region_05
2023-12-09,5,FL.1.5.1,0.04028936278944444,0.056594226406111114,0.0276436557375,biweekly,weighted,0.0,region_05
2023-12-16,5,FL.1.5.1,0.02747472808172222,0.040329447150769845,0.01793715929417857,biweekly,weighted,,region_05
2023-12-23,5,FL.1.5.1,0.014660093373999998,0.024064667895428573,0.008230662850857143,biweekly,weighted,0.0,region_05
2023-09-02,5,GE.1,0.0210135337,0.03703565523,0.01064076647,biweekly,weighted,0.0,region_05
2023-09-09,5,GE.1,0.01947381813219512,0.03196653966731707,0.010993347786219514,biweekly,weighted,,region_05
2023-09-16,5,GE.1,0.017934102564390243,0.026897424104634145,0.011345929102439025,biweekly,weighted,0.0,region_05
2023-09-23,5,GE.1,0.018302265190853657,0.028529550675609756,0.011025601498414635,biweekly,weighted,,region_05
2023-09-30,5,GE.1,0.018670427817317075,0.030161677246585368,0.010705273894390244,biweekly,weighted,0.0,region_05
2023-10-07,5,GE.1,0.01544256547250469,0.025226358817523453,0.008728060535528456,biweekly,weighted,,region_05
2023-10-14,5,GE.1,0.012214703127692307,0.020291040388461537,0.006750847176666667,biweekly,weighted,0.0,region_05
2023-10-21,5,GE.1,0.011475111555213675,0.019358550156346153,0.006214456579444445,biweekly,weighted,,region_05
2023-10-28,5,GE.1,0.010735519982735042,0.01842605992423077,0.005678065982222223,biweekly,weighted,,region_05
2023-11-04,5,GE.1,0.00999592841025641,0.017493569692115386,0.005141675385000001,biweekly,weighted,,region_05
2023-11-11,5,GE.1,0.009256336837777778,0.016561079460000003,0.004605284787777778,biweekly,weighted,0.0,region_05
2023-08-19,5,GK.1.1,0.023132818128333333,0.04045556733833333,0.011843674351666666,biweekly,weighted,0.0,region_05
2023-08-26,5,GK.1.1,0.01969396291916667,0.03480819969666667,0.009938857285833333,biweekly,weighted,,region_05
2023-09-02,5,GK.1.1,0.01625510771,0.029160832055000002,0.00803404022,biweekly,weighted,0.0,region_05
2023-09-09,5,GK.1.1,0.017407813162012196,0.029667478469237805,0.009339528004756098,biweekly,weighted,,region_05
2023-09-16,5,GK.1.1,0.018560518614024392,0.03017412488347561,0.010645015789512196,biweekly,weighted,,region_05
2023-09-23,5,GK.1.1,0.019713224066036587,0.030680771297713415,0.011950503574268292,biweekly,weighted,,region_05
2023-09-30,5,GK.1.1,0.020865929518048783,0.03118741771195122,0.01325599135902439,biweekly,weighted,0.0,region_05
2023-10-07,5,GK.1.1,0.024270107964409007,0.03864797119251407,0.014217049758358349,biweekly,weighted,,region_05
2023-10-14,5,GK.1.1,0.02767428641076923,0.04610852467307692,0.015178108157692308,biweekly,weighted,0.0,region_05
2023-10-21,5,GK.1.1,0.02058350540174825,0.03502653032108391,0.010980499661346154,biweekly,weighted,,region_05
2023-10-28,5,GK.1.1,0.013492724392727274,0.023944535969090908,0.006782891165,biweekly,weighted,0.0,region_05
2023-11-04,5,GK.1.1,0.017317929415179425,0.02708987942665072,0.010494845666578947,biweekly,weighted,,region_05
2023-11-11,5,GK.1.1,0.021143134437631578,0.030235222884210527,0.014206800168157896,biweekly,weighted,0.0,region_05
2023-11-18,5,GK.1.1,0.01749782825854552,0.027033887081834993,0.01074723652624111,biweekly,weighted,,region_05
2023-11-25,5,GK.1.1,0.013852522079459459,0.02383255127945946,0.007287672884324324,biweekly,weighted,0.0,region_05
2023-12-02,5,GK.1.1,0.01225525952958267,0.02099891068237679,0.006486754535250397,biweekly,weighted,,region_05
2023-12-09,5,GK.1.1,0.010657996979705884,0.018165270085294116,0.005685836186176471,biweekly,weighted,0.0,region_05
2023-09-02,5,GK.2,0.012226327167142857,0.020931509900238093,0.006475830184523809,biweekly,weighted,0.0,region_05
2023-09-09,5,GK.2,0.011034655865571428,0.019175183160785713,0.005725517487595238,biweekly,weighted,,region_05
2023-09-16,5,GK.2,0.009842984564,0.017418856421333333,0.004975204790666667,biweekly,weighted,0.0,region_05
2023-09-23,5,GK.2,0.010762829571625,0.01855168682475,0.005659374626625,biweekly,weighted,,region_05
2023-09-30,5,GK.2,0.01168267457925,0.019684517228166665,0.006343544462583333,biweekly,weighted,,region_05
2023-10-07,5,GK.2,0.012602519586875,0.020817347631583334,0.007027714298541666,biweekly,weighted,,region_05
2023-10-14,5,GK.2,0.0135223645945,0.021950178035,0.007711884134499999,biweekly,weighted,0.0,region_05
2023-09-02,5,HF.1,0.031343542704285715,0.050258085131190476,0.01810177154,biweekly,weighted,0.0,region_05
2023-09-09,5,HF.1,0.03391606048992063,0.057011616726891534,0.018352815746296297,biweekly,weighted,,region_05
2023-09-16,5,HF.1,0.03648857827555555,0.0637651483225926,0.018603859952592592,biweekly,weighted,0.0,region_05
2023-09-23,5,HF.1,0.042628160953931626,0.07534224177014245,0.021312789087065527,biweekly,weighted,,region_05
2023-09-30,5,HF.1,0.048767743632307695,0.08691933521769231,0.024021718221538462,biweekly,weighted,0.0,region_05
2023-10-07,5,HF.1,0.04388170295346154,0.07716264761961539,0.02210374574076923,biweekly,weighted,,region_05
2023-10-14,5,HF.1,0.03899566227461538,0.06740596002153845,0.02018577326,biweekly,weighted,0.0,region_05
2023-10-21,5,HF.1,0.035353295253961095,0.06110971601381078,0.01831211336436782,biweekly,weighted,,region_05
2023-10-28,5,HF.1,0.031710928233306804,0.05481347200608311,0.016438453468735632,biweekly,weighted,,region_05
2023-11-04,5,HF.1,0.028068561212652516,0.048517227998355436,0.014564793573103448,biweekly,weighted,,region_05
2023-11-11,5,HF.1,0.024426194191998228,0.042220983990627764,0.012691133677471263,biweekly,weighted,,region_05
2023-11-18,5,HF.1,0.020783827171343944,0.035924739982900085,0.01081747378183908,biweekly,weighted,,region_05
2023-11-25,5,HF.1,0.017141460150689656,0.029628495975172413,0.008943813886206896,biweekly,weighted,0.0,region_05
2023-12-02,5,HF.1,0.014633845314511494,0.025654511205086206,0.007488313535603448,biweekly,weighted,,region_05
2023-12-09,5,HF.1,0.012126230478333333,0.021680526435,0.006032813184999999,biweekly,weighted,0.0,region_05
2023-09-30,5,HK.3,0.023560235896666667,0.040056404969999994,0.012586659443333334,biweekly,weighted,0.0,region_05
2023-10-07,5,HK.3,0.025262291891666667,0.04258728625041666,0.013657444002500001,biweekly,weighted,,region_05
2023-10-14,5,HK.3,0.026964347886666667,0.045118167530833336,0.014728228561666667,biweekly,weighted,0.0,region_05
2023-10-21,5,HK.3,0.030010362767179485,0.048136191161955125,0.01737986955224359,biweekly,weighted,,region_05
2023-10-28,5,HK.3,0.03305637764769231,0.05115421479307692,0.020031510542820513,biweekly,weighted,0.0,region_05
2023-11-04,5,HK.3,0.04154045765595142,0.06095498687640688,0.027009836341278678,biweekly,weighted,,region_05
2023-11-11,5,HK.3,0.05002453766421053,0.07075575895973685,0.03398816213973684,biweekly,weighted,0.0,region_05
2023-11-18,5,HK.3,0.046118793980483644,0.06675563287392247,0.030474000544733287,biweekly,weighted,,region_05
2023-11-25,5,HK.3,0.04221305029675675,0.06275550678810811,0.02695983894972973,biweekly,weighted,0.0,region_05
2023-12-02,5,HK.3,0.03760394607143393,0.053351080661831835,0.025576263114309307,biweekly,weighted,,region_05
2023-12-09,5,HK.3,0.03299484184611111,0.04394665453555555,0.02419268727888889,biweekly,weighted,0.0,region_05
2023-12-16,5,HK.3,0.02945723424976984,0.03964768037434921,0.021335897086587303,biweekly,weighted,,region_05
2023-12-23,5,HK.3,0.02591962665342857,0.03534870621314286,0.018479106894285717,biweekly,weighted,0.0,region_05
2023-12-30,5,HK.3,0.023344872556108225,0.03393077386672294,0.01548630594835498,biweekly,weighted,,region_05
2024-01-06,5,HK.3,0.02077011845878788,0.03251284152030303,0.012493505002424242,biweekly,weighted,0.0,region_05
2024-01-13,5,HK.3,0.01517583247239394,0.024639713278151516,0.008708340280212121,biweekly,weighted,,region_05
2024-01-20,5,HK.3,0.009581546486,0.016766585036000002,0.0049231755580000005,biweekly,weighted,0.0,region_05
2023-08-19,5,HV.1,0.04141087330590909,0.07023167017477273,0.02202785159068182,biweekly,weighted,0.0,region_05
2023-08-26,5,HV.1,0.045438262064349894,0.06825736982006078,0.028963146801038585,biweekly,weighted,,region_05
2023-09-02,5,HV.1,0.0494656508227907,0.06628306946534884,0.035898442011395346,biweekly,weighted,0.0,region_05
2023-09-09,5,HV.1,0.0703256088737763,0.09434794754481729,0.050825692063078624,biweekly,weighted,,region_05
2023-09-16,5,HV.1,0.0911855669247619,0.12241282562428572,0.0657529421147619,biweekly,weighted,0.0,region_05
2023-09-23,5,HV.1,0.09684865280067363,0.12842473675421603,0.07086999273652729,biweekly,weighted,,region_05
2023-09-30,5,HV.1,0.10251173867658536,0.13443664788414636,0.07598704335829268,biweekly,weighted,0.0,region_05
2023-10-07,5,HV.1,0.1375550644789177,0.1707147467471982,0.10890007528289634,biweekly,weighted,,region_05
2023-10-14,5,HV.1,0.17259839028124999,0.20699284561025003,0.1418131072075,biweekly,weighted,0.0,region_05
2023-10-21,5,HV.1,0.1959876662837019,0.236005946664484,0.1600729520261859,biweekly,weighted,,region_05
2023-10-28,5,HV.1,0.21937694228615384,0.2650190477187179,0.1783327968448718,biweekly,weighted,0.0,region_05
2023-11-04,5,HV.1,0.2294403684407085,0.2737536039735695,0.18922463286598853,biweekly,weighted,,region_05
2023-11-11,5,HV.1,0.23950379459526316,0.28248816022842105,0.20011646888710527,biweekly,weighted,0.0,region_05
2023-11-18,5,HV.1,0.2684263853649289,0.31232758117623755,0.2276871794592283,biweekly,weighted,,region_05
2023-11-25,5,HV.1,0.2973489761345946,0.34216700212405404,0.25525789003135135,biweekly,weighted,0.0,region_05
2023-12-02,5,HV.1,0.27602666119688063,0.31785253211661035,0.23692551482317567,biweekly,weighted,,region_05
2023-12-09,5,HV.1,0.25470434625916666,0.29353806210916666,0.218593139615,biweekly,weighted,0.0,region_05
2023-12-16,5,HV.1,0.24026360845286904,0.27956912307058335,0.20400543015349998,biweekly,weighted,,region_05
2023-12-23,5,HV.1,0.22582287064657142,0.265600184032,0.189417720692,biweekly,weighted,0.0,region_05
2023-12-30,5,HV.1,0.17034686864916807,0.2021782675149706,0.1416218465835,biweekly,weighted,,region_05
2024-01-06,5,HV.1,0.11487086665176471,0.13875635099794117,0.093825972475,biweekly,weighted,0.0,region_05
2024-01-13,5,HV.1,0.08590061322179145,0.10887362568972817,0.06674962015522727,biweekly,weighted,,region_05
2024-01-20,5,HV.1,0.05693035979181818,0.07899090038151514,0.039673267835454544,biweekly,weighted,0.0,region_05
2023-09-16,5,JD.1.1,0.011461188706666667,0.02029706869,0.00578377251,biweekly,weighted,0.0,region_05
2023-09-23,5,JD.1.1,0.013161044086958333,0.022238129915875,0.007113304568125,biweekly,weighted,,region_05
2023-09-30,5,JD.1.1,0.01486089946725,0.02417919114175,0.00844283662625,biweekly,weighted,0.0,region_05
2023-10-07,5,JD.1.1,0.017577159622949326,0.02818707424006419,0.010189766247449324,biweekly,weighted,,region_05
2023-10-14,5,JD.1.1,0.02029341977864865,0.032194957338378384,0.011936695868648648,biweekly,weighted,0.0,region_05
2023-10-21,5,JD.1.1,0.027209980665990993,0.04310256443867637,0.015997969284837144,biweekly,weighted,,region_05
2023-10-28,5,JD.1.1,0.034126541553333334,0.05401017153897436,0.020059242701025642,biweekly,weighted,0.0,region_05
2023-11-04,5,JD.1.1,0.036927991144504506,0.05708505802016286,0.022403641381188496,biweekly,weighted,,region_05
2023-11-11,5,JD.1.1,0.03972944073567568,0.060159944501351356,0.02474804006135135,biweekly,weighted,0.0,region_05
2023-11-18,5,JD.1.1,0.04193108956743243,0.06008758602310811,0.028106304665675673,biweekly,weighted,,region_05
2023-11-25,5,JD.1.1,0.044132738399189186,0.06001522754486486,0.03146456927,biweekly,weighted,0.0,region_05
2023-12-02,5,JD.1.1,0.04481638182945173,0.06266787393043242,0.030892248264714286,biweekly,weighted,,region_05
2023-12-09,5,JD.1.1,0.045500025259714284,0.065320520316,0.030319927259428572,biweekly,weighted,0.0,region_05
2023-12-16,5,JD.1.1,0.045834395715000004,0.06393601654914285,0.03169274364714286,biweekly,weighted,,region_05
2023-12-23,5,JD.1.1,0.046168766170285716,0.06255151278228571,0.033065560034857146,biweekly,weighted,0.0,region_05
2023-12-30,5,JD.1.1,0.04649102480734874,0.06566814695570168,0.03168293779286975,biweekly,weighted,,region_05
2024-01-06,5,JD.1.1,0.04681328344441177,0.06878478112911765,0.03030031555088235,biweekly,weighted,0.0,region_05
2024-01-13,5,JD.1.1,0.030422584439242922,0.04623368498900327,0.018939882281552287,biweekly,weighted,,region_05
2024-01-20,5,JD.1.1,0.014031885434074074,0.02368258884888889,0.007579449012222223,biweekly,weighted,0.0,region_05
2023-09-16,5,JF.1,0.014235096256086956,0.025072498166086955,0.007232542534782609,biweekly,weighted,0.0,region_05
2023-09-23,5,JF.1,0.01626477550793571,0.028342123251226307,0.008388896793686361,biweekly,weighted,,region_05
2023-09-30,5,JF.1,0.018294454759784466,0.03161174833636566,0.009545251052590114,biweekly,weighted,,region_05
2023-10-07,5,JF.1,0.020324134011633223,0.03488137342150502,0.010701605311493867,biweekly,weighted,,region_05
2023-10-14,5,JF.1,0.022353813263481976,0.03815099850664437,0.01185795957039762,biweekly,weighted,,region_05
2023-10-21,5,JF.1,0.02438349251533073,0.04142062359178372,0.013014313829301374,biweekly,weighted,,region_05
2023-10-28,5,JF.1,0.026413171767179486,0.044690248676923075,0.014170668088205126,biweekly,weighted,0.0,region_05
2023-11-04,5,JF.1,0.02576849255841733,0.04261329141828912,0.014294948734792218,biweekly,weighted,,region_05
2023-11-11,5,JF.1,0.025123813349655175,0.04053633415965517,0.01441922938137931,biweekly,weighted,0.0,region_05
2023-11-18,5,JF.1,0.021117168385399017,0.03401217152282759,0.012157509382546798,biweekly,weighted,,region_05
2023-11-25,5,JF.1,0.017110523421142856,0.027488008886,0.009895789383714286,biweekly,weighted,0.0,region_05
2023-12-02,5,JF.1,0.019469648788349204,0.03150570194438889,0.011138095868940476,biweekly,weighted,,region_05
2023-12-09,5,JF.1,0.021828774155555553,0.03552339500277778,0.012380402354166667,biweekly,weighted,0.0,region_05
2023-12-16,5,JF.1,0.016612772055130717,0.026481425295359476,0.009708219685759804,biweekly,weighted,,region_05
2023-12-23,5,JF.1,0.011396769954705883,0.017439455587941174,0.0070360370173529405,biweekly,weighted,0.0,region_05
2023-11-11,5,JG.3,0.03162839827394737,0.042206420023947366,0.023097150811578947,biweekly,weighted,0.0,region_05
2023-11-18,5,JG.3,0.02975034703629801,0.04151612421521693,0.02062711211727596,biweekly,weighted,,region_05
2023-11-25,5,JG.3,0.02787229579864865,0.040825828406486485,0.018157073422972972,biweekly,weighted,0.0,region_05
2023-12-02,5,JG.3,0.029974249660435437,0.04156318214490991,0.020973719150375374,biweekly,weighted,,region_05
2023-12-09,5,JG.3,0.03207620352222222,0.04230053588333334,0.02379036487777778,biweekly,weighted,0.0,region_05
2023-12-16,5,JG.3,0.033815955461258165,0.04621614229387255,0.024033149956535948,biweekly,weighted,,region_05
2023-12-23,5,JG.3,0.035555707400294116,0.05013174870441177,0.024275935035294117,biweekly,weighted,0.0,region_05
2023-12-30,5,JG.3,0.031558297940147056,0.04643354723993316,0.020471518242041,biweekly,weighted,,region_05
2024-01-06,5,JG.3,0.02756088848,0.04273534577545455,0.01666710144878788,biweekly,weighted,0.0,region_05
2024-01-13,5,JG.3,0.02487620364078125,0.03763961157382102,0.01556046110830019,biweekly,weighted,,region_05
2024-01-20,5,JG.3,0.0221915188015625,0.0325438773721875,0.0144538207678125,biweekly,weighted,0.0,region_05
2023-11-25,5,JN.1,0.04996339386916667,0.088752143085,0.024724278288333332,biweekly,weighted,0.0,region_05
2023-12-02,5,JN.1,0.10766392961750001,0.14601853614,0.07836235443958334,biweekly,weighted,,region_05
2023-12-09,5,JN.1,0.16536446536583335,0.203284929195,0.13200043059083333,biweekly,weighted,0.0,region_05
2023-12-16,5,JN.1,0.23445245444420237,0.2756625893565,0.19680770530384523,biweekly,weighted,,region_05
2023-12-23,5,JN.1,0.3035404435225714,0.348040249518,0.2616149800168571,biweekly,weighted,0.0,region_05
2023-12-30,5,JN.1,0.4081711102181975,0.4664525153504706,0.35095328396842856,biweekly,weighted,,region_05
2024-01-06,5,JN.1,0.5128017769138236,0.5848647811829412,0.44029158792,biweekly,weighted,0.0,region_05
2024-01-13,5,JN.1,0.5901126688387299,0.6567004270943494,0.5210698250800001,biweekly,weighted,,region_05
2024-01-20,5,JN.1,0.6674235607636363,0.7285360730057576,0.6018480622400001,biweekly,weighted,0.0,region_05
2024-01-27,5,JN.1,0.7142394434263494,0.78189116710741,0.6370660299993751,biweekly,weighted,,region_05
2024-02-03,5,JN.1,0.7610553260890625,0.8352462612090625,0.67228399775875,biweekly,weighted,0.0,region_05
2024-02-10,5,JN.1,0.7468493575108215,0.8152730609740474,0.6665392010017943,biweekly,weighted,,region_05
2024-02-17,5,JN.1,0.7326433889325806,0.7952998607390322,0.6607944042448387,biweekly,weighted,0.0,region_05
2024-02-24,5,JN.1,0.7250717952599111,0.7827698217421023,0.6600542028374193,biweekly,weighted,,region_05
2024-03-02,5,JN.1,0.7175002015872414,0.7702397827451724,0.65931400143,biweekly,weighted,0.0,region_05
2024-03-09,5,JN.1,0.6814780646355172,0.7344885807613792,0.6242882177751724,biweekly,weighted,,region_05
2024-03-16,5,JN.1,0.6454559276837931,0.6987373787775862,0.5892624341203448,biweekly,weighted,0.0,region_05
2024-03-23,5,JN.1,0.6002617206772537,0.6656969520329004,0.5323041729221367,biweekly,weighted,,region_05
2024-03-30,5,JN.1,0.5550675136707143,0.6326565252882144,0.4753459117239286,biweekly,weighted,0.0,region_05
2024-04-06,5,JN.1,0.45795811872410713,0.5360109422883929,0.3814275051864286,biweekly,weighted,,region_05
2024-04-13,5,JN.1,0.3608487237775,0.4393653592885714,0.2875090986489286,biweekly,weighted,0.0,region_05
2024-04-20,5,JN.1,0.3274298950672685,0.42073206709947086,0.24421269639798282,biweekly,weighted,,region_05
2024-04-27,5,JN.1,0.29401106635703705,0.4020987749103704,0.20091629414703702,biweekly,weighted,0.0,region_05
2024-05-04,5,JN.1,0.24833126986997686,0.35143693909101853,0.16317352845747685,biweekly,weighted,,region_05
2024-05-11,5,JN.1,0.20265147338291667,0.3007751032716667,0.12543076276791668,biweekly,weighted,0.0,region_05
2024-05-18,5,JN.1,0.14355338586145833,0.21212529715039857,0.09005131572526269,biweekly,weighted,,region_05
2024-05-25,5,JN.1,0.08445529834,0.12347549102913044,0.0546718686826087,biweekly,weighted,0.0,region_05
2024-06-01,5,JN.1,0.087632768579,0.12873222729623188,0.05633592754663768,biweekly,weighted,,region_05
2024-06-08,5,JN.1,0.090810238818,0.1339889635633333,0.057999986410666664,biweekly,weighted,0.0,region_05
2024-06-15,5,JN.1,0.07876701729763637,0.11797444130666665,0.04940359621260606,biweekly,weighted,,region_05
2024-06-22,5,JN.1,0.06672379577727273,0.10195991905,0.040807206014545454,biweekly,weighted,0.0,region_05
2024-04-13,5,JN.1.13.1,0.03203420341,0.05688657984,0.01597468741,biweekly,weighted,0.0,region_05
2024-03-16,5,JN.1.16,0.01996572502,0.03511362523,0.01014577225,biweekly,weighted,0.0,region_05
2024-03-23,5,JN.1.16,0.024077939102499998,0.04203947819875,0.01232883357625,biweekly,weighted,,region_05
2024-03-30,5,JN.1.16,0.028190153184999997,0.0489653311675,0.0145118949025,biweekly,weighted,,region_05
2024-04-06,5,JN.1.16,0.0323023672675,0.05589118413625,0.01669495622875,biweekly,weighted,,region_05
2024-04-13,5,JN.1.16,0.03641458135,0.062817037105,0.018878017555,biweekly,weighted,,region_05
2024-04-20,5,JN.1.16,0.0405267954325,0.06974289007375001,0.02106107888125,biweekly,weighted,,region_05
2024-04-27,5,JN.1.16,0.044639009515,0.0766687430425,0.0232441402075,biweekly,weighted,,region_05
2024-05-04,5,JN.1.16,0.0487512235975,0.08359459601125,0.02542720153375,biweekly,weighted,,region_05
2024-05-11,5,JN.1.16,0.05286343768,0.09052044898,0.02761026286,biweekly,weighted,0.0,region_05
2024-07-06,5,JN.1.16.1,0.02725198865,0.04668970779,0.01434789971,biweekly,weighted,0.0,region_05
2024-02-17,5,JN.1.18,0.0150357333475,0.024660944472499998,0.008447221014999999,biweekly,weighted,0.0,region_05
2024-02-24,5,JN.1.18,0.01659191616185345,0.027192918543318963,0.009329778343706897,biweekly,weighted,,region_05
2024-03-02,5,JN.1.18,0.018148098976206898,0.02972489261413793,0.010212335672413793,biweekly,weighted,0.0,region_05
2024-03-09,5,JN.1.18,0.020376219283873925,0.03404164785529095,0.011155644616966595,biweekly,weighted,,region_05
2024-03-16,5,JN.1.18,0.02260433959154095,0.03835840309644396,0.012098953561519396,biweekly,weighted,,region_05
2024-03-23,5,JN.1.18,0.024832459899207973,0.04267515833759698,0.013042262506072197,biweekly,weighted,,region_05
2024-03-30,5,JN.1.18,0.027060580206875,0.04699191357875,0.013985571450625,biweekly,weighted,0.0,region_05
2024-03-02,5,JN.1.32,0.020208369263636363,0.034554359419545454,0.010706488932272728,biweekly,weighted,0.0,region_05
2024-03-09,5,JN.1.32,0.023956625384125872,0.039427252839003495,0.013390845884405596,biweekly,weighted,,region_05
2024-03-16,5,JN.1.32,0.027704881504615385,0.044300146258461535,0.016075202836538464,biweekly,weighted,0.0,region_05
2024-03-23,5,JN.1.32,0.027837042400734265,0.045469464796800696,0.015707160246494756,biweekly,weighted,,region_05
2024-03-30,5,JN.1.32,0.027969203296853144,0.04663878333513986,0.015339117656451049,biweekly,weighted,,region_05
2024-04-06,5,JN.1.32,0.028101364192972027,0.047808101873479024,0.014971075066407344,biweekly,weighted,,region_05
2024-04-13,5,JN.1.32,0.028233525089090907,0.048977420411818184,0.014603032476363636,biweekly,weighted,0.0,region_05
2024-02-03,5,JN.1.7,0.015586809054642856,0.02547256335857143,0.008799812522857142,biweekly,weighted,0.0,region_05
2024-02-10,5,JN.1.7,0.024356309823035716,0.03657316393142857,0.01542515422392857,biweekly,weighted,,region_05
2024-02-17,5,JN.1.7,0.03312581059142857,0.04767376450428572,0.022050495925,biweekly,weighted,0.0,region_05
2024-02-24,5,JN.1.7,0.043660323534464286,0.06034883098392857,0.03053852802714286,biweekly,weighted,,region_05
2024-03-02,5,JN.1.7,0.0541948364775,0.07302389746357142,0.039026560129285716,biweekly,weighted,0.0,region_05
2024-03-09,5,JN.1.7,0.06761991432142857,0.09111012851053571,0.04865298367,biweekly,weighted,,region_05
2024-03-16,5,JN.1.7,0.08104499216535714,0.1091963595575,0.058279407210714285,biweekly,weighted,0.0,region_05
2024-03-23,5,JN.1.7,0.09805226871410713,0.13516527148196428,0.06835792885589285,biweekly,weighted,,region_05
2024-03-30,5,JN.1.7,0.11505954526285714,0.16113418340642857,0.07843645050107143,biweekly,weighted,0.0,region_05
2024-04-06,5,JN.1.7,0.12752083888464286,0.1845173880989286,0.08305361175125,biweekly,weighted,,region_05
2024-04-13,5,JN.1.7,0.13998213250642857,0.20790059279142858,0.08767077300142857,biweekly,weighted,0.0,region_05
2024-04-20,5,JN.1.7,0.18033264836185064,0.2668674870500325,0.11230376823594157,biweekly,weighted,,region_05
2024-04-27,5,JN.1.7,0.22068316421727274,0.3258343813086364,0.13693676347045455,biweekly,weighted,0.0,region_05
2024-05-04,5,JN.1.7,0.19090984796295457,0.28381966909512313,0.11780395938054924,biweekly,weighted,,region_05
2024-05-11,5,JN.1.7,0.16113653170863637,0.24180495688160986,0.09867115529064394,biweekly,weighted,,region_05
2024-05-18,5,JN.1.7,0.13136321545431817,0.1997902446680966,0.07953835120073863,biweekly,weighted,,region_05
2024-05-25,5,JN.1.7,0.1015898992,0.15777553245458334,0.060405547110833326,biweekly,weighted,0.0,region_05
2024-06-01,5,JN.1.7,0.08485112488117647,0.1312311233625858,0.050856900556887255,biweekly,weighted,,region_05
2024-06-08,5,JN.1.7,0.06811235056235294,0.10468671427058823,0.04130825400294118,biweekly,weighted,0.0,region_05
2024-02-03,5,JN.1.8.1,0.04324033828925926,0.07603477576185186,0.021787079879259257,biweekly,weighted,0.0,region_05
2024-02-10,5,JN.1.8.1,0.050306456025343914,0.07991610332378307,0.029562185134629628,biweekly,weighted,,region_05
2024-02-17,5,JN.1.8.1,0.05737257376142857,0.0837974308857143,0.03733729039,biweekly,weighted,0.0,region_05
2024-02-24,5,JN.1.8.1,0.07376595653000001,0.10582877322964288,0.04898501254160714,biweekly,weighted,,region_05
2024-03-02,5,JN.1.8.1,0.09015933929857144,0.12786011557357144,0.060632734693214285,biweekly,weighted,0.0,region_05
2024-03-09,5,JN.1.8.1,0.10115800531857144,0.13524336341178572,0.07343459900982142,biweekly,weighted,,region_05
2024-03-16,5,JN.1.8.1,0.11215667133857143,0.14262661125,0.08623646332642856,biweekly,weighted,0.0,region_05
2024-03-23,5,JN.1.8.1,0.09691049105339286,0.12682687171910714,0.07216089774303572,biweekly,weighted,,region_05
2024-03-30,5,JN.1.8.1,0.08166431076821427,0.11102713218821428,0.05808533215964286,biweekly,weighted,0.0,region_05
2024-04-06,5,JN.1.8.1,0.09633289809714285,0.12991215608017856,0.06910069735928571,biweekly,weighted,,region_05
2024-04-13,5,JN.1.8.1,0.11100148542607144,0.14879717997214284,0.08011606255892857,biweekly,weighted,0.0,region_05
2024-04-20,5,JN.1.8.1,0.08177753802272322,0.11961072330763392,0.05372108496696429,biweekly,weighted,,region_05
2024-04-27,5,JN.1.8.1,0.052553590619375,0.090424266643125,0.027326107375,biweekly,weighted,0.0,region_05
2024-05-04,5,JN.1.8.1,0.0571473129446875,0.09340576930721467,0.032048708569673914,biweekly,weighted,,region_05
2024-05-11,5,JN.1.8.1,0.06174103527,0.09638727197130434,0.03677130976434783,biweekly,weighted,0.0,region_05
2024-05-25,5,KP.1.1,0.06873881237444444,0.11605345788888889,0.03645814644833333,biweekly,weighted,0.0,region_05
2024-06-01,5,KP.1.1,0.07039822567486928,0.11288845551267973,0.0403390262529902,biweekly,weighted,,region_05
2024-06-08,5,KP.1.1,0.07205763897529412,0.10972345313647058,0.04421990605764706,biweekly,weighted,0.0,region_05
2024-06-15,5,KP.1.1,0.07127803339764706,0.1145698735679972,0.04070242357620448,biweekly,weighted,,region_05
2024-06-22,5,KP.1.1,0.07049842782,0.11941629399952382,0.037184941094761906,biweekly,weighted,0.0,region_05
2024-06-29,5,KP.1.1,0.07904051758785714,0.13629498208619048,0.040452093773095235,biweekly,weighted,,region_05
2024-07-06,5,KP.1.1,0.08758260735571428,0.15317367017285716,0.04371924645142857,biweekly,weighted,0.0,region_05
2024-07-13,5,KP.1.1,0.06171914961785714,0.10745558997319328,0.03120554135277311,biweekly,weighted,,region_05
2024-07-20,5,KP.1.1,0.03585569188,0.06173750977352941,0.018691836254117647,biweekly,weighted,0.0,region_05
2024-07-27,5,KP.1.1,0.035179556985,0.05961159324386997,0.01878351234626935,biweekly,weighted,,region_05
2024-08-03,5,KP.1.1,0.03450342209,0.057485676714210523,0.018875188438421054,biweekly,weighted,0.0,region_05
2024-07-06,5,KP.1.1.3,0.03060525831666667,0.05131644383055556,0.01660041407611111,biweekly,weighted,0.0,region_05
2024-07-13,5,KP.1.1.3,0.03192926974305556,0.0520098464975,0.018051926460555555,biweekly,weighted,,region_05
2024-07-20,5,KP.1.1.3,0.03325328116944445,0.052703249164444445,0.019503438845000002,biweekly,weighted,0.0,region_05
2024-07-27,5,KP.1.1.3,0.0324586633335307,0.05167778974307018,0.018924116904276318,biweekly,weighted,,region_05
2024-08-03,5,KP.1.1.3,0.03166404549761696,0.05065233032169591,0.01834479496355263,biweekly,weighted,,region_05
2024-08-10,5,KP.1.1.3,0.030869427661703218,0.04962687090032164,0.017765473022828947,biweekly,weighted,,region_05
2024-08-17,5,KP.1.1.3,0.030074809825789472,0.04860141147894737,0.017186151082105264,biweekly,weighted,0.0,region_05
2024-08-24,5,KP.1.1.3,0.02773146948982456,0.045244643627456144,0.015659510476754387,biweekly,weighted,,region_05
2024-08-31,5,KP.1.1.3,0.02538812915385965,0.041887875775964915,0.01413286987140351,biweekly,weighted,,region_05
2024-09-07,5,KP.1.1.3,0.023044788817894738,0.03853110792447369,0.012606229266052631,biweekly,weighted,,region_05
2024-09-14,5,KP.1.1.3,0.020701448481929827,0.03517434007298246,0.011079588660701755,biweekly,weighted,,region_05
2024-09-21,5,KP.1.1.3,0.018358108145964912,0.03181757222149123,0.009552948055350879,biweekly,weighted,,region_05
2024-09-28,5,KP.1.1.3,0.01601476781,0.02846080437,0.00802630745,biweekly,weighted,0.0,region_05
2024-03-30,5,KP.2,0.0236044582,0.04225024581,0.01167161111,biweekly,weighted,0.0,region_05
2024-04-06,5,KP.2,0.05194555156553571,0.08155420555625001,0.03086877022267857,biweekly,weighted,,region_05
2024-04-13,5,KP.2,0.08028664493107142,0.1208581653025,0.05006592933535714,biweekly,weighted,0.0,region_05
2024-04-20,5,KP.2,0.09080309005886905,0.1331072887951389,0.058730149394900795,biweekly,weighted,,region_05
2024-04-27,5,KP.2,0.10131953518666667,0.14535641228777776,0.06739436945444445,biweekly,weighted,0.0,region_05
2024-05-04,5,KP.2,0.11884516750041667,0.1668418012215972,0.08114406940763888,biweekly,weighted,,region_05
2024-05-11,5,KP.2,0.13637079981416667,0.18832719015541666,0.09489376936083332,biweekly,weighted,0.0,region_05
2024-05-18,5,KP.2,0.14676190598508332,0.20662573361130832,0.09918272616321666,biweekly,weighted,,region_05
2024-05-25,5,KP.2,0.157153012156,0.2249242770672,0.1034716829656,biweekly,weighted,0.0,region_05
2024-06-01,5,KP.2,0.13509206907107693,0.20630091506744613,0.08193811992010769,biweekly,weighted,,region_05
2024-06-08,5,KP.2,0.11303112598615385,0.1876775530676923,0.060404556874615385,biweekly,weighted,0.0,region_05
2024-06-15,5,KP.2,0.11609593750284965,0.17877076480293705,0.0698572522463986,biweekly,weighted,,region_05
2024-06-22,5,KP.2,0.11916074901954544,0.1698639765381818,0.07930994761818182,biweekly,weighted,0.0,region_05
2024-06-29,5,KP.2,0.09253993089405843,0.13216795914194804,0.06161003932766233,biweekly,weighted,,region_05
2024-07-06,5,KP.2,0.06591911276857143,0.09447194174571429,0.043910131037142856,biweekly,weighted,0.0,region_05
2024-07-13,5,KP.2,0.06686323398902255,0.09988579295890977,0.042264163583571435,biweekly,weighted,,region_05
2024-07-20,5,KP.2,0.06780735520947367,0.10529964417210526,0.040618196130000006,biweekly,weighted,0.0,region_05
2024-07-27,5,KP.2,0.06054024448283207,0.09499926811843358,0.0357944690402381,biweekly,weighted,,region_05
2024-08-03,5,KP.2,0.05327313375619047,0.0846988920647619,0.03097074195047619,biweekly,weighted,0.0,region_05
2024-08-10,5,KP.2,0.05570666120920635,0.09014475251043651,0.0315774172427381,biweekly,weighted,,region_05
2024-08-17,5,KP.2,0.058140188662222224,0.09559061295611111,0.032184092535,biweekly,weighted,0.0,region_05
2024-08-24,5,KP.2,0.05369952040329862,0.08658032147774306,0.0306113343565625,biweekly,weighted,,region_05
2024-08-31,5,KP.2,0.049258852144375004,0.077570029999375,0.029038576178125,biweekly,weighted,0.0,region_05
2024-09-07,5,KP.2,0.043102519410781255,0.06921453878703125,0.024817066791093752,biweekly,weighted,,region_05
2024-09-14,5,KP.2,0.0369461866771875,0.0608590475746875,0.0205955574040625,biweekly,weighted,,region_05
2024-09-21,5,KP.2,0.03078985394359375,0.052503556362343745,0.016374048017031247,biweekly,weighted,,region_05
2024-09-28,5,KP.2,0.02463352121,0.04414806515,0.01215253863,biweekly,weighted,0.0,region_05
2024-05-25,5,KP.2.3,0.06948171232086957,0.10766022879173913,0.04174827201217391,biweekly,weighted,0.0,region_05
2024-06-01,5,KP.2.3,0.08267708819610672,0.12696068887096343,0.05005009957913043,biweekly,weighted,,region_05
2024-06-08,5,KP.2.3,0.09587246407134388,0.14626114895018774,0.05835192714608696,biweekly,weighted,,region_05
2024-06-15,5,KP.2.3,0.10906783994658104,0.16556160902941205,0.06665375471304348,biweekly,weighted,,region_05
2024-06-22,5,KP.2.3,0.12226321582181819,0.18486206910863637,0.07495558228,biweekly,weighted,0.0,region_05
2024-06-29,5,KP.2.3,0.13012261265431818,0.20249398120454548,0.07646874389181818,biweekly,weighted,,region_05
2024-07-06,5,KP.2.3,0.13798200948681819,0.22012589330045457,0.07798190550363636,biweekly,weighted,0.0,region_05
2024-07-13,5,KP.2.3,0.1501268684474567,0.21190214844141775,0.10234866571824675,biweekly,weighted,,region_05
2024-07-20,5,KP.2.3,0.16227172740809523,0.20367840358238096,0.12671542593285715,biweekly,weighted,0.0,region_05
2024-07-27,5,KP.2.3,0.16355314886285716,0.23693204422809522,0.10748388795595239,biweekly,weighted,,region_05
2024-08-03,5,KP.2.3,0.16483457031761906,0.2701856848738095,0.08825234997904763,biweekly,weighted,0.0,region_05
2024-08-10,5,KP.2.3,0.17074568764780954,0.26137169026540474,0.10207532050052381,biweekly,weighted,,region_05
2024-08-17,5,KP.2.3,0.17665680497800001,0.25255769565700004,0.115898291022,biweekly,weighted,0.0,region_05
2024-08-24,5,KP.2.3,0.16642482206189474,0.22629635857560526,0.11733928179757894,biweekly,weighted,,region_05
2024-08-31,5,KP.2.3,0.15619283914578946,0.2000350214942105,0.11878027257315789,biweekly,weighted,0.0,region_05
2024-09-07,5,KP.2.3,0.13084773672789474,0.18715017607554274,0.08798676311439144,biweekly,weighted,,region_05
2024-09-14,5,KP.2.3,0.10550263431,0.174265330656875,0.057193253655625,biweekly,weighted,0.0,region_05
2024-09-21,5,KP.2.3,0.0914771100785294,0.14831462146314336,0.05121646340810662,biweekly,weighted,,region_05
2024-09-28,5,KP.2.3,0.07745158584705883,0.12236391226941175,0.04523967316058824,biweekly,weighted,0.0,region_05
2024-05-25,5,KP.3,0.16555407084499998,0.23896830839500002,0.10756777257958333,biweekly,weighted,0.0,region_05
2024-06-01,5,KP.3,0.20163749065187497,0.31375101177562503,0.11548235795229167,biweekly,weighted,,region_05
2024-06-08,5,KP.3,0.23772091045875,0.38853371515625,0.123396943325,biweekly,weighted,0.0,region_05
2024-06-15,5,KP.3,0.22738900492801134,0.34834798137448864,0.1330104905868182,biweekly,weighted,,region_05
2024-06-22,5,KP.3,0.21705709939727272,0.30816224759272726,0.14262403784863636,biweekly,weighted,0.0,region_05
2024-06-29,5,KP.3,0.23330861262340907,0.30175742303818176,0.1751614045356818,biweekly,weighted,,region_05
2024-07-06,5,KP.3,0.24956012584954543,0.2953525984836363,0.20769877122272726,biweekly,weighted,0.0,region_05
2024-07-13,5,KP.3,0.26288248508239176,0.3181807713275324,0.21270010457564933,biweekly,weighted,,region_05
2024-07-20,5,KP.3,0.2762048443152381,0.3410089441714286,0.2177014379285714,biweekly,weighted,0.0,region_05
2024-07-27,5,KP.3,0.24956634356785717,0.33422371567738096,0.1783761921388095,biweekly,weighted,,region_05
2024-08-03,5,KP.3,0.2229278428204762,0.3274384871833333,0.13905094634904763,biweekly,weighted,0.0,region_05
2024-08-10,5,KP.3,0.1939984137989881,0.28577216420116663,0.12129266651502381,biweekly,weighted,,region_05
2024-08-17,5,KP.3,0.1650689847775,0.24410584121899997,0.10353438668099998,biweekly,weighted,0.0,region_05
2024-08-24,5,KP.3,0.14917256602796053,0.2092430392768684,0.10122743089207895,biweekly,weighted,,region_05
2024-08-31,5,KP.3,0.13327614727842105,0.17438023733473684,0.09892047510315789,biweekly,weighted,0.0,region_05
2024-09-07,5,KP.3,0.12697450442889802,0.18517069989143092,0.08283598784782895,biweekly,weighted,,region_05
2024-09-14,5,KP.3,0.120672861579375,0.195961162448125,0.0667515005925,biweekly,weighted,0.0,region_05
2024-09-21,5,KP.3,0.11045487188056985,0.17714305879465075,0.06242386202389706,biweekly,weighted,,region_05
2024-09-28,5,KP.3,0.1002368821817647,0.15832495514117648,0.05809622345529412,biweekly,weighted,0.0,region_05
2024-10-05,5,KP.3,0.07731475000004902,0.12436472164392157,0.04388813454514706,biweekly,weighted,,region_05
2024-10-12,5,KP.3,0.05439261781833333,0.09040448814666667,0.029680045635,biweekly,weighted,0.0,region_05
2024-06-22,5,KP.3.1.1,0.04483542236476191,0.0756693975547619,0.023991773792857145,biweekly,weighted,0.0,region_05
2024-06-29,5,KP.3.1.1,0.06684668557306278,0.0989477498319264,0.04308960030029221,biweekly,weighted,,region_05
2024-07-06,5,KP.3.1.1,0.08885794878136365,0.1222261021090909,0.06218742680772727,biweekly,weighted,0.0,region_05
2024-07-13,5,KP.3.1.1,0.10455678438901517,0.1387663817607359,0.0765740743462446,biweekly,weighted,,region_05
2024-07-20,5,KP.3.1.1,0.12025561999666667,0.15530666141238095,0.09096072188476191,biweekly,weighted,0.0,region_05
2024-07-27,5,KP.3.1.1,0.16819451713833333,0.21621904167357142,0.1270737420942857,biweekly,weighted,,region_05
2024-08-03,5,KP.3.1.1,0.21613341428,0.27713142193476187,0.16318676230380952,biweekly,weighted,0.0,region_05
2024-08-10,5,KP.3.1.1,0.25586466196775,0.31362922344213096,0.20412988206790475,biweekly,weighted,,region_05
2024-08-17,5,KP.3.1.1,0.2955959096555,0.3501270249495,0.24507300183199998,biweekly,weighted,0.0,region_05
2024-08-24,5,KP.3.1.1,0.3537667112522237,0.4070958624939605,0.30316217488784214,biweekly,weighted,,region_05
2024-08-31,5,KP.3.1.1,0.41193751284894736,0.46406470003842104,0.36125134794368424,biweekly,weighted,0.0,region_05
2024-09-07,5,KP.3.1.1,0.44546253543447367,0.5014880560994883,0.39038518916406434,biweekly,weighted,,region_05
2024-09-14,5,KP.3.1.1,0.47898755802000004,0.5389114121605556,0.41951903038444444,biweekly,weighted,0.0,region_05
2024-09-21,5,KP.3.1.1,0.4756332649514706,0.5496716145799837,0.4023914111201634,biweekly,weighted,,region_05
2024-09-28,5,KP.3.1.1,0.4722789718829412,0.5604318169994118,0.38526379185588233,biweekly,weighted,0.0,region_05
2024-10-05,5,KP.3.1.1,0.5207731801580331,0.6028391259784559,0.43795708501231617,biweekly,weighted,,region_05
2024-10-12,5,KP.3.1.1,0.569267388433125,0.6452464349575,0.49065037816875,biweekly,weighted,0.0,region_05
2024-10-19,5,KP.3.1.1,0.5603119007623437,0.6426771435270833,0.47545423234593753,biweekly,weighted,,region_05
2024-10-26,5,KP.3.1.1,0.5513564130915625,0.6401078520966667,0.460258086523125,biweekly,weighted,,region_05
2024-11-02,5,KP.3.1.1,0.5424009254207812,0.63753856066625,0.44506194070031246,biweekly,weighted,,region_05
2024-11-09,5,KP.3.1.1,0.53344543775,0.6349692692358333,0.4298657948775,biweekly,weighted,0.0,region_05
2024-11-16,5,KP.3.1.1,0.469409460825,0.5856266493579166,0.35674748693875,biweekly,weighted,,region_05
2024-11-23,5,KP.3.1.1,0.4053734839,0.53628402948,0.283629179,biweekly,weighted,0.0,region_05
2024-11-30,5,KP.3.1.1,0.3754032800611111,0.4964422351766667,0.26472825805166667,biweekly,weighted,,region_05
2024-12-07,5,KP.3.1.1,0.3454330762222222,0.4566004408733334,0.24582733710333335,biweekly,weighted,0.0,region_05
2024-12-14,5,KP.3.1.1,0.3224919418491111,0.43421250349966667,0.22445451120416668,biweekly,weighted,,region_05
2024-12-21,5,KP.3.1.1,0.299550807476,0.41182456612599994,0.203081685305,biweekly,weighted,0.0,region_05
2024-12-28,5,KP.3.1.1,0.2595237997443636,0.3440082837234545,0.18656647557568184,biweekly,weighted,,region_05
2025-01-04,5,KP.3.1.1,0.2194967920127273,0.2761920013209091,0.17005126584636365,biweekly,weighted,0.0,region_05
2025-01-11,5,KP.3.1.1,0.18839393677986366,0.25168381969995457,0.13632180111618183,biweekly,weighted,,region_05
2025-01-18,5,KP.3.1.1,0.157291081547,0.22717563807900004,0.102592336386,biweekly,weighted,0.0,region_05
2025-01-25,5,KP.3.1.1,0.14114870544916666,0.2046952098602778,0.09168953867555556,biweekly,weighted,,region_05
2025-02-01,5,KP.3.1.1,0.12500632935133332,0.18221478164155558,0.08078674096511111,biweekly,weighted,,region_05
2025-02-08,5,KP.3.1.1,0.1088639532535,0.15973435342283335,0.06988394325466667,biweekly,weighted,,region_05
2025-02-15,5,KP.3.1.1,0.09272157715566666,0.13725392520411112,0.05898114554422222,biweekly,weighted,,region_05
2025-02-22,5,KP.3.1.1,0.07657920105783332,0.11477349698538888,0.048078347833777776,biweekly,weighted,,region_05
2025-03-01,5,KP.3.1.1,0.06043682496,0.09229306876666667,0.03717555012333334,biweekly,weighted,0.0,region_05
2024-06-08,5,LB.1,0.08427121241888888,0.1494740727866667,0.04117135496444444,biweekly,weighted,0.0,region_05
2024-06-15,5,LB.1,0.11663613919921717,0.1724257732956061,0.07559902591540404,biweekly,weighted,,region_05
2024-06-22,5,LB.1,0.14900106597954546,0.19537747380454548,0.11002669686636364,biweekly,weighted,0.0,region_05
2024-06-29,5,LB.1,0.13480188646704544,0.17670168185795454,0.09975457293068182,biweekly,weighted,,region_05
2024-07-06,5,LB.1,0.12060270695454545,0.15802588991136363,0.089482448995,biweekly,weighted,0.0,region_05
2024-07-13,5,LB.1,0.11921642679560605,0.15681314966663418,0.08816205816607142,biweekly,weighted,,region_05
2024-07-20,5,LB.1,0.11783014663666666,0.15560040942190476,0.08684166733714285,biweekly,weighted,0.0,region_05
2024-07-27,5,LB.1,0.12656569516404761,0.18530884775357143,0.08187368104142856,biweekly,weighted,,region_05
2024-08-03,5,LB.1,0.13530124369142857,0.21501728608523812,0.07690569474571428,biweekly,weighted,0.0,region_05
2024-08-10,5,LB.1,0.1255755095702143,0.18408107280411906,0.08096743438010714,biweekly,weighted,,region_05
2024-08-17,5,LB.1,0.11584977544899999,0.153144859523,0.0850291740145,biweekly,weighted,0.0,region_05
2024-08-24,5,LB.1,0.09448682327607894,0.13708837877360527,0.06251750297172368,biweekly,weighted,,region_05
2024-08-31,5,LB.1,0.07312387110315789,0.12103189802421054,0.04000583192894737,biweekly,weighted,0.0,region_05
2024-09-07,5,LB.1,0.06708200010157894,0.10322506635321638,0.04102221480614035,biweekly,weighted,,region_05
2024-09-14,5,LB.1,0.06104012909999999,0.08541823468222222,0.04203859768333333,biweekly,weighted,0.0,region_05
2024-12-21,5,LB.1.3.1,0.020156036135,0.033744785935,0.010990419655,biweekly,weighted,0.0,region_05
2024-12-28,5,LB.1.3.1,0.029442604580833334,0.04671265288361111,0.017274303114166667,biweekly,weighted,,region_05
2025-01-04,5,LB.1.3.1,0.03872917302666667,0.05968051983222222,0.023558186573333334,biweekly,weighted,0.0,region_05
2025-01-04,5,LF.7,0.019861991797,0.033596795051,0.010682139265,biweekly,weighted,0.0,region_05
2025-01-11,5,LF.7,0.021561830537777778,0.03643427395888889,0.011606022171111112,biweekly,weighted,,region_05
2025-01-18,5,LF.7,0.023261669278555556,0.03927175286677778,0.012529905077222223,biweekly,weighted,,region_05
2025-01-25,5,LF.7,0.024961508019333334,0.04210923177466667,0.013453787983333333,biweekly,weighted,,region_05
2025-02-01,5,LF.7,0.026661346760111112,0.044946710682555555,0.014377670889444446,biweekly,weighted,,region_05
2025-02-08,5,LF.7,0.02836118550088889,0.04778418959044445,0.015301553795555558,biweekly,weighted,,region_05
2025-02-15,5,LF.7,0.030061024241666668,0.050621668498333335,0.01622543670166667,biweekly,weighted,0.0,region_05
2024-08-17,5,LP.1,0.01996569522,0.03455131501,0.01040343754,biweekly,weighted,0.0,region_05
2024-12-07,5,LP.8.1,0.05444175005,0.0897449255,0.03003805876,biweekly,weighted,0.0,region_05
2024-12-14,5,LP.8.1,0.06512590833025,0.10426858104850001,0.03749852646325,biweekly,weighted,,region_05
2024-12-21,5,LP.8.1,0.0758100666105,0.118792236597,0.044958994166499996,biweekly,weighted,,region_05
2024-12-28,5,LP.8.1,0.08649422489075,0.13331589214550002,0.05241946186975,biweekly,weighted,,region_05
2025-01-04,5,LP.8.1,0.097178383171,0.147839547694,0.059879929573,biweekly,weighted,0.0,region_05
2025-01-11,5,LP.8.1,0.1367985114455,0.22228823180033336,0.0749130861215,biweekly,weighted,,region_05
2025-01-18,5,LP.8.1,0.17641863972000002,0.2967369159066667,0.08994624267,biweekly,weighted,0.0,region_05
2025-01-25,5,LP.8.1,0.22923327982437502,0.3608125454433333,0.12768425823562501,biweekly,weighted,,region_05
2025-02-01,5,LP.8.1,0.28204791992875,0.42488817498,0.16542227380125002,biweekly,weighted,0.0,region_05
2025-02-08,5,LP.8.1,0.2949483009674306,0.4335472738983333,0.181080416570625,biweekly,weighted,,region_05
2025-02-15,5,LP.8.1,0.3078486820061111,0.44220637281666664,0.19673855934,biweekly,weighted,,region_05
2025-02-22,5,LP.8.1,0.32074906304479167,0.45086547173499997,0.212396702109375,biweekly,weighted,,region_05
2025-03-01,5,LP.8.1,0.33364944408347225,0.4595245706533333,0.22805484487875,biweekly,weighted,,region_05
2025-03-08,5,LP.8.1,0.34654982512215277,0.4681836695716667,0.24371298764812502,biweekly,weighted,,region_05
2025-03-15,5,LP.8.1,0.35945020616083334,0.47684276849,0.2593711304175,biweekly,weighted,,region_05
2025-03-22,5,LP.8.1,0.3723505871995139,0.48550186740833334,0.275029273186875,biweekly,weighted,,region_05
2025-03-29,5,LP.8.1,0.38525096823819444,0.4941609663266667,0.29068741595625003,biweekly,weighted,,region_05
2025-04-05,5,LP.8.1,0.398151349276875,0.502820065245,0.306345558725625,biweekly,weighted,,region_05
2025-04-12,5,LP.8.1,0.4110517303155556,0.5114791641633334,0.322003701495,biweekly,weighted,,region_05
2025-04-19,5,LP.8.1,0.4239521113542361,0.5201382630816667,0.337661844264375,biweekly,weighted,,region_05
2025-04-26,5,LP.8.1,0.4368524923929167,0.528797362,0.35331998703375,biweekly,weighted,,region_05
2025-05-03,5,LP.8.1,0.44975287343159726,0.5374564609183333,0.368978129803125,biweekly,weighted,,region_05
2025-05-10,5,LP.8.1,0.4626532544702778,0.5461155598366667,0.3846362725725,biweekly,weighted,,region_05
2025-05-17,5,LP.8.1,0.47555363550895835,0.554774658755,0.400294415341875,biweekly,weighted,,region_05
2025-05-24,5,LP.8.1,0.48845401654763887,0.5634337576733334,0.41595255811125,biweekly,weighted,,region_05
2025-05-31,5,LP.8.1,0.5013543975863195,0.5720928565916668,0.431610700880625,biweekly,weighted,,region_05
2025-06-07,5,LP.8.1,0.514254778625,0.58075195551,0.44726884364999997,4_week,empiric,0.0,region_05
2024-10-26,5,MC.1,0.05038350075,0.08533141017,0.02676646784,biweekly,weighted,0.0,region_05
2024-11-02,5,MC.1,0.0521423749125,0.0879851728675,0.027835469576875,biweekly,weighted,,region_05
2024-11-09,5,MC.1,0.053901249075,0.090638935565,0.02890447131375,biweekly,weighted,,region_05
2024-11-16,5,MC.1,0.0556601232375,0.0932926982625,0.029973473050625,biweekly,weighted,,region_05
2024-11-23,5,MC.1,0.0574189974,0.09594646096000001,0.031042474787500003,biweekly,weighted,0.0,region_05
2024-11-30,5,MC.1,0.06670342897999999,0.10886212811000001,0.03721289499875,biweekly,weighted,,region_05
2024-12-07,5,MC.1,0.07598786056,0.12177779526,0.04338331521,biweekly,weighted,0.0,region_05
2024-12-14,5,MC.1,0.06960367225055555,0.10742115933222221,0.04204848760666667,biweekly,weighted,,region_05
2024-12-21,5,MC.1,0.06321948394111111,0.09306452340444443,0.04071366000333333,biweekly,weighted,0.0,region_05
2024-12-28,5,MC.1,0.06516491412118056,0.09425261063097222,0.04292676320916666,biweekly,weighted,,region_05
2025-01-04,5,MC.1,0.06711034430125,0.0954406978575,0.045139866415,biweekly,weighted,0.0,region_05
2025-01-11,5,MC.1,0.05839326158885417,0.08502796796895834,0.038263808197916666,biweekly,weighted,,region_05
2025-01-18,5,MC.1,0.04967617887645834,0.07461523808041667,0.03138774998083334,biweekly,weighted,,region_05
2025-01-25,5,MC.1,0.0409590961640625,0.06420250819187501,0.024511691763750003,biweekly,weighted,,region_05
2025-02-01,5,MC.1,0.03224201345166667,0.053789778303333334,0.017635633546666668,biweekly,weighted,0.0,region_05
2025-01-04,5,MC.10.1,0.04136720706090909,0.06594051793181818,0.024083363908181818,biweekly,weighted,0.0,region_05
2025-01-11,5,MC.10.1,0.03266185528656566,0.053531099110909086,0.01834693534520202,biweekly,weighted,,region_05
2025-01-18,5,MC.10.1,0.02395650351222222,0.04112168029,0.012610506782222222,biweekly,weighted,0.0,region_05
2025-01-25,5,MC.10.1,0.026624951407777778,0.04553392405333333,0.014067222622777778,biweekly,weighted,,region_05
2025-02-01,5,MC.10.1,0.029293399303333332,0.049946167816666664,0.015523938463333333,biweekly,weighted,0.0,region_05
2025-07-05,5,NB.1.8.1,0.09558823705,0.16104021668,0.05394442007,4_week,empiric,0.0,region_05
2025-08-02,5,NW.1,0.047701416535,0.080537658185,0.027340999805000002,4_week,empiric,0.0,region_05
2021-01-30,5,Other,0.44742853567083335,0.5051476930583333,0.3918430370583333,biweekly,weighted,0.0,region_05
2021-02-06,5,Other,0.4370952701820834,0.49651559131875,0.38229688474249995,biweekly,weighted,,region_05
2021-02-13,5,Other,0.42676200469333336,0.48788348957916666,0.3727507324266666,biweekly,weighted,0.0,region_05
2021-02-20,5,Other,0.3994841730845834,0.46107162286875,0.33781512112625,biweekly,weighted,,region_05
2021-02-27,5,Other,0.37220634147583337,0.4342597561583333,0.30287950982583334,biweekly,weighted,0.0,region_05
2021-03-06,5,Other,0.7493555247775,0.8739803135374999,0.563957475125,weekly,weighted,0.0,region_05
2021-03-13,5,Other,0.622928649185,0.75492490828,0.4702798053625,weekly,weighted,0.0,region_05
2021-03-20,5,Other,0.5053886547675,0.66845276952,0.34269322455,weekly,weighted,0.0,region_05
2021-03-27,5,Other,0.3691284805525,0.54496384412,0.2249979302275,weekly,weighted,0.0,region_05
2021-04-03,5,Other,0.24109193310250002,0.32724757120000003,0.1732512898725,weekly,weighted,0.0,region_05
2021-04-10,5,Other,0.1822447311125,0.255086597055,0.1285508926975,weekly,weighted,0.0,region_05
2021-04-17,5,Other,0.1522178761675,0.2227668836675,0.1032883543525,weekly,weighted,0.0,region_05
2021-04-24,5,Other,0.11599058099,0.1578812375675,0.08474635332750001,weekly,weighted,0.0,region_05
2021-05-01,5,Other,0.1046890961025,0.14515239931749999,0.076314679345,weekly,weighted,0.0,region_05
2021-05-08,5,Other,0.9194702791152777,0.9258049680952778,0.9121360022368056,weekly,weighted,0.0,region_05
2021-05-15,5,Other,0.8843982286659494,0.8933672297601265,0.8726716204250633,weekly,weighted,0.0,region_05
2021-05-22,5,Other,0.8773117070139759,0.893675584076506,0.8564240790406024,weekly,weighted,0.0,region_05
2021-05-29,5,Other,0.8674851858662354,0.8940480406671765,0.8312190338696471,weekly,weighted,0.0,region_05
2021-06-05,5,Other,0.8190814247133721,0.868291610938721,0.7509117241960466,weekly,weighted,0.0,region_05
2021-06-12,5,Other,0.7584168231918519,0.8058303434075308,0.7053735341511111,weekly,weighted,0.0,region_05
2021-06-19,5,Other,0.64300669883425,0.730840741097625,0.5450900545685,weekly,weighted,0.0,region_05
2021-06-26,5,Other,0.45986754382940476,0.5549711066166667,0.3662153455716667,weekly,weighted,0.0,region_05
2021-07-03,5,Other,0.3144282820038554,0.37930760281265063,0.25665261113433735,weekly,weighted,0.0,region_05
2021-07-10,5,Other,0.136231748946375,0.16790786511225,0.10869884612025,weekly,weighted,0.0,region_05
2021-07-17,5,Other,0.10189516086166667,0.14171422148750001,0.07163404272547619,weekly,weighted,0.0,region_05
2021-07-24,5,Other,0.0468290308602381,0.06698865070964286,0.03195055370107143,weekly,weighted,0.0,region_05
2021-07-31,5,Other,0.025286394398536582,0.033759902543658536,0.01856966812170732,weekly,weighted,0.0,region_05
2021-08-07,5,Other,0.019489333171358023,0.028311250915555558,0.012854284204691358,weekly,weighted,0.0,region_05
2021-08-14,5,Other,0.0086357773968,0.0148151758184,0.004566260812533334,weekly,weighted,0.0,region_05
2021-08-21,5,Other,0.010667093716666666,0.023208739236666668,0.00492378883,weekly,weighted,0.0,region_05
2021-08-28,5,Other,0.018836339005,0.033815509175,0.00965439761,weekly,weighted,0.0,region_05
2021-09-04,5,Other,0.006962707511842106,0.012246325735,0.0035892519,weekly,weighted,0.0,region_05
2021-09-11,5,Other,0.009100215030422536,0.015522269230281691,0.004896122404647887,weekly,weighted,0.0,region_05
2021-09-18,5,Other,0.009793736296923077,0.01652970986474359,0.00529825121474359,weekly,weighted,0.0,region_05
2021-09-25,5,Other,0.014035785652608695,0.024742980203913044,0.007123140922173914,weekly,weighted,0.0,region_05
2021-10-02,5,Other,0.010756053543846154,0.01664940332294872,0.006538468717692308,weekly,weighted,0.0,region_05
2021-10-09,5,Other,0.01088458267,0.01718249223987013,0.006447570658831169,weekly,weighted,0.0,region_05
2021-10-16,5,Other,0.009201954016388889,0.016186950599166666,0.004692731360555555,weekly,weighted,0.0,region_05
2021-10-23,5,Other,0.013391484584745763,0.023396548767966104,0.006886583232372881,weekly,weighted,0.0,region_05
2021-10-30,5,Other,0.015424078397864877,0.026999527061622727,0.007901906779511143,weekly,weighted,,region_05
2021-11-06,5,Other,0.01745667221098399,0.03060250535527935,0.008917230326649404,weekly,weighted,,region_05
2021-11-13,5,Other,0.019489266024103107,0.03420548364893597,0.009932553873787664,weekly,weighted,,region_05
2021-11-20,5,Other,0.02152185983722222,0.037808461942592596,0.010947877420925926,weekly,weighted,0.0,region_05
2021-11-27,5,Other,0.01600372793648148,0.028160246330061728,0.00812694895728395,weekly,weighted,,region_05
2021-12-04,5,Other,0.010485596035740742,0.018512030717530863,0.005306020493641975,weekly,weighted,,region_05
2021-12-11,5,Other,0.004967464135,0.008863815104999999,0.0024850920300000003,weekly,weighted,0.0,region_05
2021-12-18,5,Other,0.006859852309117647,0.011002092683676471,0.00398534296,weekly,weighted,0.0,region_05
2021-12-25,5,Other,0.011546011090588235,0.01969136214147059,0.006154173128970588,weekly,weighted,0.0,region_05
2022-01-01,5,Other,0.011550971762474644,0.019703572186600408,0.006155088431471095,weekly,weighted,,region_05
2022-01-08,5,Other,0.011555932434361054,0.019715782231730223,0.006156003733971602,weekly,weighted,,region_05
2022-01-15,5,Other,0.011560893106247465,0.01972799227686004,0.0061569190364721095,weekly,weighted,,region_05
2022-01-22,5,Other,0.011565853778133874,0.01974020232198986,0.0061578343389726165,weekly,weighted,,region_05
2022-01-29,5,Other,0.011570814450020284,0.019752412367119675,0.006158749641473124,weekly,weighted,,region_05
2022-02-05,5,Other,0.011575775121906693,0.019764622412249494,0.006159664943973631,weekly,weighted,,region_05
2022-02-12,5,Other,0.011580735793793102,0.019776832457379313,0.006160580246474138,weekly,weighted,,region_05
2022-02-19,5,Other,0.011585696465679514,0.019789042502509128,0.006161495548974645,weekly,weighted,,region_05
2022-02-26,5,Other,0.011590657137565923,0.019801252547638946,0.006162410851475152,weekly,weighted,,region_05
2022-03-05,5,Other,0.011595617809452332,0.019813462592768765,0.00616332615397566,weekly,weighted,,region_05
2022-03-12,5,Other,0.011600578481338742,0.01982567263789858,0.006164241456476167,weekly,weighted,,region_05
2022-03-19,5,Other,0.011605539153225151,0.0198378826830284,0.006165156758976674,weekly,weighted,,region_05
2022-03-26,5,Other,0.011610499825111562,0.019850092728158217,0.006166072061477181,weekly,weighted,,region_05
2022-04-02,5,Other,0.011615460496997972,0.019862302773288033,0.006166987363977688,weekly,weighted,,region_05
2022-04-09,5,Other,0.011620421168884381,0.01987451281841785,0.006167902666478195,weekly,weighted,,region_05
2022-04-16,5,Other,0.01162538184077079,0.019886722863547666,0.006168817968978702,weekly,weighted,,region_05
2022-04-23,5,Other,0.011630342512657202,0.019898932908677485,0.006169733271479209,weekly,weighted,,region_05
2022-04-30,5,Other,0.011635303184543611,0.019911142953807304,0.006170648573979716,weekly,weighted,,region_05
2022-05-07,5,Other,0.01164026385643002,0.01992335299893712,0.006171563876480223,weekly,weighted,,region_05
2022-05-14,5,Other,0.01164522452831643,0.019935563044066937,0.00617247917898073,weekly,weighted,,region_05
2022-05-21,5,Other,0.011650185200202839,0.019947773089196756,0.006173394481481237,weekly,weighted,,region_05
2022-05-28,5,Other,0.01165514587208925,0.01995998313432657,0.006174309783981744,weekly,weighted,,region_05
2022-06-04,5,Other,0.01166010654397566,0.01997219317945639,0.006175225086482251,weekly,weighted,,region_05
2022-06-11,5,Other,0.011665067215862069,0.01998440322458621,0.006176140388982758,weekly,weighted,,region_05
2022-06-18,5,Other,0.011670027887748478,0.019996613269716024,0.0061770556914832655,weekly,weighted,,region_05
2022-06-25,5,Other,0.011674988559634888,0.020008823314845842,0.0061779709939837725,weekly,weighted,,region_05
2022-07-02,5,Other,0.011679949231521299,0.02002103335997566,0.00617888629648428,weekly,weighted,,region_05
2022-07-09,5,Other,0.011684909903407708,0.020033243405105476,0.006179801598984787,weekly,weighted,,region_05
2022-07-16,5,Other,0.011689870575294118,0.020045453450235295,0.0061807169014852946,weekly,weighted,,region_05
2022-07-23,5,Other,0.011694831247180527,0.020057663495365113,0.006181632203985802,weekly,weighted,,region_05
2022-07-30,5,Other,0.011699791919066936,0.02006987354049493,0.006182547506486309,weekly,weighted,,region_05
2022-08-06,5,Other,0.011704752590953348,0.020082083585624747,0.006183462808986816,weekly,weighted,,region_05
2022-08-13,5,Other,0.011709713262839757,0.020094293630754566,0.006184378111487323,weekly,weighted,,region_05
2022-08-20,5,Other,0.011714673934726166,0.02010650367588438,0.00618529341398783,weekly,weighted,,region_05
2022-08-27,5,Other,0.011719634606612576,0.0201187137210142,0.006186208716488337,weekly,weighted,,region_05
2022-09-03,5,Other,0.011724595278498985,0.020130923766144018,0.006187124018988844,weekly,weighted,,region_05
2022-09-10,5,Other,0.011729555950385396,0.020143133811273833,0.006188039321489351,weekly,weighted,,region_05
2022-09-17,5,Other,0.011734516622271806,0.020155343856403652,0.006188954623989858,weekly,weighted,,region_05
2022-09-24,5,Other,0.011739477294158215,0.02016755390153347,0.006189869926490365,weekly,weighted,,region_05
2022-10-01,5,Other,0.011744437966044624,0.020179763946663286,0.006190785228990872,weekly,weighted,,region_05
2022-10-08,5,Other,0.011749398637931034,0.020191973991793104,0.006191700531491379,weekly,weighted,,region_05
2022-10-15,5,Other,0.011754359309817445,0.020204184036922923,0.006192615833991886,weekly,weighted,,region_05
2022-10-22,5,Other,0.011759319981703854,0.020216394082052738,0.006193531136492393,weekly,weighted,,region_05
2022-10-29,5,Other,0.011764280653590264,0.020228604127182557,0.0061944464389929,weekly,weighted,,region_05
2022-11-05,5,Other,0.011769241325476673,0.020240814172312372,0.006195361741493407,weekly,weighted,,region_05
2022-11-12,5,Other,0.011774201997363084,0.02025302421744219,0.0061962770439939144,weekly,weighted,,region_05
2022-11-19,5,Other,0.011779162669249494,0.02026523426257201,0.0061971923464944215,weekly,weighted,,region_05
2022-11-26,5,Other,0.011784123341135903,0.020277444307701824,0.0061981076489949286,weekly,weighted,,region_05
2022-12-03,5,Other,0.011789084013022312,0.020289654352831643,0.0061990229514954365,weekly,weighted,,region_05
2022-12-10,5,Other,0.011794044684908722,0.02030186439796146,0.0061999382539959435,weekly,weighted,,region_05
2022-12-17,5,Other,0.011799005356795133,0.020314074443091277,0.006200853556496451,weekly,weighted,,region_05
2022-12-24,5,Other,0.011803966028681542,0.020326284488221096,0.006201768858996958,weekly,weighted,,region_05
2022-12-31,5,Other,0.011808926700567952,0.020338494533350914,0.006202684161497465,weekly,weighted,,region_05
2023-01-07,5,Other,0.011813887372454361,0.02035070457848073,0.006203599463997972,weekly,weighted,,region_05
2023-01-14,5,Other,0.01181884804434077,0.020362914623610548,0.006204514766498479,weekly,weighted,,region_05
2023-01-21,5,Other,0.011823808716227182,0.020375124668740367,0.006205430068998986,weekly,weighted,,region_05
2023-01-28,5,Other,0.011828769388113591,0.02038733471387018,0.006206345371499493,weekly,weighted,,region_05
2023-02-04,5,Other,0.01183373006,0.020399544759,0.006207260674,weekly,weighted,0.0,region_05
2023-02-11,5,Other,0.011868374375931374,0.020442241676470588,0.0062329838913807185,weekly,weighted,,region_05
2023-02-18,5,Other,0.011903018691862745,0.020484938593941175,0.006258707108761438,weekly,weighted,,region_05
2023-02-25,5,Other,0.011937663007794117,0.020527635511411766,0.006284430326142157,weekly,weighted,,region_05
2023-03-04,5,Other,0.01197230732372549,0.020570332428882353,0.006310153543522876,weekly,weighted,,region_05
2023-03-11,5,Other,0.012006951639656864,0.02061302934635294,0.006335876760903594,weekly,weighted,,region_05
2023-03-18,5,Other,0.012041595955588236,0.020655726263823528,0.006361599978284314,weekly,weighted,,region_05
2023-03-25,5,Other,0.012076240271519607,0.02069842318129412,0.006387323195665033,weekly,weighted,,region_05
2023-04-01,5,Other,0.01211088458745098,0.020741120098764707,0.006413046413045752,weekly,weighted,,region_05
2023-04-08,5,Other,0.012145528903382354,0.020783817016235294,0.00643876963042647,weekly,weighted,,region_05
2023-04-15,5,Other,0.012180173219313726,0.02082651393370588,0.0064644928478071895,weekly,weighted,,region_05
2023-04-22,5,Other,0.012214817535245098,0.02086921085117647,0.006490216065187909,weekly,weighted,,region_05
2023-04-29,5,Other,0.012249461851176471,0.02091190776864706,0.0065159392825686275,weekly,weighted,,region_05
2023-05-06,5,Other,0.012284106167107844,0.020954604686117647,0.006541662499949346,weekly,weighted,,region_05
2023-05-13,5,Other,0.012318750483039216,0.020997301603588234,0.006567385717330065,weekly,weighted,,region_05
2023-05-20,5,Other,0.012353394798970588,0.021039998521058822,0.006593108934710785,weekly,weighted,,region_05
2023-05-27,5,Other,0.012388039114901961,0.021082695438529413,0.006618832152091503,weekly,weighted,,region_05
2023-06-03,5,Other,0.012422683430833335,0.021125392356,0.006644555369472222,weekly,weighted,,region_05
2023-06-10,5,Other,0.012457327746764706,0.021168089273470587,0.006670278586852941,weekly,weighted,,region_05
2023-06-17,5,Other,0.012491972062696078,0.021210786190941175,0.006696001804233661,weekly,weighted,,region_05
2023-06-24,5,Other,0.012526616378627451,0.021253483108411762,0.006721725021614379,weekly,weighted,,region_05
2023-07-01,5,Other,0.012561260694558825,0.021296180025882353,0.006747448238995098,weekly,weighted,,region_05
2023-07-08,5,Other,0.012595905010490197,0.02133887694335294,0.006773171456375817,weekly,weighted,,region_05
2023-07-15,5,Other,0.012630549326421568,0.021381573860823528,0.0067988946737565364,weekly,weighted,,region_05
2023-07-22,5,Other,0.012665193642352942,0.021424270778294115,0.006824617891137255,weekly,weighted,,region_05
2023-07-29,5,Other,0.012699837958284315,0.021466967695764706,0.0068503411085179735,weekly,weighted,,region_05
2023-08-05,5,Other,0.012734482274215687,0.021509664613235294,0.006876064325898693,weekly,weighted,,region_05
2023-08-12,5,Other,0.012769126590147058,0.02155236153070588,0.006901787543279412,weekly,weighted,,region_05
2023-08-19,5,Other,0.012803770906078432,0.02159505844817647,0.006927510760660131,weekly,weighted,,region_05
2023-08-26,5,Other,0.012838415222009805,0.021637755365647056,0.006953233978040849,weekly,weighted,,region_05
2023-09-02,5,Other,0.012873059537941177,0.021680452283117647,0.006978957195421569,weekly,weighted,,region_05
2023-09-09,5,Other,0.012907703853872549,0.021723149200588234,0.007004680412802288,weekly,weighted,,region_05
2023-09-16,5,Other,0.012942348169803922,0.02176584611805882,0.007030403630183007,weekly,weighted,,region_05
2023-09-23,5,Other,0.012976992485735295,0.02180854303552941,0.007056126847563725,weekly,weighted,,region_05
2023-09-30,5,Other,0.013011636801666667,0.021851239953,0.0070818500649444446,weekly,weighted,,region_05
2023-10-07,5,Other,0.013046281117598039,0.021893936870470587,0.007107573282325164,weekly,weighted,,region_05
2023-10-14,5,Other,0.013080925433529412,0.021936633787941175,0.0071332964997058825,biweekly,weighted,0.0,region_05
2023-10-21,5,Other,0.013280199963676471,0.022391925839558822,0.007187529755,biweekly,weighted,,region_05
2023-10-28,5,Other,0.013479474493823529,0.02284721789117647,0.007241763010294118,biweekly,weighted,0.0,region_05
2023-11-04,5,Other,0.014311800477794116,0.02461401663514706,0.007529933046470589,biweekly,weighted,,region_05
2023-11-11,5,Other,0.015144126461764704,0.02638081537911765,0.00781810308264706,biweekly,weighted,0.0,region_05
2023-11-18,5,Other,0.015127656608553919,0.026429744714542486,0.007776659749844771,biweekly,weighted,,region_05
2023-11-25,5,Other,0.015111186755343136,0.026478674049967323,0.0077352164170424835,biweekly,weighted,,region_05
2023-12-02,5,Other,0.015094716902132353,0.02652760338539216,0.007693773084240196,biweekly,weighted,,region_05
2023-12-09,5,Other,0.015078247048921568,0.026576532720816993,0.007652329751437909,biweekly,weighted,,region_05
2023-12-16,5,Other,0.015061777195710783,0.02662546205624183,0.007610886418635621,biweekly,weighted,,region_05
2023-12-23,5,Other,0.0150453073425,0.026674391391666667,0.007569443085833333,biweekly,weighted,0.0,region_05
2023-12-30,5,Other,0.0146876027859375,0.026011943778958335,0.007402089177604166,biweekly,weighted,,region_05
2024-01-06,5,Other,0.014329898229374999,0.02534949616625,0.007234735269375,biweekly,weighted,,region_05
2024-01-13,5,Other,0.0139721936728125,0.024687048553541667,0.007067381361145833,biweekly,weighted,,region_05
2024-01-20,5,Other,0.01361448911625,0.024024600940833335,0.006900027452916666,biweekly,weighted,,region_05
2024-01-27,5,Other,0.0132567845596875,0.023362153328125,0.0067326735446875,biweekly,weighted,,region_05
2024-02-03,5,Other,0.012899080003125,0.022699705715416667,0.006565319636458333,biweekly,weighted,,region_05
2024-02-10,5,Other,0.0125413754465625,0.022037258102708332,0.0063979657282291665,biweekly,weighted,,region_05
2024-02-17,5,Other,0.01218367089,0.02137481049,0.00623061182,biweekly,weighted,0.0,region_05
2021-03-06,5,P.1,0.01065285434,0.140112534165,0.0007110270825,weekly,weighted,0.0,region_05
2021-03-13,5,P.1,0.0134842386475,0.08545725979,0.00199589535,weekly,weighted,0.0,region_05
2021-03-20,5,P.1,0.01786313718,0.11998417601,0.0024213033025,weekly,weighted,0.0,region_05
2021-03-27,5,P.1,0.028978053014999998,0.1144662499425,0.00685132551,weekly,weighted,0.0,region_05
2021-04-03,5,P.1,0.0487650576975,0.229878790675,0.0087576599325,weekly,weighted,0.0,region_05
2021-04-10,5,P.1,0.0499678747725,0.20514790714,0.010612563,weekly,weighted,0.0,region_05
2021-04-17,5,P.1,0.060145046560000005,0.227800104765,0.0137486667375,weekly,weighted,0.0,region_05
2021-04-24,5,P.1,0.0898919627075,0.30749160796499997,0.0215348587375,weekly,weighted,0.0,region_05
2021-05-01,5,P.1,0.079343274235,0.250693317505,0.0217606471875,weekly,weighted,0.0,region_05
2021-05-08,5,P.1,0.097726177425,0.2700900062925,0.0307418727325,weekly,weighted,0.0,region_05
2021-05-15,5,P.1,0.10559946298571429,0.2113376557842857,0.05116163087857143,weekly,weighted,0.0,region_05
2021-05-22,5,P.1,0.12042318284428573,0.24477041619142859,0.05770695049857143,weekly,weighted,0.0,region_05
2021-05-29,5,P.1,0.09230090039000001,0.16647815917142858,0.04960239093285714,weekly,weighted,0.0,region_05
2021-06-05,5,P.1,0.13044328987285714,0.22089256346142858,0.0745481976442857,weekly,weighted,0.0,region_05
2021-06-12,5,P.1,0.11268035003142858,0.18380924207714286,0.06663169073,weekly,weighted,0.0,region_05
2021-06-19,5,P.1,0.07147151444571428,0.18311482455142855,0.027295279184285714,weekly,weighted,0.0,region_05
2021-06-26,5,P.1,0.057543039854285716,0.10728781138142858,0.029714711010000002,weekly,weighted,0.0,region_05
2021-07-03,5,P.1,0.047306556785714285,0.08094616979285715,0.02726917793714286,weekly,weighted,0.0,region_05
2021-07-10,5,P.1,0.023338040708000003,0.09567636847399999,0.0054538463240000005,weekly,weighted,0.0,region_05
2021-07-17,5,P.1,0.027120910584000003,0.06548146531,0.010978292487999999,weekly,weighted,0.0,region_05
2021-07-24,5,P.1,0.018063748177000002,0.0409971104625,0.0079316833915,weekly,weighted,,region_05
2021-07-31,5,P.1,0.00900658577,0.016512755615,0.004885074295,weekly,weighted,0.0,region_05
2021-01-30,5,P.2,0.01589835435,0.04315017164,0.00575412717,biweekly,weighted,0.0,region_05
2021-02-06,5,P.2,0.019744777844444443,0.057846198480555555,0.006582379446111111,biweekly,weighted,,region_05
2021-02-13,5,P.2,0.02359120133888889,0.07254222532111111,0.007410631722222223,biweekly,weighted,0.0,region_05
2021-02-20,5,P.2,0.019932777258888888,0.052986066684444444,0.007638704497777779,biweekly,weighted,,region_05
2021-02-27,5,P.2,0.016274353178888888,0.033429908047777776,0.007866777273333334,biweekly,weighted,0.0,region_05
2022-11-12,5,XBB,0.011965584267777779,0.02102924272833333,0.006104067071111111,weekly,weighted,0.0,region_05
2022-11-19,5,XBB,0.014575800132027292,0.023353229634327483,0.008574812006705653,weekly,weighted,,region_05
2022-11-26,5,XBB,0.017186015996276803,0.025677216540321637,0.011045556942300194,weekly,weighted,,region_05
2022-12-03,5,XBB,0.019796231860526318,0.02800120344631579,0.013516301877894736,weekly,weighted,0.0,region_05
2022-12-10,5,XBB,0.017675969749375,0.029072599370625,0.009890484623750001,weekly,weighted,0.0,region_05
2022-12-17,5,XBB,0.020280718694705883,0.030728764393529413,0.012661523131176472,weekly,weighted,0.0,region_05
2022-12-24,5,XBB,0.023651688194705884,0.03396464478941177,0.01581847558117647,weekly,weighted,0.0,region_05
2022-12-31,5,XBB,0.02232898461333333,0.03606830437866667,0.012802937130666667,weekly,weighted,0.0,region_05
2023-01-07,5,XBB,0.024559360132142858,0.038041670407142854,0.014877474535,weekly,weighted,0.0,region_05
2023-01-14,5,XBB,0.025259187845714286,0.03680264923214286,0.016582681598571427,weekly,weighted,0.0,region_05
2023-01-21,5,XBB,0.028141006827777777,0.04750815282444445,0.01515592738222222,weekly,weighted,0.0,region_05
2023-01-28,5,XBB,0.030486060771666667,0.04260724472416667,0.02105568504583333,weekly,weighted,0.0,region_05
2023-02-04,5,XBB,0.016238160347272726,0.02691424434727273,0.008995203852727273,weekly,weighted,0.0,region_05
2023-02-11,5,XBB,0.016400139466666668,0.026229234411666667,0.009534644426666667,weekly,weighted,0.0,region_05
2023-02-18,5,XBB,0.014919707555,0.026203351095,0.007610628144999999,weekly,weighted,0.0,region_05
2023-02-25,5,XBB,0.015160425565714286,0.024687648618571426,0.008614063797142857,weekly,weighted,0.0,region_05
2023-03-04,5,XBB,0.014329637001428572,0.024414105608571428,0.0076385648014285715,weekly,weighted,0.0,region_05
2023-03-11,5,XBB,0.022290294368333335,0.03751469838166666,0.012063637218333333,weekly,weighted,0.0,region_05
2023-03-18,5,XBB,0.020631833734066667,0.03467092347653333,0.011194857521466666,weekly,weighted,,region_05
2023-03-25,5,XBB,0.0189733730998,0.031827148571399996,0.0103260778246,weekly,weighted,,region_05
2023-04-01,5,XBB,0.017314912465533336,0.028983373666266667,0.009457298127733334,weekly,weighted,,region_05
2023-04-08,5,XBB,0.01565645183126667,0.026139598761133333,0.008588518430866667,weekly,weighted,,region_05
2023-04-15,5,XBB,0.013997991197000001,0.023295823856,0.007719738734000001,biweekly,weighted,0.0,region_05
2023-04-22,5,XBB,0.018468916591833334,0.029247696386888893,0.010901645919777778,biweekly,weighted,,region_05
2023-04-29,5,XBB,0.022939841986666668,0.035199568917777785,0.014083553105555556,biweekly,weighted,0.0,region_05
2023-05-06,5,XBB,0.02580795479904762,0.04209765973710318,0.014617368379206349,biweekly,weighted,,region_05
2023-05-13,5,XBB,0.028676067611428574,0.048995750556428574,0.015151183652857142,biweekly,weighted,0.0,region_05
2023-05-20,5,XBB,0.03715749909732143,0.06451909609857143,0.019078724717142857,biweekly,weighted,,region_05
2023-05-27,5,XBB,0.04563893058321429,0.08004244164071428,0.023006265781428573,biweekly,weighted,,region_05
2023-06-03,5,XBB,0.05412036206910715,0.09556578718285715,0.026933806845714284,biweekly,weighted,,region_05
2023-06-10,5,XBB,0.06260179355500001,0.111089132725,0.03086134791,biweekly,weighted,0.0,region_05
2023-06-17,5,XBB,0.06771575652163461,0.12020395337874999,0.033271939204230765,biweekly,weighted,,region_05
2023-06-24,5,XBB,0.07282971948826923,0.1293187740325,0.03568253049846153,biweekly,weighted,,region_05
2023-07-01,5,XBB,0.07794368245490385,0.13843359468625,0.0380931217926923,biweekly,weighted,,region_05
2023-07-08,5,XBB,0.08305764542153846,0.14754841534,0.04050371308692307,biweekly,weighted,0.0,region_05
2023-07-15,5,XBB,0.07425656454443162,0.1277221162445,0.038417451072025634,biweekly,weighted,,region_05
2023-07-22,5,XBB,0.06545548366732479,0.10789581714899998,0.036331189057128205,biweekly,weighted,,region_05
2023-07-29,5,XBB,0.056654402790217946,0.0880695180535,0.03424492704223077,biweekly,weighted,,region_05
2023-08-05,5,XBB,0.04785332191311111,0.068243218958,0.03215866502733333,biweekly,weighted,0.0,region_05
2023-08-12,5,XBB,0.04644782094916919,0.07044507848411363,0.0289359439875303,biweekly,weighted,,region_05
2023-08-19,5,XBB,0.04504231998522727,0.07264693801022727,0.02571322294772727,biweekly,weighted,0.0,region_05
2023-08-26,5,XBB,0.03786898249691596,0.059658684748485735,0.022377301712352006,biweekly,weighted,,region_05
2023-09-02,5,XBB,0.030695645008604652,0.04667043148674419,0.019041380476976743,biweekly,weighted,0.0,region_05
2023-09-09,5,XBB,0.02882540474513566,0.043887058469324475,0.01785396948003599,biweekly,weighted,,region_05
2023-09-16,5,XBB,0.026955164481666665,0.04110368545190476,0.01666655848309524,biweekly,weighted,0.0,region_05
2023-09-23,5,XBB,0.028069194049004063,0.044826071820708475,0.01634297296349884,biweekly,weighted,,region_05
2023-09-30,5,XBB,0.02918322361634146,0.04854845818951219,0.01601938744390244,biweekly,weighted,0.0,region_05
2023-10-07,5,XBB,0.02617244341204573,0.0412507709338811,0.01555358140907622,biweekly,weighted,,region_05
2023-10-14,5,XBB,0.02316166320775,0.03395308367825,0.01508777537425,biweekly,weighted,0.0,region_05
2023-10-21,5,XBB,0.029235293628875003,0.04122558353053525,0.01998926492084295,biweekly,weighted,,region_05
2023-10-28,5,XBB,0.03530892405,0.04849808338282051,0.0248907544674359,biweekly,weighted,0.0,region_05
2023-11-04,5,XBB,0.027168393349210528,0.03872626472719973,0.018350207245428476,biweekly,weighted,,region_05
2023-11-11,5,XBB,0.019027862648421053,0.02895444607157895,0.011809660023421053,biweekly,weighted,0.0,region_05
2023-11-18,5,XBB,0.019014967456877193,0.02998790517662281,0.011274189111543861,biweekly,weighted,,region_05
2023-11-25,5,XBB,0.019002072265333333,0.03102136428166667,0.010738718199666668,biweekly,weighted,0.0,region_05
2023-12-02,5,XBB,0.02154804877975,0.0347858016425,0.012364040493861111,biweekly,weighted,,region_05
2023-12-09,5,XBB,0.02409402529416667,0.038550239003333334,0.013989362788055555,biweekly,weighted,0.0,region_05
2023-12-16,5,XBB,0.026593130561325756,0.042928860185757575,0.015239590034482324,biweekly,weighted,,region_05
2023-12-23,5,XBB,0.029092235828484848,0.04730748136818182,0.01648981728090909,biweekly,weighted,0.0,region_05
2023-12-30,5,XBB,0.029664275077183597,0.05045955931262032,0.015806514119572193,biweekly,weighted,,region_05
2024-01-06,5,XBB,0.03023631432588235,0.05361163725705882,0.015123210958235293,biweekly,weighted,0.0,region_05
2024-01-13,5,XBB,0.022437970617941175,0.039841758169029406,0.011220752782117647,biweekly,weighted,,region_05
2024-01-20,5,XBB,0.01463962691,0.026071879080999998,0.0073182946060000005,biweekly,weighted,0.0,region_05
2024-01-27,5,XBB,0.0170827936545,0.029489253181166665,0.008944486081333334,biweekly,weighted,,region_05
2024-02-03,5,XBB,0.019525960399,0.03290662728133333,0.010570677556666666,biweekly,weighted,0.0,region_05
2023-04-08,5,XBB.1.16,0.026574375105,0.04650644958,0.013569197615,weekly,weighted,0.0,region_05
2023-04-15,5,XBB.1.16,0.023767403133018866,0.03562651187981132,0.015035302484150942,biweekly,weighted,0.0,region_05
2023-04-22,5,XBB.1.16,0.028500288180355587,0.04346230773115566,0.01762144102678701,biweekly,weighted,,region_05
2023-04-29,5,XBB.1.16,0.03323317322769231,0.051298103582500004,0.020207579569423078,biweekly,weighted,0.0,region_05
2023-05-06,5,XBB.1.16,0.044728728467375564,0.06349796440889706,0.030372031824221345,biweekly,weighted,,region_05
2023-05-13,5,XBB.1.16,0.05622428370705883,0.07569782523529411,0.04053648407901961,biweekly,weighted,0.0,region_05
2023-05-20,5,XBB.1.16,0.07700143090472941,0.10209615125344705,0.0564346790842098,biweekly,weighted,,region_05
2023-05-27,5,XBB.1.16,0.09777857810240001,0.1284944772716,0.07233287408939999,biweekly,weighted,0.0,region_05
2023-06-03,5,XBB.1.16,0.10852890166870001,0.14689507406688695,0.07742679891850435,biweekly,weighted,,region_05
2023-06-10,5,XBB.1.16,0.11927922523500001,0.16529567086217392,0.0825207237476087,biweekly,weighted,0.0,region_05
2023-06-17,5,XBB.1.16,0.14744037833833334,0.22019471404983698,0.09177354634838769,biweekly,weighted,,region_05
2023-06-24,5,XBB.1.16,0.17560153144166668,0.2750937572375,0.10102636894916667,biweekly,weighted,0.0,region_05
2023-07-01,5,XBB.1.16,0.141784624973125,0.21875671856125,0.08398464221208334,biweekly,weighted,,region_05
2023-07-08,5,XBB.1.16,0.10796771850458332,0.162419679885,0.066942915475,biweekly,weighted,0.0,region_05
2023-07-15,5,XBB.1.16,0.1304891765784345,0.18090954556878572,0.09044460225578571,biweekly,weighted,,region_05
2023-07-22,5,XBB.1.16,0.1530106346522857,0.19939941125257143,0.11394628903657143,biweekly,weighted,0.0,region_05
2023-07-29,5,XBB.1.16,0.13601030437703174,0.1892382008691746,0.09383011057006349,biweekly,weighted,,region_05
2023-08-05,5,XBB.1.16,0.11900997410177777,0.17907699048577777,0.07371393210355556,biweekly,weighted,0.0,region_05
2023-08-12,5,XBB.1.16,0.1098298184624798,0.15939700512061616,0.07164074535677778,biweekly,weighted,,region_05
2023-08-19,5,XBB.1.16,0.10064966282318183,0.13971701975545456,0.06956755861,biweekly,weighted,0.0,region_05
2023-08-26,5,XBB.1.16,0.08991158389147463,0.12272027291191331,0.06354816122313953,biweekly,weighted,,region_05
2023-09-02,5,XBB.1.16,0.07917350495976744,0.10572352606837208,0.05752876383627907,biweekly,weighted,0.0,region_05
2023-09-09,5,XBB.1.16,0.06493096905488371,0.0861146355608527,0.0476165554023062,biweekly,weighted,,region_05
2023-09-16,5,XBB.1.16,0.05068843315,0.06650574505333333,0.03770434696833333,biweekly,weighted,0.0,region_05
2023-09-23,5,XBB.1.16,0.04803673115865854,0.06503474934971545,0.03445359818855691,biweekly,weighted,,region_05
2023-09-30,5,XBB.1.16,0.04538502916731708,0.06356375364609756,0.03120284940878049,biweekly,weighted,0.0,region_05
2023-10-07,5,XBB.1.16,0.046315601607783544,0.06902179493567379,0.029512841016265244,biweekly,weighted,,region_05
2023-10-14,5,XBB.1.16,0.04724617404825,0.07447983622524999,0.02782283262375,biweekly,weighted,0.0,region_05
2023-10-21,5,XBB.1.16,0.03584272900284295,0.055451625967496795,0.02170227456020833,biweekly,weighted,,region_05
2023-10-28,5,XBB.1.16,0.024439283957435897,0.03642341570974359,0.015581716496666665,biweekly,weighted,0.0,region_05
2023-11-04,5,XBB.1.16,0.02481354462371795,0.040788920979871794,0.013999814023333333,biweekly,weighted,,region_05
2023-11-11,5,XBB.1.16,0.02518780529,0.04515442625,0.01241791155,biweekly,weighted,0.0,region_05
2023-11-18,5,XBB.1.16,0.021565051533088235,0.03825923143286765,0.01081745705764706,biweekly,weighted,,region_05
2023-11-25,5,XBB.1.16,0.017942297776176473,0.031364036615735294,0.009217002565294119,biweekly,weighted,,region_05
2023-12-02,5,XBB.1.16,0.014319544019264708,0.024468841798602942,0.007616548072941176,biweekly,weighted,,region_05
2023-12-09,5,XBB.1.16,0.010696790262352943,0.01757364698147059,0.006016093580588236,biweekly,weighted,0.0,region_05
2023-04-15,5,XBB.1.16.1,0.00783844270488372,0.013781054529767443,0.004002297384418605,biweekly,weighted,0.0,region_05
2023-04-22,5,XBB.1.16.1,0.010206059141566859,0.01795556176363372,0.005200949209459302,biweekly,weighted,,region_05
2023-04-29,5,XBB.1.16.1,0.01257367557825,0.0221300689975,0.0063996010345000005,biweekly,weighted,0.0,region_05
2023-05-06,5,XBB.1.16.1,0.0204405235615375,0.033322942599574995,0.011620152532725001,biweekly,weighted,,region_05
2023-05-13,5,XBB.1.16.1,0.028307371544825,0.04451581620165,0.01684070403095,biweekly,weighted,,region_05
2023-05-20,5,XBB.1.16.1,0.0361742195281125,0.055708689803724995,0.022061255529175,biweekly,weighted,,region_05
2023-05-27,5,XBB.1.16.1,0.044041067511399995,0.0669015634058,0.0272818070274,biweekly,weighted,0.0,region_05
2023-06-03,5,XBB.1.16.1,0.04586923611460243,0.07373314436643658,0.026379467724187804,biweekly,weighted,,region_05
2023-06-10,5,XBB.1.16.1,0.04769740471780488,0.08056472532707316,0.02547712842097561,biweekly,weighted,0.0,region_05
2023-06-17,5,XBB.1.16.1,0.05809785878621013,0.09492041602545966,0.03246620105548781,biweekly,weighted,,region_05
2023-06-24,5,XBB.1.16.1,0.06849831285461538,0.10927610672384615,0.03945527369,biweekly,weighted,0.0,region_05
2023-07-01,5,XBB.1.16.1,0.07034678528022624,0.1090998012163405,0.04223519405433823,biweekly,weighted,,region_05
2023-07-08,5,XBB.1.16.1,0.0721952577058371,0.10892349570883483,0.04501511441867647,biweekly,weighted,,region_05
2023-07-15,5,XBB.1.16.1,0.07404373013144797,0.10874719020132917,0.04779503478301471,biweekly,weighted,,region_05
2023-07-22,5,XBB.1.16.1,0.07589220255705882,0.10857088469382352,0.05057495514735294,biweekly,weighted,0.0,region_05
2023-07-29,5,XBB.1.16.1,0.08088062786464052,0.1103730512303562,0.057321324722009806,biweekly,weighted,,region_05
2023-08-05,5,XBB.1.16.1,0.08586905317222222,0.1121752177668889,0.06406769429666667,biweekly,weighted,0.0,region_05
2023-08-12,5,XBB.1.16.1,0.07713811106145202,0.10452081932992172,0.05515618149287879,biweekly,weighted,,region_05
2023-08-19,5,XBB.1.16.1,0.06840716895068183,0.09686642089295455,0.04624466868909091,biweekly,weighted,0.0,region_05
2023-08-26,5,XBB.1.16.1,0.05331555313859673,0.07583703932926797,0.035902649814661736,biweekly,weighted,,region_05
2023-09-02,5,XBB.1.16.1,0.03822393732651163,0.05480765776558139,0.025560630940232556,biweekly,weighted,0.0,region_05
2023-09-09,5,XBB.1.16.1,0.03324346969344812,0.05124871531105993,0.02038217528838551,biweekly,weighted,,region_05
2023-09-16,5,XBB.1.16.1,0.028263002060384616,0.04768977285653846,0.015203719636538462,biweekly,weighted,0.0,region_05
2023-08-19,5,XBB.1.16.11,0.025635385668837208,0.04187261607744186,0.014458095394651161,biweekly,weighted,0.0,region_05
2023-08-26,5,XBB.1.16.11,0.031840497208942414,0.04843594955229236,0.019814640752206535,biweekly,weighted,,region_05
2023-09-02,5,XBB.1.16.11,0.038045608749047624,0.05499928302714285,0.025171186109761906,biweekly,weighted,0.0,region_05
2023-09-09,5,XBB.1.16.11,0.04299643054773809,0.05840625755892857,0.030800737329642856,biweekly,weighted,,region_05
2023-09-16,5,XBB.1.16.11,0.04794725234642857,0.061813232090714286,0.03643028854952381,biweekly,weighted,0.0,region_05
2023-09-23,5,XBB.1.16.11,0.03956985234894599,0.05141960906157665,0.02979939207744483,biweekly,weighted,,region_05
2023-09-30,5,XBB.1.16.11,0.031192452351463413,0.041025986032439024,0.023168495605365855,biweekly,weighted,0.0,region_05
2023-10-07,5,XBB.1.16.11,0.036457194659356706,0.04939142143059451,0.026135882633057925,biweekly,weighted,,region_05
2023-10-14,5,XBB.1.16.11,0.04172193696725,0.05775685682875,0.029103269660749997,biweekly,weighted,0.0,region_05
2023-10-21,5,XBB.1.16.11,0.04342075283670192,0.06650940676527244,0.02685436403588782,biweekly,weighted,,region_05
2023-10-28,5,XBB.1.16.11,0.04511956870615384,0.07526195670179488,0.02460545841102564,biweekly,weighted,0.0,region_05
2023-11-04,5,XBB.1.16.11,0.03687487920377137,0.06134297890173077,0.020213039832735043,biweekly,weighted,,region_05
2023-11-11,5,XBB.1.16.11,0.02863018970138889,0.04742400110166667,0.015820621254444445,biweekly,weighted,0.0,region_05
2023-11-18,5,XBB.1.16.11,0.03178688219461336,0.05093800791853603,0.01840229942506006,biweekly,weighted,,region_05
2023-11-25,5,XBB.1.16.11,0.03494357468783783,0.0544520147354054,0.020983977595675676,biweekly,weighted,0.0,region_05
2023-12-02,5,XBB.1.16.11,0.031140065655633202,0.04882748958198842,0.01855363121026641,biweekly,weighted,,region_05
2023-12-09,5,XBB.1.16.11,0.02733655662342857,0.04320296442857143,0.016123284824857143,biweekly,weighted,0.0,region_05
2023-09-16,5,XBB.1.16.15,0.01563377177825,0.02602829784175,0.008602656028749999,biweekly,weighted,0.0,region_05
2023-09-23,5,XBB.1.16.15,0.02010422500759722,0.03249229718434722,0.011532061755763889,biweekly,weighted,,region_05
2023-09-30,5,XBB.1.16.15,0.024574678236944442,0.03895629652694445,0.014461467482777777,biweekly,weighted,0.0,region_05
2023-10-07,5,XBB.1.16.15,0.025859541729374998,0.041064225853669874,0.015168997371314101,biweekly,weighted,,region_05
2023-10-14,5,XBB.1.16.15,0.027144405221805556,0.0431721551803953,0.015876527259850427,biweekly,weighted,,region_05
2023-10-21,5,XBB.1.16.15,0.028429268714236115,0.045280084507120726,0.01658405714838675,biweekly,weighted,,region_05
2023-10-28,5,XBB.1.16.15,0.02971413220666667,0.04738801383384615,0.017291587036923076,biweekly,weighted,0.0,region_05
2023-11-04,5,XBB.1.16.15,0.02225257811848485,0.036063327757529136,0.01269216476027972,biweekly,weighted,,region_05
2023-11-11,5,XBB.1.16.15,0.01479102403030303,0.024738641681212124,0.008092742483636364,biweekly,weighted,0.0,region_05
2023-08-05,5,XBB.1.16.6,0.050999932652888894,0.07094546539933333,0.035338860709333335,biweekly,weighted,0.0,region_05
2023-08-12,5,XBB.1.16.6,0.060181336808376264,0.08101491713239395,0.04344045461034848,biweekly,weighted,,region_05
2023-08-19,5,XBB.1.16.6,0.06936274096386363,0.09108436886545455,0.05154204851136364,biweekly,weighted,0.0,region_05
2023-08-26,5,XBB.1.16.6,0.07308050864472251,0.09315240226807611,0.05625430384928647,biweekly,weighted,,region_05
2023-09-02,5,XBB.1.16.6,0.0767982763255814,0.09522043567069767,0.06096655918720931,biweekly,weighted,0.0,region_05
2023-09-09,5,XBB.1.16.6,0.08223507897802879,0.10295145625749169,0.06453466827312845,biweekly,weighted,,region_05
2023-09-16,5,XBB.1.16.6,0.08767188163047619,0.11068247684428571,0.06810277735904761,biweekly,weighted,0.0,region_05
2023-09-23,5,XBB.1.16.6,0.08512361713316494,0.11175152681482578,0.06319818999623113,biweekly,weighted,,region_05
2023-09-30,5,XBB.1.16.6,0.08257535263585367,0.11282057678536585,0.05829360263341463,biweekly,weighted,0.0,region_05
2023-10-07,5,XBB.1.16.6,0.08204236354505183,0.11400913722005793,0.056716494922957314,biweekly,weighted,,region_05
2023-10-14,5,XBB.1.16.6,0.08150937445425,0.11519769765475,0.0551393872125,biweekly,weighted,0.0,region_05
2023-10-21,5,XBB.1.16.6,0.08380615347239527,0.12788074123818582,0.05143316751368243,biweekly,weighted,,region_05
2023-10-28,5,XBB.1.16.6,0.08610293249054055,0.14056378482162163,0.04772694781486486,biweekly,weighted,0.0,region_05
2023-11-04,5,XBB.1.16.6,0.0770580835713229,0.11682513119331081,0.047856832364537694,biweekly,weighted,,region_05
2023-11-11,5,XBB.1.16.6,0.06801323465210526,0.093086477565,0.047986716914210525,biweekly,weighted,0.0,region_05
2023-11-18,5,XBB.1.16.6,0.06234388729753912,0.08911171127371623,0.04176557281805121,biweekly,weighted,,region_05
2023-11-25,5,XBB.1.16.6,0.05667453994297297,0.08513694498243243,0.035544428721891896,biweekly,weighted,0.0,region_05
2023-12-02,5,XBB.1.16.6,0.04962543294856982,0.07943663908357733,0.028751227335390393,biweekly,weighted,,region_05
2023-12-09,5,XBB.1.16.6,0.04257632595416667,0.07373633318472222,0.02195802594888889,biweekly,weighted,0.0,region_05
2023-12-16,5,XBB.1.16.6,0.03351225235884804,0.056174412180596406,0.018193805156797388,biweekly,weighted,,region_05
2023-12-23,5,XBB.1.16.6,0.024448178763529414,0.03861249117647059,0.014429584364705882,biweekly,weighted,0.0,region_05
2022-12-10,5,XBB.1.5,0.007030890556875,0.012135679775,0.003686940835625,weekly,weighted,0.0,region_05
2022-12-17,5,XBB.1.5,0.012439491390588236,0.019785090184705884,0.007296385571764706,weekly,weighted,0.0,region_05
2022-12-24,5,XBB.1.5,0.0270113449075,0.0433832586275,0.015589665970625,weekly,weighted,0.0,region_05
2022-12-31,5,XBB.1.5,0.054899543059375,0.077465217094375,0.037343935808125,weekly,weighted,0.0,region_05
2023-01-07,5,XBB.1.5,0.12129500359266668,0.15160545011333332,0.09519623965133334,weekly,weighted,0.0,region_05
2023-01-14,5,XBB.1.5,0.17753077511285714,0.20687043241142858,0.1507678415092857,weekly,weighted,0.0,region_05
2023-01-21,5,XBB.1.5,0.27977725634230766,0.30850884776846155,0.2523408497753846,weekly,weighted,0.0,region_05
2023-01-28,5,XBB.1.5,0.4156309937441667,0.46030062437083336,0.3719698066508333,weekly,weighted,0.0,region_05
2023-02-04,5,XBB.1.5,0.5821502588027273,0.6273079189381818,0.5359518798918181,weekly,weighted,0.0,region_05
2023-02-11,5,XBB.1.5,0.66898483634,0.710381501914,0.625565558673,weekly,weighted,0.0,region_05
2023-02-18,5,XBB.1.5,0.7341799073766667,0.7660983668444445,0.7002467579322222,weekly,weighted,0.0,region_05
2023-02-25,5,XBB.1.5,0.78047661483375,0.8094656392925,0.74928558617875,weekly,weighted,0.0,region_05
2023-03-04,5,XBB.1.5,0.8231606653757143,0.8461170196528572,0.7983195270814285,weekly,weighted,0.0,region_05
2023-03-11,5,XBB.1.5,0.8372583885983333,0.8660423457616666,0.8050606350099999,weekly,weighted,0.0,region_05
2023-03-18,5,XBB.1.5,0.881231749058,0.906033766268,0.85260105133,weekly,weighted,0.0,region_05
2023-03-25,5,XBB.1.5,0.8546858280925,0.8939420431875,0.80766481161,weekly,weighted,0.0,region_05
2023-04-01,5,XBB.1.5,0.8383244077366667,0.8746992945700001,0.7962932586666667,weekly,weighted,0.0,region_05
2023-04-08,5,XBB.1.5,0.829676538705,0.8639214336850001,0.790841937065,weekly,weighted,0.0,region_05
2023-04-15,5,XBB.1.5,0.7971618490398114,0.8355404847079245,0.7542754108047169,biweekly,weighted,0.0,region_05
2023-04-22,5,XBB.1.5,0.7866897402309634,0.8261558928236739,0.7428174508929354,biweekly,weighted,,region_05
2023-04-29,5,XBB.1.5,0.7762176314221154,0.8167713009394231,0.7313594909811538,biweekly,weighted,0.0,region_05
2023-05-06,5,XBB.1.5,0.7283861445061557,0.7733364990304958,0.6796797390344005,biweekly,weighted,,region_05
2023-05-13,5,XBB.1.5,0.6805546575901961,0.7299016971215686,0.627999987087647,biweekly,weighted,0.0,region_05
2023-05-20,5,XBB.1.5,0.592984080618498,0.6453535733035843,0.5389759850911235,biweekly,weighted,,region_05
2023-05-27,5,XBB.1.5,0.5054135036468,0.5608054494856001,0.4499519830946,biweekly,weighted,0.0,region_05
2023-06-03,5,XBB.1.5,0.4616775274527617,0.5305212175081191,0.3944460436828319,biweekly,weighted,,region_05
2023-06-10,5,XBB.1.5,0.4179415512587234,0.5002369855306382,0.33894010427106386,biweekly,weighted,0.0,region_05
2023-06-17,5,XBB.1.5,0.3440216845521617,0.4233848302793191,0.27075263233253194,biweekly,weighted,,region_05
2023-06-24,5,XBB.1.5,0.2701018178456,0.346532675028,0.20256516039400002,biweekly,weighted,0.0,region_05
2023-07-01,5,XBB.1.5,0.2329933299926077,0.3085246550805385,0.16850931306334616,biweekly,weighted,,region_05
2023-07-08,5,XBB.1.5,0.19588484213961538,0.27051663513307694,0.13445346573269232,biweekly,weighted,0.0,region_05
2023-07-15,5,XBB.1.5,0.177128511987535,0.24081319153669,0.12448026351013404,biweekly,weighted,,region_05
2023-07-22,5,XBB.1.5,0.15837218183545457,0.21110974794030304,0.11450706128757576,biweekly,weighted,0.0,region_05
2023-07-29,5,XBB.1.5,0.1241128115268384,0.16890044524648484,0.08770260163223233,biweekly,weighted,,region_05
2023-08-05,5,XBB.1.5,0.08985344121822222,0.12669114255266667,0.060898141976888885,biweekly,weighted,0.0,region_05
2023-08-12,5,XBB.1.5,0.07971017395058838,0.11000322751144698,0.055607095762762626,biweekly,weighted,,region_05
2023-08-19,5,XBB.1.5,0.06956690668295455,0.09331531247022727,0.05031604954863636,biweekly,weighted,0.0,region_05
2023-08-26,5,XBB.1.5,0.05883656206810518,0.08144706624336945,0.04103105585838795,biweekly,weighted,,region_05
2023-09-02,5,XBB.1.5,0.048106217453255815,0.06957882001651162,0.031746062168139536,biweekly,weighted,0.0,region_05
2023-09-09,5,XBB.1.5,0.04477944631222315,0.06530488534027962,0.029250020219784054,biweekly,weighted,,region_05
2023-09-16,5,XBB.1.5,0.04145267517119048,0.06103095066404762,0.026753978271428575,biweekly,weighted,0.0,region_05
2023-09-23,5,XBB.1.5,0.03466074571852207,0.049499490454462836,0.023305282661689897,biweekly,weighted,,region_05
2023-09-30,5,XBB.1.5,0.02786881626585366,0.03796803024487805,0.01985658705195122,biweekly,weighted,0.0,region_05
2023-10-07,5,XBB.1.5,0.023849767912390244,0.03355019597537282,0.0164427681756777,biweekly,weighted,,region_05
2023-10-14,5,XBB.1.5,0.01983071955892683,0.029132361705867596,0.013028949299404182,biweekly,weighted,,region_05
2023-10-21,5,XBB.1.5,0.015811671205463413,0.024714527436362366,0.009615130423130662,biweekly,weighted,,region_05
2023-10-28,5,XBB.1.5,0.011792622852,0.02029669316685714,0.006201311546857143,biweekly,weighted,0.0,region_05
2023-11-04,5,XBB.1.5,0.017288299523105264,0.026294297869086464,0.01084597779737594,biweekly,weighted,,region_05
2023-11-11,5,XBB.1.5,0.022783976194210527,0.03229190257131579,0.015490644047894736,biweekly,weighted,0.0,region_05
2023-03-04,5,XBB.1.5.1,0.023146162871428573,0.03314322925,0.015515194539999999,weekly,weighted,0.0,region_05
2023-03-11,5,XBB.1.5.1,0.014201859786666667,0.023330649981666663,0.007963963318333335,weekly,weighted,0.0,region_05
2023-03-18,5,XBB.1.5.1,0.022700289187083333,0.03895151832458333,0.011940026422916666,weekly,weighted,,region_05
2023-03-25,5,XBB.1.5.1,0.0311987185875,0.0545723866675,0.0159160895275,weekly,weighted,0.0,region_05
2023-04-01,5,XBB.1.5.1,0.03020111658,0.05311517417,0.01528902538,weekly,weighted,0.0,region_05
2023-04-08,5,XBB.1.5.1,0.03136462105169811,0.05269274477311321,0.017007717361603773,weekly,weighted,,region_05
2023-04-15,5,XBB.1.5.1,0.03252812552339623,0.052270315376226416,0.01872640934320755,biweekly,weighted,0.0,region_05
2023-04-22,5,XBB.1.5.1,0.0321087399427558,0.05014611050099782,0.01924426911044993,biweekly,weighted,,region_05
2023-04-29,5,XBB.1.5.1,0.03168935436211538,0.04802190562576923,0.019762128877692305,biweekly,weighted,0.0,region_05
2023-05-06,5,XBB.1.5.1,0.02589362377980769,0.04192511110538462,0.014886733053846152,biweekly,weighted,,region_05
2023-05-13,5,XBB.1.5.1,0.0200978931975,0.035828316585,0.01001133723,biweekly,weighted,0.0,region_05
2023-08-05,5,XBB.1.5.10,0.01685456745309524,0.029838915958571428,0.008492548240238096,biweekly,weighted,0.0,region_05
2023-08-05,5,XBB.1.5.70,0.01883730195814815,0.03291618892925926,0.009682227564444444,biweekly,weighted,0.0,region_05
2023-08-12,5,XBB.1.5.70,0.017534833350185186,0.030664870584074074,0.008996191288148148,biweekly,weighted,,region_05
2023-08-19,5,XBB.1.5.70,0.016232364742222224,0.02841355223888889,0.008310155011851852,biweekly,weighted,0.0,region_05
2023-08-26,5,XBB.1.5.70,0.01626592458961111,0.027353963399194443,0.008841844450175926,biweekly,weighted,,region_05
2023-09-02,5,XBB.1.5.70,0.016299484437,0.0262943745595,0.009373533888500001,biweekly,weighted,0.0,region_05
2023-09-09,5,XBB.1.5.70,0.014697932980817074,0.024491839834384146,0.008096793375469513,biweekly,weighted,,region_05
2023-09-16,5,XBB.1.5.70,0.013096381524634148,0.022689305109268292,0.006820052862439025,biweekly,weighted,0.0,region_05
2023-09-23,5,XBB.1.5.70,0.01385125832377632,0.02361329667768084,0.007387766169041068,biweekly,weighted,,region_05
2023-09-30,5,XBB.1.5.70,0.014606135122918492,0.02453728824609339,0.007955479475643111,biweekly,weighted,,region_05
2023-10-07,5,XBB.1.5.70,0.015361011922060663,0.025461279814505938,0.008523192782245153,biweekly,weighted,,region_05
2023-10-14,5,XBB.1.5.70,0.016115888721202835,0.02638527138291849,0.009090906088847196,biweekly,weighted,,region_05
2023-10-21,5,XBB.1.5.70,0.01687076552034501,0.02730926295133104,0.00965861939544924,biweekly,weighted,,region_05
2023-10-28,5,XBB.1.5.70,0.01762564231948718,0.028233254519743588,0.010226332702051283,biweekly,weighted,0.0,region_05
2023-11-04,5,XBB.1.5.70,0.016726042881410257,0.027673041544038463,0.009304431909358975,biweekly,weighted,,region_05
2023-11-11,5,XBB.1.5.70,0.015826443443333334,0.027112828568333334,0.008382531116666666,biweekly,weighted,0.0,region_05
2023-11-18,5,XBB.1.5.70,0.014590647545444445,0.02510626126761111,0.007681573703222222,biweekly,weighted,,region_05
2023-11-25,5,XBB.1.5.70,0.013354851647555557,0.02309969396688889,0.0069806162897777775,biweekly,weighted,,region_05
2023-12-02,5,XBB.1.5.70,0.012119055749666667,0.021093126666166667,0.006279658876333333,biweekly,weighted,,region_05
2023-12-09,5,XBB.1.5.70,0.01088325985177778,0.019086559365444445,0.005578701462888889,biweekly,weighted,,region_05
2023-12-16,5,XBB.1.5.70,0.00964746395388889,0.017079992064722223,0.004877744049444445,biweekly,weighted,,region_05
2023-12-23,5,XBB.1.5.70,0.008411668056,0.015073424764,0.004176786636,biweekly,weighted,0.0,region_05
2023-07-22,5,XBB.1.5.72,0.030494935649130438,0.053728831689565215,0.015395087229130435,biweekly,weighted,0.0,region_05
2023-07-29,5,XBB.1.5.72,0.023812508563898552,0.04206541603111594,0.011996939735231884,biweekly,weighted,,region_05
2023-08-05,5,XBB.1.5.72,0.017130081478666667,0.030402000372666667,0.008598792241333333,biweekly,weighted,0.0,region_05
2023-03-11,5,XBB.1.9.1,0.012643878970000001,0.02130922271666667,0.006849004578333334,weekly,weighted,0.0,region_05
2023-03-18,5,XBB.1.9.1,0.01738972473,0.029185137945000002,0.00944910990125,weekly,weighted,,region_05
2023-03-25,5,XBB.1.9.1,0.02213557049,0.03706105317333333,0.012049215224166666,weekly,weighted,,region_05
2023-04-01,5,XBB.1.9.1,0.026881416249999998,0.044936968401666666,0.014649320547083334,weekly,weighted,,region_05
2023-04-08,5,XBB.1.9.1,0.03162726201,0.05281288363,0.01724942587,weekly,weighted,0.0,region_05
2023-04-15,5,XBB.1.9.1,0.03237338536283019,0.043333481716037736,0.02354520678735849,biweekly,weighted,0.0,region_05
2023-04-22,5,XBB.1.9.1,0.031428343814203556,0.04318146508138425,0.022164748378390782,biweekly,weighted,,region_05
2023-04-29,5,XBB.1.9.1,0.030483302265576922,0.04302944844673077,0.020784289969423077,biweekly,weighted,0.0,region_05
2023-05-06,5,XBB.1.9.1,0.042799325672494344,0.05941497974101244,0.029743447685495854,biweekly,weighted,,region_05
2023-05-13,5,XBB.1.9.1,0.05511534907941177,0.07580051103529412,0.03870260540156863,biweekly,weighted,0.0,region_05
2023-05-20,5,XBB.1.9.1,0.06376669515420588,0.08937063482544705,0.04369412483558431,biweekly,weighted,,region_05
2023-05-27,5,XBB.1.9.1,0.072418041229,0.1029407586156,0.0486856442696,biweekly,weighted,0.0,region_05
2023-06-03,5,XBB.1.9.1,0.07959023459811702,0.11693750637152339,0.05123235533575744,biweekly,weighted,,region_05
2023-06-10,5,XBB.1.9.1,0.08676242796723405,0.1309342541274468,0.05377906640191489,biweekly,weighted,0.0,region_05
2023-06-17,5,XBB.1.9.1,0.10130284586632535,0.15935163115330675,0.059063258977624114,biweekly,weighted,,region_05
2023-06-24,5,XBB.1.9.1,0.11584326376541666,0.18776900817916667,0.06434745155333334,biweekly,weighted,0.0,region_05
2023-07-01,5,XBB.1.9.1,0.11043174723810834,0.16960540766478333,0.06668123211726668,biweekly,weighted,,region_05
2023-07-08,5,XBB.1.9.1,0.1050202307108,0.1514418071504,0.0690150126812,biweekly,weighted,0.0,region_05
2023-07-15,5,XBB.1.9.1,0.0833254550607125,0.12225903372254376,0.05367506841419375,biweekly,weighted,,region_05
2023-07-22,5,XBB.1.9.1,0.061630679410625,0.0930762602946875,0.038335124147187497,biweekly,weighted,0.0,region_05
2023-07-29,5,XBB.1.9.1,0.05576515607120139,0.08458079061912152,0.03452877552970486,biweekly,weighted,,region_05
2023-08-05,5,XBB.1.9.1,0.049899632731777784,0.07608532094355555,0.03072242691222222,biweekly,weighted,0.0,region_05
2023-08-12,5,XBB.1.9.1,0.04681022702042378,0.06866741238294057,0.030393151940529717,biweekly,weighted,,region_05
2023-08-19,5,XBB.1.9.1,0.04372082130906977,0.06124950382232558,0.03006387696883721,biweekly,weighted,0.0,region_05
2023-08-26,5,XBB.1.9.1,0.04102948554930233,0.05814382988372093,0.027819453998372094,biweekly,weighted,,region_05
2023-09-02,5,XBB.1.9.1,0.038338149789534884,0.05503815594511628,0.02557503102790698,biweekly,weighted,0.0,region_05
2023-09-09,5,XBB.1.9.1,0.030867256546910297,0.04692172332351052,0.019245759733834442,biweekly,weighted,,region_05
2023-09-16,5,XBB.1.9.1,0.023396363304285715,0.03880529070190476,0.012916488439761906,biweekly,weighted,0.0,region_05
2023-09-23,5,XBB.1.9.1,0.018755946207892858,0.030656058326577383,0.010582378137005953,biweekly,weighted,,region_05
2023-09-30,5,XBB.1.9.1,0.0141155291115,0.02250682595125,0.00824826783425,biweekly,weighted,0.0,region_05
2023-10-07,5,XBB.1.9.1,0.01621027128975,0.02586080692675,0.009465497545500001,biweekly,weighted,,region_05
2023-10-14,5,XBB.1.9.1,0.018305013468000002,0.02921478790225,0.010682727256750001,biweekly,weighted,0.0,region_05
2023-10-21,5,XBB.1.9.1,0.014041072183545455,0.02336534392794318,0.007768399613375001,biweekly,weighted,,region_05
2023-10-28,5,XBB.1.9.1,0.00977713089909091,0.017515899953636362,0.004854071969999999,biweekly,weighted,0.0,region_05
2023-11-04,5,XBB.1.9.1,0.010421498460984849,0.018590065778863636,0.005205538554318181,biweekly,weighted,,region_05
2023-11-11,5,XBB.1.9.1,0.011065866022878788,0.019664231604090907,0.005557005138636363,biweekly,weighted,,region_05
2023-11-18,5,XBB.1.9.1,0.011710233584772729,0.02073839742931818,0.005908471722954545,biweekly,weighted,,region_05
2023-11-25,5,XBB.1.9.1,0.012354601146666668,0.021812563254545454,0.006259938307272727,biweekly,weighted,,region_05
2023-12-02,5,XBB.1.9.1,0.012998968708560607,0.022886729079772725,0.006611404891590908,biweekly,weighted,,region_05
2023-12-09,5,XBB.1.9.1,0.013643336270454547,0.023960894905,0.006962871475909091,biweekly,weighted,0.0,region_05
2023-04-15,5,XBB.1.9.2,0.014311688619056604,0.023362402223773584,0.008097706476603773,biweekly,weighted,0.0,region_05
2023-04-22,5,XBB.1.9.2,0.018397613048292454,0.02870850719758019,0.011086629882302829,biweekly,weighted,,region_05
2023-04-29,5,XBB.1.9.2,0.022483537477528303,0.03405461217138679,0.014075553288001886,biweekly,weighted,,region_05
2023-05-06,5,XBB.1.9.2,0.026569461906764152,0.0394007171451934,0.017064476693700942,biweekly,weighted,,region_05
2023-05-13,5,XBB.1.9.2,0.030655386336000002,0.044746822119,0.020053400099399998,biweekly,weighted,0.0,region_05
2023-05-20,5,XBB.1.9.2,0.031846545011844446,0.04756658886882222,0.020285041013626666,biweekly,weighted,,region_05
2023-05-27,5,XBB.1.9.2,0.03303770368768889,0.05038635561864445,0.02051668192785333,biweekly,weighted,,region_05
2023-06-03,5,XBB.1.9.2,0.034228862363533334,0.05320612236846667,0.02074832284208,biweekly,weighted,,region_05
2023-06-10,5,XBB.1.9.2,0.035420021039377775,0.05602588911828889,0.020979963756306664,biweekly,weighted,,region_05
2023-06-17,5,XBB.1.9.2,0.03661117971522222,0.058845655868111114,0.021211604670533332,biweekly,weighted,,region_05
2023-06-24,5,XBB.1.9.2,0.03780233839106666,0.061665422617933334,0.02144324558476,biweekly,weighted,,region_05
2023-07-01,5,XBB.1.9.2,0.03899349706691111,0.06448518936775556,0.021674886498986665,biweekly,weighted,,region_05
2023-07-08,5,XBB.1.9.2,0.04018465574275555,0.06730495611757778,0.021906527413213334,biweekly,weighted,,region_05
2023-07-15,5,XBB.1.9.2,0.04137581441859999,0.0701247228674,0.02213816832744,biweekly,weighted,,region_05
2023-07-22,5,XBB.1.9.2,0.04256697309444444,0.07294448961722222,0.022369809241666667,biweekly,weighted,0.0,region_05
2023-07-29,5,XBB.1.9.2,0.03412896795483586,0.05692668829156566,0.018681848677992424,biweekly,weighted,,region_05
2023-08-05,5,XBB.1.9.2,0.025690962815227272,0.040908886965909094,0.014993888114318182,biweekly,weighted,0.0,region_05
2023-08-12,5,XBB.1.9.2,0.023148107078687898,0.03696506989821089,0.013463878195738636,biweekly,weighted,,region_05
2023-08-19,5,XBB.1.9.2,0.02060525134214852,0.03302125283051269,0.011933868277159091,biweekly,weighted,,region_05
2023-08-26,5,XBB.1.9.2,0.018062395605609145,0.029077435762814484,0.010403858358579546,biweekly,weighted,,region_05
2023-09-02,5,XBB.1.9.2,0.015519539869069768,0.02513361869511628,0.00887384844,biweekly,weighted,0.0,region_05
2023-05-13,5,XBB.2.3,0.023931455853235292,0.04050496494529412,0.012849025345882352,biweekly,weighted,0.0,region_05
2023-05-20,5,XBB.2.3,0.04228922145411765,0.07370054486139707,0.021542201359816174,biweekly,weighted,,region_05
2023-05-27,5,XBB.2.3,0.060646987055,0.1068961247775,0.03023537737375,biweekly,weighted,0.0,region_05
2023-06-03,5,XBB.2.3,0.05535754960491379,0.09683925452806035,0.027983413435150865,biweekly,weighted,,region_05
2023-06-10,5,XBB.2.3,0.050068112154827586,0.08678238427862069,0.025731449496551727,biweekly,weighted,0.0,region_05
2023-06-17,5,XBB.2.3,0.05626389843320327,0.0932418293300998,0.030871926091696915,biweekly,weighted,,region_05
2023-06-24,5,XBB.2.3,0.06245968471157895,0.09970127438157894,0.0360124026868421,biweekly,weighted,0.0,region_05
2023-07-01,5,XBB.2.3,0.06944084303383295,0.10834613849057208,0.0412724815747254,biweekly,weighted,,region_05
2023-07-08,5,XBB.2.3,0.07642200135608695,0.11699100259956521,0.046532560462608695,biweekly,weighted,0.0,region_05
2023-07-15,5,XBB.2.3,0.08610358494577075,0.12983214433644927,0.053426531333425564,biweekly,weighted,,region_05
2023-07-22,5,XBB.2.3,0.09578516853545455,0.14267328607333332,0.06032050220424243,biweekly,weighted,0.0,region_05
2023-07-29,5,XBB.2.3,0.09561870953794949,0.13488984858322223,0.06493265770323232,biweekly,weighted,,region_05
2023-08-05,5,XBB.2.3,0.09545225054044444,0.1271064110931111,0.06954481320222222,biweekly,weighted,0.0,region_05
2023-08-12,5,XBB.2.3,0.10391615803624495,0.1442159298545101,0.07183436077213384,biweekly,weighted,,region_05
2023-08-19,5,XBB.2.3,0.11238006553204545,0.16132544861590908,0.07412390834204546,biweekly,weighted,0.0,region_05
2023-08-26,5,XBB.2.3,0.09092968909660412,0.12993017149341965,0.06050302611799947,biweekly,weighted,,region_05
2023-09-02,5,XBB.2.3,0.06947931266116279,0.09853489437093023,0.04688214389395348,biweekly,weighted,0.0,region_05
2023-09-09,5,XBB.2.3,0.07056682920617663,0.09657648953939368,0.04985483927935769,biweekly,weighted,,region_05
2023-09-16,5,XBB.2.3,0.07165434575119048,0.09461808470785715,0.0528275346647619,biweekly,weighted,0.0,region_05
2023-09-23,5,XBB.2.3,0.060036790262790365,0.07808078454246517,0.04511097312713705,biweekly,weighted,,region_05
2023-09-30,5,XBB.2.3,0.048419234774390245,0.061543484377073174,0.03739441158951219,biweekly,weighted,0.0,region_05
2023-10-07,5,XBB.2.3,0.044761077996070125,0.059749088888411586,0.032729153036131095,biweekly,weighted,,region_05
2023-10-14,5,XBB.2.3,0.04110292121775,0.05795469339975,0.028063894482750002,biweekly,weighted,0.0,region_05
2023-10-21,5,XBB.2.3,0.03368157841361859,0.048524916767182694,0.02241766699650321,biweekly,weighted,,region_05
2023-10-28,5,XBB.2.3,0.02626023560948718,0.03909514013461539,0.016771439510256413,biweekly,weighted,0.0,region_05
2023-11-04,5,XBB.2.3,0.021479886132243588,0.031977617855070854,0.013722951559865047,biweekly,weighted,,region_05
2023-11-11,5,XBB.2.3,0.016699536655,0.024860095575526316,0.010674463609473684,biweekly,weighted,0.0,region_05
2023-11-18,5,XBB.2.3,0.018734493163790323,0.030368164413408318,0.010752531531511036,biweekly,weighted,,region_05
2023-11-25,5,XBB.2.3,0.020769449672580646,0.03587623325129032,0.010830599453548386,biweekly,weighted,0.0,region_05
2023-12-02,5,XBB.2.3,0.018295838941647463,0.03125315674439516,0.009705595741595623,biweekly,weighted,,region_05
2023-12-09,5,XBB.2.3,0.015822228210714284,0.0266300802375,0.008580592029642857,biweekly,weighted,0.0,region_05
2023-12-16,5,XBB.2.3,0.01272594750702381,0.021930022285416666,0.006685277076488095,biweekly,weighted,,region_05
2023-12-23,5,XBB.2.3,0.009629666803333334,0.017229964333333334,0.004789962123333334,biweekly,weighted,0.0,region_05
2024-09-28,5,XEC,0.051833872371666666,0.08979448303666666,0.02663750667166667,biweekly,weighted,0.0,region_05
2024-10-05,5,XEC,0.07670720027083333,0.12811824791183332,0.041223965864333335,biweekly,weighted,,region_05
2024-10-12,5,XEC,0.10158052817,0.166442012787,0.055810425057,biweekly,weighted,0.0,region_05
2024-10-19,5,XEC,0.10727643147125,0.1683710637815,0.06302115277629167,biweekly,weighted,,region_05
2024-10-26,5,XEC,0.1129723347725,0.170300114776,0.07023188049558333,biweekly,weighted,,region_05
2024-11-02,5,XEC,0.11866823807375,0.1722291657705,0.077442608214875,biweekly,weighted,,region_05
2024-11-09,5,XEC,0.124364141375,0.17415821676499998,0.08465333593416667,biweekly,weighted,0.0,region_05
2024-11-16,5,XEC,0.18106117602475,0.24366534817975,0.128331919479875,biweekly,weighted,,region_05
2024-11-23,5,XEC,0.23775821067449998,0.3131724795945,0.17201050302558335,biweekly,weighted,,region_05
2024-11-30,5,XEC,0.29445524532425,0.38267961100924996,0.21568908657129165,biweekly,weighted,,region_05
2024-12-07,5,XEC,0.351152279974,0.452186742424,0.259367670117,biweekly,weighted,0.0,region_05
2024-12-14,5,XEC,0.3562801972038182,0.43116438158563636,0.2870881115166818,biweekly,weighted,,region_05
2024-12-21,5,XEC,0.36140811443363635,0.41014202074727274,0.3148085529163636,biweekly,weighted,0.0,region_05
2024-12-28,5,XEC,0.3749920224604545,0.43311174484863635,0.3195020122972727,biweekly,weighted,,region_05
2025-01-04,5,XEC,0.3885759304872727,0.45608146894999996,0.3241954716781818,biweekly,weighted,0.0,region_05
2025-01-11,5,XEC,0.4067129811106363,0.4796659326014999,0.33664803965559087,biweekly,weighted,,region_05
2025-01-18,5,XEC,0.42485003173399993,0.5032503962529999,0.349100607633,biweekly,weighted,0.0,region_05
2025-01-25,5,XEC,0.425340551882625,0.515855255723375,0.33847776576837496,biweekly,weighted,,region_05
2025-02-01,5,XEC,0.42583107203125,0.52846011519375,0.32785492390375,biweekly,weighted,0.0,region_05
2025-02-08,5,XEC,0.38955872505937494,0.481224168091875,0.303267617710625,biweekly,weighted,,region_05
2025-02-15,5,XEC,0.35328637808749996,0.43398822099,0.2786803115175,biweekly,weighted,0.0,region_05
2025-02-22,5,XEC,0.3119367430258928,0.40467623035714284,0.2303559459494643,biweekly,weighted,,region_05
2025-03-01,5,XEC,0.2705871079642857,0.3753642397242857,0.18203158038142855,biweekly,weighted,0.0,region_05
2025-03-08,5,XEC,0.24019267292921428,0.33700071551771427,0.15971879852807142,biweekly,weighted,,region_05
2025-03-15,5,XEC,0.20979823789414287,0.29863719131114286,0.13740601667471428,biweekly,weighted,,region_05
2025-03-22,5,XEC,0.17940380285907143,0.26027366710457145,0.11509323482135714,biweekly,weighted,,region_05
2025-03-29,5,XEC,0.149009367824,0.221910142898,0.092780452968,biweekly,weighted,0.0,region_05
2025-06-07,5,XFG,0.13242009282,0.18626567721,0.09188019484,4_week,empiric,0.0,region_05
2025-06-14,5,XFG,0.18620656058125,0.24045765772125,0.1433904180275,4_week,empiric,,region_05
2025-06-21,5,XFG,0.2399930283425,0.2946496382325,0.194900641215,4_week,empiric,,region_05
2025-06-28,5,XFG,0.29377949610375,0.34884161874375,0.24641086440249999,4_week,empiric,,region_05
2025-07-05,5,XFG,0.347565963865,0.40303359925500004,0.29792108758999997,4_week,empiric,,region_05
2025-07-12,5,XFG,0.40135243162625,0.45722557976625,0.3494313107775,4_week,empiric,,region_05
2025-07-19,5,XFG,0.45513889938749996,0.5114175602775,0.400941533965,4_week,empiric,,region_05
2025-07-26,5,XFG,0.50892536714875,0.56560954078875,0.45245175715249997,4_week,empiric,,region_05
2025-08-02,5,XFG,0.56271183491,0.6198015213,0.50396198034,4_week,empiric,0.0,region_05
2025-11-22,5,XFG.14.1,0.06273062527,0.10034874082,0.03809469193,4_week,empiric,0.0,region_05
2021-06-12,6,A.2.5,0.01105174795,0.0295519568,0.00408435427,weekly,weighted,0.0,region_06
2021-06-19,6,A.2.5,0.00977930427,0.02832950279,0.00333412271,weekly,weighted,0.0,region_06
2021-06-26,6,A.2.5,0.00892180127,0.02751294337,0.0028825847733333332,weekly,weighted,,region_06
2021-07-03,6,A.2.5,0.00806429827,0.02669638395,0.0024310468366666666,weekly,weighted,,region_06
2021-07-10,6,A.2.5,0.00720679527,0.02587982453,0.0019795089,weekly,weighted,0.0,region_06
2021-07-17,6,A.2.5,0.00547159743,0.01177480351,0.00253392803,weekly,weighted,0.0,region_06
2021-07-10,6,AY.2,0.00738309271,0.014215688655333335,0.003602528044,weekly,weighted,0.0,region_06
2021-07-17,6,AY.2,0.005003456678,0.014632685296,0.0017009572359999998,weekly,weighted,0.0,region_06
2021-07-24,6,AY.2,0.007196678779999999,0.017863558501111113,0.002905088812222222,weekly,weighted,0.0,region_06
2021-07-31,6,AY.2,0.0028638091950000002,0.006108240921666667,0.001330889325,weekly,weighted,0.0,region_06
2021-06-05,6,AY.3,0.04390036687,0.28752851486,0.00519701093,weekly,weighted,0.0,region_06
2021-06-12,6,AY.3,0.08222806454,0.29384845495,0.018925488,weekly,weighted,0.0,region_06
2021-06-19,6,AY.3,0.08416291326,0.23017153144,0.02746949531,weekly,weighted,0.0,region_06
2021-06-26,6,AY.3,0.09165158868,0.22562040389,0.03376248851,weekly,weighted,0.0,region_06
2021-07-03,6,AY.3,0.10724253207,0.19466358423,0.05633491278,weekly,weighted,0.0,region_06
2021-07-10,6,AY.3,0.13051351905,0.24693211913,0.06429550797,weekly,weighted,0.0,region_06
2021-07-17,6,AY.3,0.14329428971,0.24261692166,0.08032033592,weekly,weighted,0.0,region_06
2021-07-24,6,AY.3,0.16454927623,0.4125264883,0.05235205591,weekly,weighted,0.0,region_06
2021-01-30,6,B.1,0.028632204794,0.057037355377,0.014766092646000002,biweekly,weighted,0.0,region_06
2021-02-06,6,B.1,0.025004589185,0.0842706108455,0.009293594328000001,biweekly,weighted,,region_06
2021-02-13,6,B.1,0.021376973575999998,0.111503866314,0.0038210960099999995,biweekly,weighted,0.0,region_06
2021-02-20,6,B.1,0.021193465404499998,0.0731387656175,0.008287103008,biweekly,weighted,,region_06
2021-02-27,6,B.1,0.021009957233,0.034773664921,0.012753110006,biweekly,weighted,0.0,region_06
2021-02-27,6,B.1.1,0.0053574862,0.02732487954,0.00103169004,biweekly,weighted,0.0,region_06
2021-01-30,6,B.1.1.519,0.022563164225555557,0.047390406328888884,0.01069413974,biweekly,weighted,0.0,region_06
2021-02-06,6,B.1.1.519,0.04264355295666667,0.07652602137777778,0.023608810682222224,biweekly,weighted,,region_06
2021-02-13,6,B.1.1.519,0.06272394168777778,0.10566163642666666,0.036523481624444444,biweekly,weighted,0.0,region_06
2021-02-20,6,B.1.1.519,0.07463838387777777,0.13977348845888887,0.03872622425333333,biweekly,weighted,,region_06
2021-02-27,6,B.1.1.519,0.08655282606777777,0.1738853404911111,0.04092896688222222,biweekly,weighted,0.0,region_06
2021-12-11,6,B.1.1.529,0.1957390686152113,0.31905235287169015,0.10432915536450704,weekly,weighted,0.0,region_06
2021-12-18,6,B.1.1.529,0.540510873537027,0.686960805107027,0.38868659170972975,weekly,weighted,0.0,region_06
2021-12-25,6,B.1.1.529,0.7671246666839131,0.8517365196475362,0.6611540058386957,weekly,weighted,0.0,region_06
2022-01-01,6,B.1.1.529,0.811170328190147,0.8682239081930883,0.7415745196969118,weekly,weighted,0.0,region_06
2022-01-08,6,B.1.1.529,0.7892042073339395,0.8515167091839394,0.7192310997931819,weekly,weighted,0.0,region_06
2022-01-15,6,B.1.1.529,0.7308706080738806,0.7730904399452239,0.6864199055665672,weekly,weighted,0.0,region_06
2022-01-22,6,B.1.1.529,0.7110029468034849,0.7519306937862121,0.6702723814678788,weekly,weighted,0.0,region_06
2022-01-29,6,B.1.1.529,0.6932709915560937,0.7334939888676563,0.6535077500159375,weekly,weighted,0.0,region_06
2022-02-05,6,B.1.1.529,0.6732961677366667,0.7139463585520635,0.6339448245747619,weekly,weighted,0.0,region_06
2022-02-12,6,B.1.1.529,0.6374610965222223,0.6681551313595239,0.6079270111187302,weekly,weighted,0.0,region_06
2022-02-19,6,B.1.1.529,0.5973006530151613,0.6339898388229032,0.5591928425333872,weekly,weighted,0.0,region_06
2022-02-26,6,B.1.1.529,0.566894753057541,0.5991341452132787,0.5312313527844262,weekly,weighted,0.0,region_06
2022-03-05,6,B.1.1.529,0.5009554500383333,0.5572923287748334,0.4462937665486667,weekly,weighted,0.0,region_06
2022-03-12,6,B.1.1.529,0.4571138433476271,0.5436591005930509,0.37018808394050845,weekly,weighted,0.0,region_06
2022-03-19,6,B.1.1.529,0.3316693221186207,0.39472776959706896,0.2701941537189655,weekly,weighted,0.0,region_06
2022-03-26,6,B.1.1.529,0.17166504381508774,0.2363023787989474,0.11484903342263157,weekly,weighted,0.0,region_06
2022-04-02,6,B.1.1.529,0.09482568583654545,0.1351241770798182,0.06270700142745454,weekly,weighted,0.0,region_06
2022-04-09,6,B.1.1.529,0.07665734731327273,0.11779691129909091,0.04563027627109091,weekly,weighted,0.0,region_06
2022-04-16,6,B.1.1.529,0.06399587210745454,0.09911928307181818,0.037815680778318185,weekly,weighted,,region_06
2022-04-23,6,B.1.1.529,0.05133439690163637,0.08044165484454546,0.030001085285545456,weekly,weighted,,region_06
2022-04-30,6,B.1.1.529,0.03867292169581818,0.06176402661727273,0.022186489792772726,weekly,weighted,,region_06
2022-05-07,6,B.1.1.529,0.02601144649,0.04308639839,0.0143718943,weekly,weighted,0.0,region_06
2021-02-13,6,B.1.1.7,0.041617474828333334,0.06414815411000001,0.02677789734,biweekly,weighted,0.0,region_06
2021-02-20,6,B.1.1.7,0.09213744134916667,0.1616766682525,0.050058583262916664,biweekly,weighted,,region_06
2021-02-27,6,B.1.1.7,0.14265740787,0.25920518239499996,0.07333926918583333,biweekly,weighted,0.0,region_06
2021-03-06,6,B.1.1.7,0.2721129879375,0.40056419372499996,0.172979712485,weekly,weighted,0.0,region_06
2021-03-13,6,B.1.1.7,0.392230145635,0.4836347252125,0.3078216686825,weekly,weighted,0.0,region_06
2021-03-20,6,B.1.1.7,0.4658306017525,0.5771238654824999,0.35783664882,weekly,weighted,0.0,region_06
2021-03-27,6,B.1.1.7,0.5406581759475,0.639610782265,0.43841713667,weekly,weighted,0.0,region_06
2021-04-03,6,B.1.1.7,0.64393532276,0.6929087191825,0.5918008089075,weekly,weighted,0.0,region_06
2021-04-10,6,B.1.1.7,0.710641905665,0.7574684470874999,0.6587751656775,weekly,weighted,0.0,region_06
2021-04-17,6,B.1.1.7,0.731962651015,0.7886332869525,0.6665325611824999,weekly,weighted,0.0,region_06
2021-04-24,6,B.1.1.7,0.7671281844375,0.8102892190225,0.7173876017325,weekly,weighted,0.0,region_06
2021-05-01,6,B.1.1.7,0.7477765977374999,0.79736161232,0.6907685399075,weekly,weighted,0.0,region_06
2021-05-08,6,B.1.1.7,0.7660772601766667,0.796237627665,0.7330430150033332,weekly,weighted,0.0,region_06
2021-05-15,6,B.1.1.7,0.7397775186433333,0.7839208907544444,0.6906462179299999,weekly,weighted,0.0,region_06
2021-05-22,6,B.1.1.7,0.6942312055155555,0.7782618138499999,0.5949269268244444,weekly,weighted,0.0,region_06
2021-05-29,6,B.1.1.7,0.64812603924,0.7521311971855555,0.5282867848855556,weekly,weighted,0.0,region_06
2021-06-05,6,B.1.1.7,0.5638964176166668,0.64998931355,0.47311482826999995,weekly,weighted,0.0,region_06
2021-06-12,6,B.1.1.7,0.4511305888488889,0.58691698975,0.3225956559177778,weekly,weighted,0.0,region_06
2021-06-19,6,B.1.1.7,0.39531358745333334,0.5420515338577778,0.2642061147422222,weekly,weighted,0.0,region_06
2021-06-26,6,B.1.1.7,0.2858784397455556,0.41858744952444443,0.1819362673488889,weekly,weighted,0.0,region_06
2021-07-03,6,B.1.1.7,0.15594977306000002,0.24790216651444444,0.09317760004,weekly,weighted,0.0,region_06
2021-07-10,6,B.1.1.7,0.08813239137333334,0.12449388619888888,0.06203335068333334,weekly,weighted,0.0,region_06
2021-07-17,6,B.1.1.7,0.05155967507111111,0.08008980916555555,0.032285329782222226,weekly,weighted,0.0,region_06
2021-07-24,6,B.1.1.7,0.02355731195888889,0.039745902022222224,0.013360410824444445,weekly,weighted,0.0,region_06
2021-07-31,6,B.1.1.7,0.01247708057125,0.0190223094525,0.0080171714075,weekly,weighted,0.0,region_06
2021-08-07,6,B.1.1.7,0.0106416672925,0.030613956975000002,0.003704952775,weekly,weighted,0.0,region_06
2021-08-14,6,B.1.1.7,0.00376732508,0.00873076636,0.00162098603,weekly,weighted,0.0,region_06
2021-01-30,6,B.1.2,0.4560445286325,0.4944535121325,0.41814447194375,biweekly,weighted,0.0,region_06
2021-02-06,6,B.1.2,0.4725226629525,0.514572713524375,0.43084307387437504,biweekly,weighted,,region_06
2021-02-13,6,B.1.2,0.4890007972725,0.53469191491625,0.44354167580500004,biweekly,weighted,0.0,region_06
2021-02-20,6,B.1.2,0.43464379198875003,0.509858295321875,0.364592412486875,biweekly,weighted,,region_06
2021-02-27,6,B.1.2,0.380286786705,0.4850246757275,0.28564314916875,biweekly,weighted,0.0,region_06
2021-01-30,6,B.1.427,0.01742069609,0.0312447492,0.00965207163,biweekly,weighted,0.0,region_06
2021-02-06,6,B.1.427,0.01717611883125,0.026521943353333334,0.011404100649583334,biweekly,weighted,,region_06
2021-02-13,6,B.1.427,0.0169315415725,0.021799137506666667,0.013156129669166667,biweekly,weighted,0.0,region_06
2021-02-20,6,B.1.427,0.01642474784534091,0.02607023327969697,0.010751265178674243,biweekly,weighted,,region_06
2021-02-27,6,B.1.427,0.015917954118181817,0.03034132905272727,0.00834640068818182,biweekly,weighted,0.0,region_06
2021-03-06,6,B.1.427,0.03633153066,0.12428265065,0.00991602428,weekly,weighted,0.0,region_06
2021-03-13,6,B.1.427,0.04213776067,0.15047512949,0.01080759242,weekly,weighted,0.0,region_06
2021-03-20,6,B.1.427,0.02468960546,0.05153601989,0.01165629551,weekly,weighted,0.0,region_06
2021-03-27,6,B.1.427,0.01566275954,0.04211577773,0.00572562823,weekly,weighted,0.0,region_06
2021-04-03,6,B.1.427,0.01713372953,0.07128571719,0.00394347031,weekly,weighted,0.0,region_06
2021-04-10,6,B.1.427,0.01378956717,0.0272067599,0.00694193318,weekly,weighted,0.0,region_06
2021-04-17,6,B.1.427,0.00832428876,0.01499611046,0.00460690074,weekly,weighted,0.0,region_06
2021-04-24,6,B.1.427,0.007857690795,0.01405118266,0.0043822536250000006,weekly,weighted,,region_06
2021-05-01,6,B.1.427,0.00739109283,0.01310625486,0.00415760651,weekly,weighted,0.0,region_06
2021-01-30,6,B.1.429,0.038888835039166667,0.0702414506425,0.021314365321666667,biweekly,weighted,0.0,region_06
2021-02-06,6,B.1.429,0.04701935142916667,0.0750547613325,0.029677059267916667,biweekly,weighted,,region_06
2021-02-13,6,B.1.429,0.05514986781916667,0.0798680720225,0.038039753214166666,biweekly,weighted,0.0,region_06
2021-02-20,6,B.1.429,0.0628988294232197,0.0845026874521591,0.046912954019810604,biweekly,weighted,,region_06
2021-02-27,6,B.1.429,0.07064779102727273,0.08913730288181819,0.05578615482545455,biweekly,weighted,0.0,region_06
2021-03-06,6,B.1.429,0.06216043979,0.07638293505,0.05044154823,weekly,weighted,0.0,region_06
2021-03-13,6,B.1.429,0.06070661172,0.09677376598,0.03752309456,weekly,weighted,0.0,region_06
2021-03-20,6,B.1.429,0.04615592957,0.07180728763,0.02937785164,weekly,weighted,0.0,region_06
2021-03-27,6,B.1.429,0.0511918515,0.08149988949,0.03176492453,weekly,weighted,0.0,region_06
2021-04-03,6,B.1.429,0.042318739,0.06726939976,0.02636089548,weekly,weighted,0.0,region_06
2021-04-10,6,B.1.429,0.02929995582,0.04735626653,0.01799820364,weekly,weighted,0.0,region_06
2021-04-17,6,B.1.429,0.02172100917,0.03135322034,0.01500213705,weekly,weighted,0.0,region_06
2021-04-24,6,B.1.429,0.014925400265,0.02338942792,0.009635912955,weekly,weighted,,region_06
2021-05-01,6,B.1.429,0.00812979136,0.0154256355,0.00426968886,weekly,weighted,0.0,region_06
2021-02-27,6,B.1.525,0.00249973335,0.00596408173,0.00104559981,biweekly,weighted,0.0,region_06
2021-02-27,6,B.1.526,0.004766079216363636,0.008004530248181818,0.0028450925400000005,biweekly,weighted,0.0,region_06
2021-03-06,6,B.1.526,0.01049786992,0.022918757980000003,0.004775078035,weekly,weighted,0.0,region_06
2021-03-13,6,B.1.526,0.011630410950000001,0.022902614436666666,0.005903869246666666,weekly,weighted,0.0,region_06
2021-03-20,6,B.1.526,0.02611964568333333,0.06974014764,0.00996233026,weekly,weighted,0.0,region_06
2021-03-27,6,B.1.526,0.01826701872,0.03727582283,0.008867891039999999,weekly,weighted,0.0,region_06
2021-04-03,6,B.1.526,0.03270054174,0.04241926844333333,0.025153605886666666,weekly,weighted,0.0,region_06
2021-04-10,6,B.1.526,0.03984988729333334,0.09422684461000001,0.016392306733333334,weekly,weighted,0.0,region_06
2021-04-17,6,B.1.526,0.03823767167666667,0.06936820844666668,0.021321154506666665,weekly,weighted,0.0,region_06
2021-04-24,6,B.1.526,0.03714634043666667,0.054008151093333324,0.025407165290000002,weekly,weighted,0.0,region_06
2021-05-01,6,B.1.526,0.03508217012,0.06113674367333333,0.020245133590000002,weekly,weighted,0.0,region_06
2021-05-08,6,B.1.526,0.026415926716666666,0.04223360742333334,0.016594340713333332,weekly,weighted,0.0,region_06
2021-05-15,6,B.1.526,0.035285277294,0.104676946252,0.011950939708,weekly,weighted,0.0,region_06
2021-05-22,6,B.1.526,0.047719597069999994,0.06532399654200001,0.03448770456,weekly,weighted,0.0,region_06
2021-05-29,6,B.1.526,0.045049528032,0.068936590852,0.029494374243999998,weekly,weighted,0.0,region_06
2021-06-05,6,B.1.526,0.02764804847666667,0.06463146830666666,0.011815899053333334,weekly,weighted,0.0,region_06
2021-06-12,6,B.1.526,0.01788210515,0.037317659706,0.008549581375999999,weekly,weighted,0.0,region_06
2021-06-19,6,B.1.526,0.02774702571,0.03995880857,0.01919266768,weekly,weighted,0.0,region_06
2021-06-26,6,B.1.526,0.01035419106,0.02895497158,0.00365761202,weekly,weighted,0.0,region_06
2021-07-03,6,B.1.526,0.008023197293333334,0.015660484943333334,0.004095089,weekly,weighted,0.0,region_06
2021-01-30,6,B.1.596,0.1504478901625,0.1850104741725,0.121668957175,biweekly,weighted,0.0,region_06
2021-02-06,6,B.1.596,0.13217113632625,0.18847855366625,0.09350182162625001,biweekly,weighted,,region_06
2021-02-13,6,B.1.596,0.11389438249,0.19194663316,0.06533468607750001,biweekly,weighted,0.0,region_06
2021-02-20,6,B.1.596,0.10397962853375001,0.16208167560375,0.06572210835125,biweekly,weighted,,region_06
2021-02-27,6,B.1.596,0.0940648745775,0.13221671804750001,0.066109530625,biweekly,weighted,0.0,region_06
2021-04-24,6,B.1.617.2,0.0166162378175,0.0333080478025,0.008218426955,weekly,weighted,0.0,region_06
2021-05-01,6,B.1.617.2,0.0165266245625,0.027338898272500002,0.009947924875,weekly,weighted,0.0,region_06
2021-05-08,6,B.1.617.2,0.030655138017261902,0.05103184854928571,0.016867896919166667,weekly,weighted,0.0,region_06
2021-05-15,6,B.1.617.2,0.03398528110348837,0.057251328775930234,0.018598345736279068,weekly,weighted,0.0,region_06
2021-05-22,6,B.1.617.2,0.055548506093448274,0.08128995748126436,0.036781684526896556,weekly,weighted,0.0,region_06
2021-05-29,6,B.1.617.2,0.08116159622321839,0.1154007582829885,0.05476981859678161,weekly,weighted,0.0,region_06
2021-06-05,6,B.1.617.2,0.18353503000448276,0.23567760881321842,0.14010239914977013,weekly,weighted,0.0,region_06
2021-06-12,6,B.1.617.2,0.2950531168913793,0.4052330663147127,0.20361920814367815,weekly,weighted,0.0,region_06
2021-06-19,6,B.1.617.2,0.3856434219105814,0.49512122432813954,0.2852021849088372,weekly,weighted,0.0,region_06
2021-06-26,6,B.1.617.2,0.5446517024017857,0.6088564339141667,0.47917243519,weekly,weighted,0.0,region_06
2021-07-03,6,B.1.617.2,0.6981246382342529,0.7539912722574712,0.6369659934921839,weekly,weighted,0.0,region_06
2021-07-10,6,B.1.617.2,0.8179056096911628,0.859335091225,0.7691616873406978,weekly,weighted,0.0,region_06
2021-07-17,6,B.1.617.2,0.8461663325628735,0.8817823666263219,0.8044670861344827,weekly,weighted,0.0,region_06
2021-07-24,6,B.1.617.2,0.9389250966765476,0.959540462210119,0.9116550627211905,weekly,weighted,0.0,region_06
2021-07-31,6,B.1.617.2,0.9656418554922352,0.9746426077449412,0.9542617377117647,weekly,weighted,0.0,region_06
2021-08-07,6,B.1.617.2,0.9560029296307059,0.9718387161978823,0.934642356283647,weekly,weighted,0.0,region_06
2021-08-14,6,B.1.617.2,0.9854534217497561,0.9900332987304878,0.9794843298630488,weekly,weighted,0.0,region_06
2021-08-21,6,B.1.617.2,0.9841447862840476,0.9934446676853571,0.9677400092286904,weekly,weighted,0.0,region_06
2021-08-28,6,B.1.617.2,0.971898573927683,0.9908167254631708,0.9351520320259755,weekly,weighted,0.0,region_06
2021-09-04,6,B.1.617.2,0.9874162397730488,0.9960321900321951,0.970128464990122,weekly,weighted,0.0,region_06
2021-09-11,6,B.1.617.2,0.9879211242990668,0.9963544448216001,0.9706386288005333,weekly,weighted,0.0,region_06
2021-09-18,6,B.1.617.2,0.9814368376030865,0.9926482461119753,0.9616579229455555,weekly,weighted,0.0,region_06
2021-09-25,6,B.1.617.2,0.9854203783551282,0.9963810420956409,0.9612316611484616,weekly,weighted,0.0,region_06
2021-10-02,6,B.1.617.2,0.9801830858381818,0.992724428702987,0.9568803914176625,weekly,weighted,0.0,region_06
2021-10-09,6,B.1.617.2,0.982173030251948,0.9934803022967533,0.9612984409581817,weekly,weighted,0.0,region_06
2021-10-16,6,B.1.617.2,0.9788050773820512,0.9931431320999999,0.950760330145,weekly,weighted,0.0,region_06
2021-10-23,6,B.1.617.2,0.9798616131146667,0.9961668324470666,0.9401360909146667,weekly,weighted,0.0,region_06
2021-10-30,6,B.1.617.2,0.9817147548993334,0.9947312752412,0.9549643309910666,weekly,weighted,0.0,region_06
2021-11-06,6,B.1.617.2,0.9707089817684932,0.9911838508621917,0.9299825960639726,weekly,weighted,0.0,region_06
2021-11-13,6,B.1.617.2,0.9732581285966666,0.990732170641389,0.9406100784736111,weekly,weighted,0.0,region_06
2021-11-20,6,B.1.617.2,0.9735547179970833,0.9906384406816667,0.9418141568701388,weekly,weighted,0.0,region_06
2021-11-27,6,B.1.617.2,0.984829780645625,0.9963737791403124,0.9589519109575,weekly,weighted,0.0,region_06
2021-12-04,6,B.1.617.2,0.9767945766452856,0.9930701936991427,0.9436941495961428,weekly,weighted,0.0,region_06
2021-12-11,6,B.1.617.2,0.7902946782784507,0.8848826289170423,0.6654259906685915,weekly,weighted,0.0,region_06
2021-12-18,6,B.1.617.2,0.4707866221735537,0.5680000429496406,0.37259730032362415,weekly,weighted,,region_06
2021-12-25,6,B.1.617.2,0.15127856606865672,0.2511174569822388,0.07976860997865672,weekly,weighted,0.0,region_06
2022-01-01,6,B.1.617.2,0.059200958433030304,0.09968538412984848,0.031625528453484854,weekly,weighted,0.0,region_06
2022-01-08,6,B.1.617.2,0.030086506297014926,0.05047521256388059,0.01634176334,weekly,weighted,0.0,region_06
2022-01-15,6,B.1.617.2,0.01331670769,0.02060045674,0.00809640624,weekly,weighted,0.0,region_06
2021-05-08,6,B.1.621,0.0087910499425,0.0176281854525,0.0043643962125,weekly,weighted,0.0,region_06
2021-05-15,6,B.1.621,0.009341485097500001,0.019271533005,0.0045047509475,weekly,weighted,0.0,region_06
2021-05-22,6,B.1.621,0.015956363081999998,0.049865103512,0.004985266924,weekly,weighted,0.0,region_06
2021-05-29,6,B.1.621,0.026549224929999997,0.0759140566,0.008973000011999998,weekly,weighted,0.0,region_06
2021-06-05,6,B.1.621,0.041793107984,0.11596308052399999,0.014294969848,weekly,weighted,0.0,region_06
2021-06-12,6,B.1.621,0.03952282507571429,0.08119237955142856,0.018806745964285713,weekly,weighted,0.0,region_06
2021-06-19,6,B.1.621,0.04182504703,0.0629125359857143,0.027161873345714287,weekly,weighted,0.0,region_06
2021-06-26,6,B.1.621,0.02615803480142857,0.04798323182000001,0.013711685447142855,weekly,weighted,0.0,region_06
2021-07-03,6,B.1.621,0.021314433910000003,0.03218941390571429,0.0138890859,weekly,weighted,0.0,region_06
2021-07-10,6,B.1.621,0.01395786314142857,0.03830619794857143,0.005197201787142857,weekly,weighted,0.0,region_06
2021-07-17,6,B.1.621,0.01959074914,0.028880779500000002,0.013130877164285713,weekly,weighted,0.0,region_06
2021-07-24,6,B.1.621,0.006561193282857143,0.015041307945714287,0.0028628158785714286,weekly,weighted,0.0,region_06
2021-07-31,6,B.1.621,0.0027916138066666663,0.005419079059999999,0.0013856253733333334,weekly,weighted,0.0,region_06
2021-08-07,6,B.1.621,0.004552459343333333,0.010173892135,0.0020500051683333335,weekly,weighted,0.0,region_06
2021-04-10,6,B.1.628,0.009756500365,0.015737121925,0.006034888095,weekly,weighted,0.0,region_06
2021-04-17,6,B.1.628,0.01131988829,0.017018301415,0.00752057321,weekly,weighted,0.0,region_06
2021-04-24,6,B.1.628,0.016438925639999998,0.036872964349999995,0.00724538183,weekly,weighted,0.0,region_06
2021-05-01,6,B.1.628,0.030130776579999997,0.04126803018,0.021930648945,weekly,weighted,0.0,region_06
2021-05-08,6,B.1.628,0.01806555223,0.04450376704,0.00721593597,weekly,weighted,0.0,region_06
2021-05-15,6,B.1.628,0.0278961402375,0.0558276157825,0.0137862507225,weekly,weighted,0.0,region_06
2021-05-22,6,B.1.628,0.020757587006666665,0.05664797748,0.007426888373333333,weekly,weighted,0.0,region_06
2021-05-29,6,B.1.628,0.04318367441666667,0.10071837902333335,0.017862555880000002,weekly,weighted,0.0,region_06
2021-06-05,6,B.1.628,0.040195945649999995,0.08462043386,0.018888436725,weekly,weighted,0.0,region_06
2021-06-12,6,B.1.628,0.035835543026666666,0.09913683931,0.012397452260000002,weekly,weighted,0.0,region_06
2021-06-19,6,B.1.628,0.0375050129375,0.11527235154000001,0.012348371095000001,weekly,weighted,0.0,region_06
2021-06-26,6,B.1.628,0.048313733190000006,0.15953560670333333,0.013397100383333332,weekly,weighted,0.0,region_06
2021-07-03,6,B.1.628,0.0307371104125,0.05997524038,0.0159493014225,weekly,weighted,0.0,region_06
2021-07-10,6,B.1.628,0.020971069113333334,0.07411540299666666,0.0056992406,weekly,weighted,0.0,region_06
2021-07-17,6,B.1.628,0.017393670353333335,0.04720248778333334,0.006285472463333334,weekly,weighted,0.0,region_06
2021-07-24,6,B.1.628,0.00919333799,0.016617057844999998,0.005136217455,weekly,weighted,0.0,region_06
2021-07-31,6,B.1.628,0.0024202629,0.00647974294,0.00090168999,weekly,weighted,0.0,region_06
2021-08-07,6,B.1.628,0.00257707597,0.00399004808,0.00166363595,weekly,weighted,0.0,region_06
2021-05-22,6,B.1.637,0.01439691707,0.04533804953,0.0044727521,weekly,weighted,0.0,region_06
2021-05-29,6,B.1.637,0.013484298015,0.0436861338075,0.0040846555475,weekly,weighted,,region_06
2021-06-05,6,B.1.637,0.012571678959999999,0.042034218085000005,0.003696558995,weekly,weighted,,region_06
2021-06-12,6,B.1.637,0.011659059905,0.040382302362500004,0.0033084624425,weekly,weighted,,region_06
2021-06-19,6,B.1.637,0.01074644085,0.03873038664,0.00292036589,weekly,weighted,0.0,region_06
2021-12-11,6,BA.1.1,0.027647212069583333,0.048373014821250004,0.014116201006666667,weekly,weighted,0.0,region_06
2021-12-18,6,BA.1.1,0.07486422080625,0.0939071543978125,0.058635058346875,weekly,weighted,0.0,region_06
2021-12-25,6,BA.1.1,0.1469052657485294,0.1685046084667647,0.1271201124532353,weekly,weighted,0.0,region_06
2022-01-01,6,BA.1.1,0.24317815286264707,0.2994416803120588,0.19275942970794116,weekly,weighted,0.0,region_06
2022-01-08,6,BA.1.1,0.3535453288842424,0.4570594755078788,0.25922195568181816,weekly,weighted,0.0,region_06
2022-01-15,6,BA.1.1,0.5014601095638236,0.5721790282170588,0.43067113879911767,weekly,weighted,0.0,region_06
2022-01-22,6,BA.1.1,0.5430252885120588,0.6148233290985294,0.4698383624061765,weekly,weighted,0.0,region_06
2022-01-29,6,BA.1.1,0.5588773751961764,0.6260670335858824,0.4900178865488235,weekly,weighted,0.0,region_06
2022-02-05,6,BA.1.1,0.5883336593129412,0.6573071795350001,0.5166875351879412,weekly,weighted,0.0,region_06
2022-02-12,6,BA.1.1,0.6412880683641177,0.6930900759552941,0.5869083176635295,weekly,weighted,0.0,region_06
2022-02-19,6,BA.1.1,0.6680564319385294,0.7333573716529411,0.5975563526150001,weekly,weighted,0.0,region_06
2022-02-26,6,BA.1.1,0.6656841320152942,0.7171252808149999,0.6111488202041176,weekly,weighted,0.0,region_06
2022-03-05,6,BA.1.1,0.6695156851244118,0.744810772292647,0.587204619365,weekly,weighted,0.0,region_06
2022-03-12,6,BA.1.1,0.6129782112208824,0.7345853167408825,0.4800998656185294,weekly,weighted,0.0,region_06
2022-03-19,6,BA.1.1,0.5137075834414705,0.6202595374170587,0.4062029666767647,weekly,weighted,0.0,region_06
2022-03-26,6,BA.1.1,0.3263948305564706,0.4616798758508823,0.20940668924735295,weekly,weighted,0.0,region_06
2022-04-02,6,BA.1.1,0.18453162776999998,0.2656603148755882,0.11959556994205883,weekly,weighted,0.0,region_06
2022-04-09,6,BA.1.1,0.15589823004088235,0.24273148310617648,0.0907146021282353,weekly,weighted,0.0,region_06
2022-01-22,6,BA.2,0.0035895184849999997,0.0058339071,0.002048420546,weekly,weighted,0.0,region_06
2022-01-29,6,BA.2,0.0056223986428125,0.00830504816984375,0.00363611596890625,weekly,weighted,0.0,region_06
2022-02-05,6,BA.2,0.00783649690828125,0.01109627280609375,0.00533732691140625,weekly,weighted,0.0,region_06
2022-02-12,6,BA.2,0.01519169157253968,0.020454978127142857,0.010986976414285714,weekly,weighted,0.0,region_06
2022-02-19,6,BA.2,0.03535768743868852,0.05834364451377049,0.019600799277377047,weekly,weighted,0.0,region_06
2022-02-26,6,BA.2,0.05800540317786885,0.0963165167657377,0.03164659119934426,weekly,weighted,0.0,region_06
2022-03-05,6,BA.2,0.11845704466116666,0.165778052062,0.08074379190766666,weekly,weighted,0.0,region_06
2022-03-12,6,BA.2,0.1895029423598305,0.296730682000339,0.10815362859559323,weekly,weighted,0.0,region_06
2022-03-19,6,BA.2,0.36719175248310343,0.4615717941313793,0.2798835332025862,weekly,weighted,0.0,region_06
2022-03-26,6,BA.2,0.6304939776138596,0.7551775522401755,0.4915954324233333,weekly,weighted,0.0,region_06
2022-04-02,6,BA.2,0.7640390992163636,0.8347885012621818,0.680550763824,weekly,weighted,0.0,region_06
2022-04-09,6,BA.2,0.7790711001912727,0.8458282156425454,0.699701237678909,weekly,weighted,0.0,region_06
2022-04-16,6,BA.2,0.8077492956761111,0.8894279842025925,0.7007362688027777,weekly,weighted,0.0,region_06
2022-04-23,6,BA.2,0.7710701834481132,0.8344165412877359,0.6964682329379245,weekly,weighted,0.0,region_06
2022-04-30,6,BA.2,0.6696726317496079,0.6993968486784314,0.6388994455337256,weekly,weighted,0.0,region_06
2022-05-07,6,BA.2,0.5698207932362745,0.6343335918352941,0.5035343491566667,weekly,weighted,0.0,region_06
2022-05-14,6,BA.2,0.4833664810658,0.522707318068,0.4439490443468,weekly,weighted,0.0,region_06
2022-05-21,6,BA.2,0.3838522920802041,0.41654457121428573,0.35192310931693876,weekly,weighted,0.0,region_06
2022-05-28,6,BA.2,0.268252095828125,0.29085013394520837,0.246527193114375,weekly,weighted,0.0,region_06
2022-06-04,6,BA.2,0.20183805645744682,0.2206050021219149,0.18403932547361704,weekly,weighted,0.0,region_06
2022-06-11,6,BA.2,0.14914056237673912,0.16544922441173912,0.13418458547956522,weekly,weighted,0.0,region_06
2022-06-18,6,BA.2,0.08914130114866667,0.10443545762022222,0.07561159655444444,weekly,weighted,0.0,region_06
2022-06-25,6,BA.2,0.06366261001613636,0.07992904142272728,0.04987242292931818,weekly,weighted,0.0,region_06
2022-07-02,6,BA.2,0.03786916502372093,0.04947704761232558,0.028358527004418602,weekly,weighted,0.0,region_06
2022-07-09,6,BA.2,0.028198943207857145,0.03821675772095238,0.020250797825714286,weekly,weighted,0.0,region_06
2022-07-16,6,BA.2,0.01637120151475,0.02403923915625,0.010682702669999999,weekly,weighted,0.0,region_06
2022-07-23,6,BA.2,0.014379671034102565,0.021705125768717946,0.009032278895128205,weekly,weighted,0.0,region_06
2022-07-30,6,BA.2,0.01214391360736842,0.017880685578157893,0.007875423008947368,weekly,weighted,0.0,region_06
2022-08-06,6,BA.2,0.00632349914,0.0111339679,0.0032235675,weekly,weighted,0.0,region_06
2022-08-13,6,BA.2,0.00703122075117647,0.012527153937058822,0.00352268058,weekly,weighted,0.0,region_06
2022-04-09,6,BA.2.12.1,0.04206319647709091,0.057947252758181814,0.029555767842,weekly,weighted,0.0,region_06
2022-04-16,6,BA.2.12.1,0.08559078737283018,0.10884640829698113,0.06597069777415095,weekly,weighted,0.0,region_06
2022-04-23,6,BA.2.12.1,0.1807023991753846,0.21386345647846156,0.15073748305442308,weekly,weighted,0.0,region_06
2022-04-30,6,BA.2.12.1,0.3057056846572549,0.3392837041729412,0.27362726833333334,weekly,weighted,0.0,region_06
2022-05-07,6,BA.2.12.1,0.40116733137274513,0.470970500917451,0.33417705928588237,weekly,weighted,0.0,region_06
2022-05-14,6,BA.2.12.1,0.47411752939220003,0.5050942879906,0.4434731990094,weekly,weighted,0.0,region_06
2022-05-21,6,BA.2.12.1,0.5461296128985714,0.588886653890204,0.5028638231510204,weekly,weighted,0.0,region_06
2022-05-28,6,BA.2.12.1,0.6252095674468751,0.65893835698625,0.59054163595125,weekly,weighted,0.0,region_06
2022-06-04,6,BA.2.12.1,0.5892559366021277,0.6328762439972341,0.5445703407551064,weekly,weighted,0.0,region_06
2022-06-11,6,BA.2.12.1,0.5184016849684783,0.5539693495497826,0.48267109821782606,weekly,weighted,0.0,region_06
2022-06-18,6,BA.2.12.1,0.4691838469771111,0.5042999280822222,0.4342944390244444,weekly,weighted,0.0,region_06
2022-06-25,6,BA.2.12.1,0.33236461606840906,0.3598177615890909,0.3057503862811364,weekly,weighted,0.0,region_06
2022-07-02,6,BA.2.12.1,0.22181409701418606,0.2590920516216279,0.18765019538767444,weekly,weighted,0.0,region_06
2022-07-09,6,BA.2.12.1,0.15208082373487805,0.17701968405341464,0.12941576976634145,weekly,weighted,0.0,region_06
2022-07-16,6,BA.2.12.1,0.08662001788634147,0.10034540477317072,0.07426030906585365,weekly,weighted,0.0,region_06
2022-07-23,6,BA.2.12.1,0.053032185882250005,0.06570555791225,0.042199156713750005,weekly,weighted,0.0,region_06
2022-07-30,6,BA.2.12.1,0.028291509143421052,0.036551102896578945,0.0214657335,weekly,weighted,0.0,region_06
2022-08-06,6,BA.2.12.1,0.01921302029810811,0.027405593443783783,0.012952338803243243,weekly,weighted,0.0,region_06
2022-09-17,6,BA.2.75,0.007451725362727272,0.012830399485454546,0.003923307618181818,weekly,weighted,0.0,region_06
2022-09-24,6,BA.2.75,0.01111777380121212,0.018949325888257575,0.005935509945303031,weekly,weighted,,region_06
2022-10-01,6,BA.2.75,0.01478382223969697,0.025068252291060605,0.007947712272424242,weekly,weighted,,region_06
2022-10-08,6,BA.2.75,0.018449870678181816,0.031187178693863636,0.009959914599545455,weekly,weighted,,region_06
2022-10-15,6,BA.2.75,0.022115919116666664,0.03730610509666667,0.011972116926666667,weekly,weighted,0.0,region_06
2022-10-22,6,BA.2.75,0.02093388041722222,0.03548072102555556,0.011256226233888889,weekly,weighted,,region_06
2022-10-29,6,BA.2.75,0.019751841717777774,0.03365533695444445,0.01054033554111111,weekly,weighted,,region_06
2022-11-05,6,BA.2.75,0.01856980301833333,0.03182995288333333,0.009824444848333334,weekly,weighted,,region_06
2022-11-12,6,BA.2.75,0.017387764318888888,0.030004568812222222,0.009108554155555556,weekly,weighted,,region_06
2022-11-19,6,BA.2.75,0.016205725619444444,0.028179184741111113,0.008392663462777778,weekly,weighted,,region_06
2022-11-26,6,BA.2.75,0.01502368692,0.02635380067,0.00767677277,weekly,weighted,0.0,region_06
2022-12-03,6,BA.2.75,0.00883372128,0.01582703181,0.0043867426,weekly,weighted,0.0,region_06
2022-05-14,6,BA.4,0.014698455575,0.0260554282,0.007398203245,weekly,weighted,0.0,region_06
2022-05-21,6,BA.4,0.031550940358125,0.049803501848749994,0.018607133417708335,weekly,weighted,0.0,region_06
2022-05-28,6,BA.4,0.04259001688645833,0.06488855850583333,0.026319844415208335,weekly,weighted,0.0,region_06
2022-06-04,6,BA.4,0.09061719271042554,0.13429098037255321,0.05757145948234043,weekly,weighted,0.0,region_06
2022-06-11,6,BA.4,0.11143704617195653,0.127277315635,0.09699374502173912,weekly,weighted,0.0,region_06
2022-06-18,6,BA.4,0.13538844353622223,0.15781902803333334,0.11507066471688888,weekly,weighted,0.0,region_06
2022-06-25,6,BA.4,0.16750564527795453,0.2149912613359091,0.12703854658295455,weekly,weighted,0.0,region_06
2022-07-02,6,BA.4,0.16454386121976744,0.1936759169011628,0.13821543718558138,weekly,weighted,0.0,region_06
2022-07-09,6,BA.4,0.15064352076619048,0.16964743676666666,0.1330217768745238,weekly,weighted,0.0,region_06
2022-07-16,6,BA.4,0.1320989342719512,0.14628510613219511,0.11885160044195123,weekly,weighted,0.0,region_06
2022-07-23,6,BA.4,0.126387532428,0.1501412142065,0.10535662956525,weekly,weighted,0.0,region_06
2022-07-30,6,BA.4,0.10287255107552631,0.12644005684473683,0.08239057699342105,weekly,weighted,0.0,region_06
2022-08-06,6,BA.4,0.07962993995594594,0.09169132181891891,0.06869621131864866,weekly,weighted,0.0,region_06
2022-08-13,6,BA.4,0.06452993489888889,0.0784666836263889,0.052408382089722226,weekly,weighted,0.0,region_06
2022-08-20,6,BA.4,0.05555325044085715,0.07650619362085714,0.03894547117628572,weekly,weighted,0.0,region_06
2022-08-27,6,BA.4,0.05095178798235295,0.06298605878529412,0.04062987283294118,weekly,weighted,0.0,region_06
2022-09-03,6,BA.4,0.047186014214848485,0.06713601472727272,0.03179903209818182,weekly,weighted,0.0,region_06
2022-09-10,6,BA.4,0.029192044225624998,0.048640199239375,0.015992033906875,weekly,weighted,0.0,region_06
2022-09-17,6,BA.4,0.04063595350709678,0.059198471686774196,0.026596658352258065,weekly,weighted,0.0,region_06
2022-09-24,6,BA.4,0.020742728892592592,0.033755605144444444,0.011804143415925927,weekly,weighted,0.0,region_06
2022-07-09,6,BA.4.6,0.010974791040249999,0.0173898150675,0.006479661702250001,weekly,weighted,0.0,region_06
2022-07-16,6,BA.4.6,0.020077995862250002,0.026677142922,0.014748499029500001,weekly,weighted,0.0,region_06
2022-07-23,6,BA.4.6,0.014025630638,0.021923583326750002,0.00841943337525,weekly,weighted,0.0,region_06
2022-07-30,6,BA.4.6,0.030499820155789472,0.03873736607394737,0.023603276742105262,weekly,weighted,0.0,region_06
2022-08-06,6,BA.4.6,0.032199603077567564,0.04178175843594595,0.024304207716216216,weekly,weighted,0.0,region_06
2022-08-13,6,BA.4.6,0.04818925758222223,0.06352786864555555,0.035666981143055554,weekly,weighted,0.0,region_06
2022-08-20,6,BA.4.6,0.05326247992285714,0.06615384008228571,0.04224393591285714,weekly,weighted,0.0,region_06
2022-08-27,6,BA.4.6,0.06409158711029413,0.08273804341176472,0.04855662628147059,weekly,weighted,0.0,region_06
2022-09-03,6,BA.4.6,0.07083419620030303,0.08806880157121211,0.056081418624848486,weekly,weighted,0.0,region_06
2022-09-10,6,BA.4.6,0.09193964558656251,0.11126493127093749,0.0749936080534375,weekly,weighted,0.0,region_06
2022-09-17,6,BA.4.6,0.08303171780774193,0.10138901515387096,0.06706340779225807,weekly,weighted,0.0,region_06
2022-09-24,6,BA.4.6,0.08892105693666667,0.11073472822666666,0.07019124378733334,weekly,weighted,0.0,region_06
2022-10-01,6,BA.4.6,0.10139347638551724,0.14476061021551725,0.06755826635034483,weekly,weighted,0.0,region_06
2022-10-08,6,BA.4.6,0.10496347477392856,0.14173554496035715,0.07502393557607143,weekly,weighted,0.0,region_06
2022-10-15,6,BA.4.6,0.0751669808578261,0.11121531381478261,0.047966549739999996,weekly,weighted,0.0,region_06
2022-10-22,6,BA.4.6,0.0885287680873077,0.13610400144884616,0.05348547146961539,weekly,weighted,0.0,region_06
2022-10-29,6,BA.4.6,0.0371581166975,0.062609297225,0.01997559564,weekly,weighted,0.0,region_06
2022-11-05,6,BA.4.6,0.03841864597125,0.0667176828725,0.019775118445,weekly,weighted,,region_06
2022-11-12,6,BA.4.6,0.039679175245000003,0.07082606852000001,0.01957464125,weekly,weighted,0.0,region_06
2022-11-19,6,BA.4.6,0.032388778404166665,0.056589466830000004,0.01656542113,weekly,weighted,,region_06
2022-11-26,6,BA.4.6,0.02509838156333333,0.04235286514,0.01355620101,weekly,weighted,0.0,region_06
2022-05-07,6,BA.5,0.01321563618652174,0.023157637079565217,0.006767775176086957,weekly,weighted,0.0,region_06
2022-05-14,6,BA.5,0.024569761124583336,0.038375968735,0.014717827511874998,weekly,weighted,0.0,region_06
2022-05-21,6,BA.5,0.03369929595877551,0.04673548096040816,0.02348637531510204,weekly,weighted,0.0,region_06
2022-05-28,6,BA.5,0.05926473982020833,0.07745325596291668,0.04427603608875,weekly,weighted,0.0,region_06
2022-06-04,6,BA.5,0.11534474568127659,0.1336943064906383,0.09870823219106384,weekly,weighted,0.0,region_06
2022-06-11,6,BA.5,0.21887942306369565,0.263696341735,0.17860614897173913,weekly,weighted,0.0,region_06
2022-06-18,6,BA.5,0.3032581077684445,0.3392403490008889,0.26898956630022225,weekly,weighted,0.0,region_06
2022-06-25,6,BA.5,0.43290793286159085,0.4661010496993182,0.4001809588890909,weekly,weighted,0.0,region_06
2022-07-02,6,BA.5,0.5712010363740476,0.6150809412909524,0.5264519531095238,weekly,weighted,0.0,region_06
2022-07-09,6,BA.5,0.6564740808238095,0.684265721412381,0.6278535042490476,weekly,weighted,0.0,region_06
2022-07-16,6,BA.5,0.7418811699241463,0.7592074013339024,0.7239392646931707,weekly,weighted,0.0,region_06
2022-07-23,6,BA.5,0.7885854676365,0.8157561868434999,0.75928458571425,weekly,weighted,0.0,region_06
2022-07-30,6,BA.5,0.8243441362134211,0.8408878994618421,0.8068286525576316,weekly,weighted,0.0,region_06
2022-08-06,6,BA.5,0.860287883797027,0.8766526322113514,0.8426275124424325,weekly,weighted,0.0,region_06
2022-08-13,6,BA.5,0.8712127970327779,0.8876061141491667,0.8533689330027778,weekly,weighted,0.0,region_06
2022-08-20,6,BA.5,0.8707369600025714,0.8890395726471428,0.8506288153782857,weekly,weighted,0.0,region_06
2022-08-27,6,BA.5,0.8717000940264705,0.8962942449479412,0.8437158097244117,weekly,weighted,0.0,region_06
2022-09-03,6,BA.5,0.8642848495284848,0.8845428372872727,0.8419122533363637,weekly,weighted,0.0,region_06
2022-09-10,6,BA.5,0.85109939239875,0.8704050369553125,0.830118963495,weekly,weighted,0.0,region_06
2022-09-17,6,BA.5,0.8318863491854839,0.8532946167458064,0.8087185140580645,weekly,weighted,0.0,region_06
2022-09-24,6,BA.5,0.843990270297,0.8666532556209999,0.819124887386,weekly,weighted,0.0,region_06
2022-10-01,6,BA.5,0.8240216847127586,0.8529843235834482,0.7919458952448275,weekly,weighted,0.0,region_06
2022-10-08,6,BA.5,0.7576873258303705,0.8002067230359259,0.7109861660888889,weekly,weighted,0.0,region_06
2022-10-15,6,BA.5,0.7134816646577777,0.7541807426344443,0.6699931555322223,weekly,weighted,0.0,region_06
2022-10-22,6,BA.5,0.6257767127119231,0.6732518397838461,0.5764184341984615,weekly,weighted,0.0,region_06
2022-10-29,6,BA.5,0.5380132365216,0.62397605896,0.45038503169919997,weekly,weighted,0.0,region_06
2022-11-05,6,BA.5,0.47635897249,0.5505455111454166,0.4029341973366667,weekly,weighted,0.0,region_06
2022-11-12,6,BA.5,0.4397759204321739,0.5032889000752174,0.3777118701,weekly,weighted,0.0,region_06
2022-11-19,6,BA.5,0.37622333927545454,0.45099700039045454,0.30552831563,weekly,weighted,0.0,region_06
2022-11-26,6,BA.5,0.31165261495714286,0.3719072980538095,0.25581779579333336,weekly,weighted,0.0,region_06
2022-12-03,6,BA.5,0.23224790096349998,0.299720464647,0.1737218946205,weekly,weighted,0.0,region_06
2022-12-10,6,BA.5,0.14554482786058823,0.22906102503117648,0.0840281857282353,weekly,weighted,0.0,region_06
2022-12-17,6,BA.5,0.1226086608238889,0.15799657669277778,0.09271039648166667,weekly,weighted,0.0,region_06
2022-12-24,6,BA.5,0.12257084075117645,0.16708083275529412,0.08666048286588235,weekly,weighted,0.0,region_06
2022-12-31,6,BA.5,0.094011398496875,0.126780960244375,0.06757680536249999,weekly,weighted,0.0,region_06
2023-01-07,6,BA.5,0.06962057309571429,0.09676885658,0.04817078342357143,weekly,weighted,0.0,region_06
2023-01-14,6,BA.5,0.053513667945,0.07843615274214286,0.034679579415714284,weekly,weighted,0.0,region_06
2023-01-21,6,BA.5,0.04838983227538462,0.0733549869976923,0.030060442738461538,weekly,weighted,0.0,region_06
2023-01-28,6,BA.5,0.035698777733247866,0.05590904161829059,0.02131202788811966,weekly,weighted,,region_06
2023-02-04,6,BA.5,0.02300772319111111,0.03846309623888889,0.012563613037777777,weekly,weighted,0.0,region_06
2022-10-08,6,BA.5.2.6,0.025034407155,0.044455166904999996,0.01251857495,weekly,weighted,0.0,region_06
2022-10-15,6,BA.5.2.6,0.0245741680275,0.0435166104375,0.012341721371666666,weekly,weighted,,region_06
2022-10-22,6,BA.5.2.6,0.0241139289,0.042578053969999995,0.012164867793333334,weekly,weighted,,region_06
2022-10-29,6,BA.5.2.6,0.0236536897725,0.0416394975025,0.011988014215,weekly,weighted,,region_06
2022-11-05,6,BA.5.2.6,0.023193450645,0.040700941035,0.011811160636666667,weekly,weighted,,region_06
2022-11-12,6,BA.5.2.6,0.0227332115175,0.039762384567499996,0.011634307058333335,weekly,weighted,,region_06
2022-11-19,6,BA.5.2.6,0.02227297239,0.0388238281,0.011457453480000001,weekly,weighted,0.0,region_06
2022-11-26,6,BA.5.2.6,0.022492762903333335,0.03741453463866667,0.012394363433333333,weekly,weighted,0.0,region_06
2022-12-03,6,BA.5.2.6,0.0159554523425,0.0275799115175,0.0083248049475,weekly,weighted,0.0,region_06
2022-12-10,6,BA.5.2.6,0.018508448731250002,0.03121466468875,0.010001281857499999,weekly,weighted,0.0,region_06
2022-12-17,6,BA.5.2.6,0.018620653932083335,0.031807056782083336,0.009882195114583332,weekly,weighted,,region_06
2022-12-24,6,BA.5.2.6,0.01873285913291667,0.03239944887541667,0.009763108371666666,weekly,weighted,,region_06
2022-12-31,6,BA.5.2.6,0.01884506433375,0.03299184096875,0.009644021628749999,weekly,weighted,0.0,region_06
2022-11-12,6,BF.11,0.01744565678,0.02965480461666667,0.009318298973333333,weekly,weighted,0.0,region_06
2022-09-10,6,BF.7,0.009117293792666665,0.015929110472666666,0.004697087748666667,weekly,weighted,0.0,region_06
2022-09-17,6,BF.7,0.011434976675298851,0.019322959800471266,0.0061769606055402295,weekly,weighted,,region_06
2022-09-24,6,BF.7,0.013752659557931035,0.022716809128275863,0.007656833462413793,weekly,weighted,0.0,region_06
2022-10-01,6,BF.7,0.01932873856375,0.03265867801375,0.01041419326875,weekly,weighted,0.0,region_06
2022-10-08,6,BF.7,0.031213273893214287,0.0529363764725,0.016702286898214284,weekly,weighted,0.0,region_06
2022-10-15,6,BF.7,0.05013392299925926,0.07575965314,0.03131971501259259,weekly,weighted,0.0,region_06
2022-10-22,6,BF.7,0.08151324093346154,0.11369437351807693,0.056129295234999994,weekly,weighted,0.0,region_06
2022-10-29,6,BF.7,0.1087522080544,0.145745230914,0.0786089423304,weekly,weighted,0.0,region_06
2022-11-05,6,BF.7,0.11586699770227273,0.18029728768818182,0.0684213971890909,weekly,weighted,0.0,region_06
2022-11-12,6,BF.7,0.07726340902913044,0.10088779161695652,0.05778016700739131,weekly,weighted,0.0,region_06
2022-11-19,6,BF.7,0.04854514236857143,0.07873133144285714,0.027875530400714284,weekly,weighted,0.0,region_06
2022-11-26,6,BF.7,0.06638844311,0.09329199791,0.04533899575333333,weekly,weighted,0.0,region_06
2022-12-03,6,BF.7,0.08858789368272728,0.1495153971690909,0.046701977537272725,weekly,weighted,0.0,region_06
2022-12-10,6,BF.7,0.06319234677052632,0.08795544269789474,0.04371737022157895,weekly,weighted,0.0,region_06
2022-12-17,6,BF.7,0.03737999229888889,0.05710228698111111,0.02305637227611111,weekly,weighted,0.0,region_06
2022-12-24,6,BF.7,0.031168104165982903,0.04943060671094017,0.018334716375747864,weekly,weighted,,region_06
2022-12-31,6,BF.7,0.024956216033076923,0.041758926440769235,0.013613060475384615,weekly,weighted,0.0,region_06
2022-11-12,6,BN.1,0.02382649295,0.042317522685,0.011916980615,weekly,weighted,0.0,region_06
2022-11-19,6,BN.1,0.026579679083,0.04476220992383333,0.014442041144999999,weekly,weighted,,region_06
2022-11-26,6,BN.1,0.029332865216,0.04720689716266666,0.016967101675,weekly,weighted,,region_06
2022-12-03,6,BN.1,0.032086051349,0.0496515844015,0.019492162205,weekly,weighted,0.0,region_06
2022-12-10,6,BN.1,0.02903386456675,0.045862101836125,0.01719408711486111,weekly,weighted,,region_06
2022-12-17,6,BN.1,0.0259816777845,0.04207261927075,0.014896012024722223,weekly,weighted,,region_06
2022-12-24,6,BN.1,0.02292949100225,0.038283136705375004,0.012597936934583335,weekly,weighted,,region_06
2022-12-31,6,BN.1,0.01987730422,0.03449365414,0.010299861844444445,weekly,weighted,0.0,region_06
2023-01-07,6,BN.1,0.01937602646857143,0.03126826975428571,0.011147320669285714,weekly,weighted,0.0,region_06
2023-01-14,6,BN.1,0.02119155486,0.032362449914615385,0.013110511435384616,weekly,weighted,0.0,region_06
2022-09-17,6,BQ.1,0.011841849145666666,0.018364089105666666,0.0071802484969999995,weekly,weighted,0.0,region_06
2022-09-24,6,BQ.1,0.01036160135777778,0.018405713278518518,0.005207454321111111,weekly,weighted,0.0,region_06
2022-10-01,6,BQ.1,0.021308824684106283,0.035054350745781,0.011937655681642512,weekly,weighted,,region_06
2022-10-08,6,BQ.1,0.03225604801043478,0.05170298821304348,0.018667857042173913,weekly,weighted,0.0,region_06
2022-10-15,6,BQ.1,0.05696866564086957,0.08599199354695652,0.035555344559565216,weekly,weighted,0.0,region_06
2022-10-22,6,BQ.1,0.09743924496307692,0.14738538288230768,0.06016669322192308,weekly,weighted,0.0,region_06
2022-10-29,6,BQ.1,0.1579545783996,0.2263943481448,0.1038224741812,weekly,weighted,0.0,region_06
2022-11-05,6,BQ.1,0.172419866919,0.24707032740149998,0.11310787126399999,weekly,weighted,0.0,region_06
2022-11-12,6,BQ.1,0.2195954076626087,0.29946037090347827,0.15282857547608697,weekly,weighted,0.0,region_06
2022-11-19,6,BQ.1,0.2328694097013636,0.2810860181404546,0.18934752385727274,weekly,weighted,0.0,region_06
2022-11-26,6,BQ.1,0.25412670274714283,0.2949798504504762,0.21632195157619047,weekly,weighted,0.0,region_06
2022-12-03,6,BQ.1,0.2434006981555,0.329745781422,0.1704354591665,weekly,weighted,0.0,region_06
2022-12-10,6,BQ.1,0.24234313635473684,0.2902150138426316,0.19884367287263158,weekly,weighted,0.0,region_06
2022-12-17,6,BQ.1,0.24872730092888892,0.29270539846666666,0.2084341777688889,weekly,weighted,0.0,region_06
2022-12-24,6,BQ.1,0.20582536476529412,0.25242180684058824,0.16458110073,weekly,weighted,0.0,region_06
2022-12-31,6,BQ.1,0.1881913524125,0.24998864252125,0.13671858142999999,weekly,weighted,0.0,region_06
2023-01-07,6,BQ.1,0.20825063288200002,0.23962265253133333,0.17929514845266667,weekly,weighted,0.0,region_06
2023-01-14,6,BQ.1,0.17854827216642857,0.20525625241571427,0.15401640321571428,weekly,weighted,0.0,region_06
2023-01-21,6,BQ.1,0.14389901321615384,0.17026060705,0.12024549509538461,weekly,weighted,0.0,region_06
2023-01-28,6,BQ.1,0.1124679520725,0.14172304421666668,0.08744963382583333,weekly,weighted,0.0,region_06
2023-02-04,6,BQ.1,0.09276322343272728,0.13129998608,0.06256644427727273,weekly,weighted,0.0,region_06
2023-02-11,6,BQ.1,0.055885637923,0.089728701114,0.032018856705,weekly,weighted,0.0,region_06
2023-02-18,6,BQ.1,0.038966716871499996,0.064107281947625,0.021669401485,weekly,weighted,,region_06
2023-02-25,6,BQ.1,0.02204779582,0.03848586278125,0.011319946265,weekly,weighted,0.0,region_06
2022-10-08,6,BQ.1.1,0.020244132354,0.035321254284,0.010406131668,weekly,weighted,0.0,region_06
2022-10-15,6,BQ.1.1,0.02707319902736842,0.04357529451157895,0.015626034209473682,weekly,weighted,0.0,region_06
2022-10-22,6,BQ.1.1,0.04839980473346154,0.07630612930461539,0.02857768406769231,weekly,weighted,0.0,region_06
2022-10-29,6,BQ.1.1,0.0882934686524,0.12299375861879999,0.0608517318952,weekly,weighted,0.0,region_06
2022-11-05,6,BQ.1.1,0.14229023891208334,0.21055331702,0.0896978011975,weekly,weighted,0.0,region_06
2022-11-12,6,BQ.1.1,0.14423061518608696,0.2081591182421739,0.0940329205726087,weekly,weighted,0.0,region_06
2022-11-19,6,BQ.1.1,0.22314879298272727,0.27925748039363635,0.1736177273768182,weekly,weighted,0.0,region_06
2022-11-26,6,BQ.1.1,0.2632356768557143,0.3479278201142857,0.1897678793895238,weekly,weighted,0.0,region_06
2022-12-03,6,BQ.1.1,0.32216715514600003,0.4463603422045,0.21421176269750003,weekly,weighted,0.0,region_06
2022-12-10,6,BQ.1.1,0.3751167278536842,0.46248271433947363,0.29364622894052633,weekly,weighted,0.0,region_06
2022-12-17,6,BQ.1.1,0.41597099105611113,0.4630365073683333,0.370013530055,weekly,weighted,0.0,region_06
2022-12-24,6,BQ.1.1,0.4896153194076471,0.55751184155,0.4219893672882353,weekly,weighted,0.0,region_06
2022-12-31,6,BQ.1.1,0.4906647112225,0.558138683438125,0.42345735430625,weekly,weighted,0.0,region_06
2023-01-07,6,BQ.1.1,0.45246908863466667,0.4894142607853333,0.41591205994333336,weekly,weighted,0.0,region_06
2023-01-14,6,BQ.1.1,0.4563024831664286,0.48940850368571426,0.4234842764485714,weekly,weighted,0.0,region_06
2023-01-21,6,BQ.1.1,0.44458590562615385,0.5079344350561539,0.3825259598407692,weekly,weighted,0.0,region_06
2023-01-28,6,BQ.1.1,0.38203313450000004,0.450805721185,0.31657933692083334,weekly,weighted,0.0,region_06
2023-02-04,6,BQ.1.1,0.29983149062454545,0.34111828695727275,0.2608939720818182,weekly,weighted,0.0,region_06
2023-02-11,6,BQ.1.1,0.21209522932700003,0.28682323694300005,0.14926472306400002,weekly,weighted,0.0,region_06
2023-02-18,6,BQ.1.1,0.16240672104777779,0.2065226485322222,0.12445787588888889,weekly,weighted,0.0,region_06
2023-02-25,6,BQ.1.1,0.15134028531625,0.19727268442625,0.11255169566749999,weekly,weighted,0.0,region_06
2023-03-04,6,BQ.1.1,0.08439017619571429,0.11199380138000001,0.061757339431428575,weekly,weighted,0.0,region_06
2023-03-11,6,BQ.1.1,0.0701196210554762,0.09777465808583334,0.04872345274678572,weekly,weighted,,region_06
2023-03-18,6,BQ.1.1,0.0558490659152381,0.08355551479166666,0.03568956606214286,weekly,weighted,,region_06
2023-03-25,6,BQ.1.1,0.041578510775,0.0693363714975,0.0226556793775,weekly,weighted,0.0,region_06
2022-12-31,6,CH.1.1,0.02205244433,0.037405594066,0.011804971471,weekly,weighted,0.0,region_06
2023-01-07,6,CH.1.1,0.01341116079125,0.0231145597075,0.00703238899625,weekly,weighted,0.0,region_06
2023-01-14,6,CH.1.1,0.011608358113846152,0.01984597198076923,0.006163005323076924,weekly,weighted,0.0,region_06
2023-07-22,6,EG.5,0.13331554694545455,0.2070399099459091,0.0784708234409091,biweekly,weighted,0.0,region_06
2023-07-29,6,EG.5,0.13466269001620554,0.1955354920417589,0.08755968076045455,biweekly,weighted,,region_06
2023-08-05,6,EG.5,0.13600983308695652,0.1840310741376087,0.09664853808,biweekly,weighted,0.0,region_06
2023-08-12,6,EG.5,0.1772257300890338,0.26789531305002656,0.10710579966466667,biweekly,weighted,,region_06
2023-08-19,6,EG.5,0.2184416270911111,0.3517595519624444,0.11756306124933334,biweekly,weighted,0.0,region_06
2023-08-26,6,EG.5,0.19919835158941918,0.27986286751019945,0.13591774307659849,biweekly,weighted,,region_06
2023-09-02,6,EG.5,0.1799550760877273,0.20796618305795453,0.15427242490386364,biweekly,weighted,0.0,region_06
2023-09-09,6,EG.5,0.17101101287456133,0.21260569447386096,0.13522505748402486,biweekly,weighted,,region_06
2023-09-16,6,EG.5,0.16206694966139534,0.21724520588976742,0.11617769006418606,biweekly,weighted,0.0,region_06
2023-09-23,6,EG.5,0.1945858500392691,0.269435624462979,0.1328386040317359,biweekly,weighted,,region_06
2023-09-30,6,EG.5,0.22710475041714287,0.32162604303619047,0.1494995179992857,biweekly,weighted,0.0,region_06
2023-10-07,6,EG.5,0.21271411347250002,0.33335857909345235,0.12176693922821429,biweekly,weighted,,region_06
2023-10-14,6,EG.5,0.19832347652785715,0.3450911151507143,0.09403436045714286,biweekly,weighted,0.0,region_06
2023-10-21,6,EG.5,0.18510946725378152,0.31949373516226887,0.08971071213607143,biweekly,weighted,,region_06
2023-10-28,6,EG.5,0.17189545797970587,0.2938963551738235,0.085387063815,biweekly,weighted,0.0,region_06
2023-11-04,6,EG.5,0.19951204966241703,0.29746646007075794,0.1246974103848077,biweekly,weighted,,region_06
2023-11-11,6,EG.5,0.2271286413451282,0.3010365649676923,0.1640077569546154,biweekly,weighted,0.0,region_06
2023-11-18,6,EG.5,0.2100329308079695,0.282306856441684,0.14928949996555094,biweekly,weighted,,region_06
2023-11-25,6,EG.5,0.1929372202708108,0.2635771479156757,0.13457124297648648,biweekly,weighted,0.0,region_06
2023-12-02,6,EG.5,0.13507012182558398,0.19607509639212356,0.08811473841360039,biweekly,weighted,,region_06
2023-12-09,6,EG.5,0.07720302338035714,0.12857304486857143,0.04165823385071429,biweekly,weighted,0.0,region_06
2023-09-02,6,EG.6.1,0.016362688313636364,0.02759749895318182,0.008844175354090909,biweekly,weighted,0.0,region_06
2023-08-19,6,FL.1.5.1,0.0580582832925,0.10210933350000001,0.02907416178,biweekly,weighted,0.0,region_06
2023-08-26,6,FL.1.5.1,0.061818336983977276,0.09459149337954545,0.03856745220556818,biweekly,weighted,,region_06
2023-09-02,6,FL.1.5.1,0.06557839067545455,0.0870736532590909,0.04806074263113636,biweekly,weighted,0.0,region_06
2023-09-09,6,FL.1.5.1,0.07911112704412263,0.1178655539569873,0.05033855073707981,biweekly,weighted,,region_06
2023-09-16,6,FL.1.5.1,0.0926438634127907,0.14865745465488373,0.05261635884302325,biweekly,weighted,0.0,region_06
2023-09-23,6,FL.1.5.1,0.07687412881810267,0.11969378603061259,0.04578981627797504,biweekly,weighted,,region_06
2023-09-30,6,FL.1.5.1,0.06110439422341464,0.09073011740634146,0.03896327371292683,biweekly,weighted,0.0,region_06
2023-10-07,6,FL.1.5.1,0.06061827424358232,0.09881814278379572,0.03427679677771341,biweekly,weighted,,region_06
2023-10-14,6,FL.1.5.1,0.06013215426375,0.10690616816125,0.0295903198425,biweekly,weighted,0.0,region_06
2023-10-21,6,FL.1.5.1,0.06109040342893382,0.10683362383121323,0.030831498806250003,biweekly,weighted,,region_06
2023-10-28,6,FL.1.5.1,0.06204865259411765,0.10676107950117647,0.03207267777,biweekly,weighted,0.0,region_06
2023-11-04,6,FL.1.5.1,0.07762068886372549,0.12721787424781045,0.04294739724444445,biweekly,weighted,,region_06
2023-11-11,6,FL.1.5.1,0.09319272513333333,0.14767466899444445,0.05382211671888889,biweekly,weighted,0.0,region_06
2023-11-18,6,FL.1.5.1,0.08504010054069444,0.13439317528791667,0.04942331870520833,biweekly,weighted,,region_06
2023-11-25,6,FL.1.5.1,0.07688747594805556,0.1211116815813889,0.04502452069152778,biweekly,weighted,,region_06
2023-12-02,6,FL.1.5.1,0.06873485135541667,0.10783018787486112,0.040625722677847226,biweekly,weighted,,region_06
2023-12-09,6,FL.1.5.1,0.060582226762777774,0.09454869416833334,0.03622692466416667,biweekly,weighted,0.0,region_06
2023-12-16,6,FL.1.5.1,0.04697282944235043,0.07545805068166667,0.027066959002660256,biweekly,weighted,,region_06
2023-12-23,6,FL.1.5.1,0.03336343212192308,0.056367407195,0.017906993341153844,biweekly,weighted,0.0,region_06
2023-09-02,6,GE.1,0.020728843075227273,0.03469512086681818,0.011334279848181817,biweekly,weighted,0.0,region_06
2023-09-02,6,HF.1,0.017002912845652175,0.03031196712521739,0.008479218969565218,biweekly,weighted,0.0,region_06
2023-09-09,6,HF.1,0.01788874890227226,0.03177465397774155,0.008965672366897862,biweekly,weighted,,region_06
2023-09-16,6,HF.1,0.01877458495889234,0.0332373408302657,0.009452125764230504,biweekly,weighted,,region_06
2023-09-23,6,HF.1,0.019660421015512422,0.034700027682789854,0.009938579161563148,biweekly,weighted,,region_06
2023-09-30,6,HF.1,0.020546257072132507,0.036162714535314014,0.010425032558895792,biweekly,weighted,,region_06
2023-10-07,6,HF.1,0.02143209312875259,0.03762540138783817,0.010911485956228434,biweekly,weighted,,region_06
2023-10-14,6,HF.1,0.022317929185372672,0.03908808824036232,0.011397939353561077,biweekly,weighted,,region_06
2023-10-21,6,HF.1,0.023203765241992753,0.040550775092886474,0.011884392750893721,biweekly,weighted,,region_06
2023-10-28,6,HF.1,0.024089601298612838,0.04201346194541063,0.012370846148226363,biweekly,weighted,,region_06
2023-11-04,6,HF.1,0.024975437355232923,0.04347614879793479,0.012857299545559007,biweekly,weighted,,region_06
2023-11-11,6,HF.1,0.025861273411853004,0.04493883565045894,0.01334375294289165,biweekly,weighted,,region_06
2023-11-18,6,HF.1,0.026747109468473085,0.04640152250298309,0.013830206340224293,biweekly,weighted,,region_06
2023-11-25,6,HF.1,0.02763294552509317,0.04786420935550725,0.014316659737556936,biweekly,weighted,,region_06
2023-12-02,6,HF.1,0.028518781581713254,0.04932689620803141,0.01480311313488958,biweekly,weighted,,region_06
2023-12-09,6,HF.1,0.029404617638333335,0.05078958306055556,0.015289566532222222,biweekly,weighted,0.0,region_06
2023-12-09,6,HK.3,0.10696826688833333,0.1766300884383333,0.0578724204875,biweekly,weighted,0.0,region_06
2023-12-16,6,HK.3,0.08737208632083332,0.1429002343986111,0.04820409039444444,biweekly,weighted,,region_06
2023-12-23,6,HK.3,0.06777590575333332,0.10917038035888889,0.03853576030138889,biweekly,weighted,0.0,region_06
2023-09-02,6,HV.1,0.020348470404318184,0.03251656318340909,0.011837724004090909,biweekly,weighted,0.0,region_06
2023-09-09,6,HV.1,0.04268974551227537,0.06392054866356502,0.026967755547743128,biweekly,weighted,,region_06
2023-09-16,6,HV.1,0.06503102062023255,0.09532453414372094,0.04209778709139535,biweekly,weighted,0.0,region_06
2023-09-23,6,HV.1,0.06351820214316506,0.0919966826910068,0.04175754862094158,biweekly,weighted,,region_06
2023-09-30,6,HV.1,0.06200538366609756,0.08866883123829268,0.04141731015048781,biweekly,weighted,0.0,region_06
2023-10-07,6,HV.1,0.09683011667585366,0.14180691503939025,0.06220873545207317,biweekly,weighted,,region_06
2023-10-14,6,HV.1,0.13165484968560975,0.1949449988404878,0.08300016075365854,biweekly,weighted,0.0,region_06
2023-10-21,6,HV.1,0.1676694306643958,0.2669698552393348,0.09364752640796564,biweekly,weighted,,region_06
2023-10-28,6,HV.1,0.20368401164318184,0.3389947116381818,0.10429489206227273,biweekly,weighted,0.0,region_06
2023-11-04,6,HV.1,0.23057175481505246,0.33198225421780886,0.15097113151639277,biweekly,weighted,,region_06
2023-11-11,6,HV.1,0.2574594979869231,0.32496979679743593,0.19764737097051283,biweekly,weighted,0.0,region_06
2023-11-18,6,HV.1,0.23934222196575883,0.32728498493560987,0.1663499759305267,biweekly,weighted,,region_06
2023-11-25,6,HV.1,0.22122494594459458,0.32960017307378375,0.13505258089054054,biweekly,weighted,0.0,region_06
2023-12-02,6,HV.1,0.20905365331743242,0.29597836269729727,0.13854499201527026,biweekly,weighted,,region_06
2023-12-09,6,HV.1,0.19688236069027026,0.26235655232081084,0.14203740314,biweekly,weighted,0.0,region_06
2023-12-16,6,HV.1,0.18956510017596845,0.26593970917387766,0.12793212254222222,biweekly,weighted,,region_06
2023-12-23,6,HV.1,0.18224783966166666,0.2695228660269444,0.11382684194444444,biweekly,weighted,0.0,region_06
2023-12-30,6,HV.1,0.15957993386739583,0.2386370845028472,0.09865219874253472,biweekly,weighted,,region_06
2024-01-06,6,HV.1,0.136912028073125,0.20775130297875,0.083477555540625,biweekly,weighted,0.0,region_06
2023-12-23,6,JD.1.1,0.062054890208125,0.0966857683378125,0.0372229886121875,biweekly,weighted,0.0,region_06
2023-12-30,6,JD.1.1,0.04533747909616776,0.07361034764074836,0.025818711025830592,biweekly,weighted,,region_06
2024-01-06,6,JD.1.1,0.028620067984210528,0.05053492694368421,0.014414433439473684,biweekly,weighted,0.0,region_06
2023-12-23,6,JF.1,0.03501310509833334,0.061590290110555564,0.017688807928333335,biweekly,weighted,0.0,region_06
2024-01-06,6,JG.3,0.05844060393666667,0.09345448762166668,0.03366233330666667,biweekly,weighted,0.0,region_06
2023-12-09,6,JN.1,0.16656057536631577,0.25168012396210526,0.1012690675105263,biweekly,weighted,0.0,region_06
2023-12-16,6,JN.1,0.2773315748203454,0.3916150645198026,0.17958492984182567,biweekly,weighted,,region_06
2023-12-23,6,JN.1,0.388102574274375,0.5315500050774999,0.257900792173125,biweekly,weighted,0.0,region_06
2023-12-30,6,JN.1,0.46580574195875,0.5871582832184374,0.3497475865290625,biweekly,weighted,,region_06
2024-01-06,6,JN.1,0.543508909643125,0.642766561359375,0.441594380885,biweekly,weighted,0.0,region_06
2024-01-13,6,JN.1,0.6261792538524715,0.727574960244233,0.5137779372315909,biweekly,weighted,,region_06
2024-01-20,6,JN.1,0.7088495980618181,0.812383359129091,0.5859614935781818,biweekly,weighted,0.0,region_06
2024-01-27,6,JN.1,0.7236924352069697,0.8279288573700001,0.5976749405713636,biweekly,weighted,,region_06
2024-02-03,6,JN.1,0.7385352723521212,0.8434743556109091,0.6093883875645454,biweekly,weighted,0.0,region_06
2024-02-10,6,JN.1,0.7419290660324892,0.847549106102776,0.6097356868320941,biweekly,weighted,,region_06
2024-02-17,6,JN.1,0.7453228597128572,0.8516238565946429,0.6100829860996428,biweekly,weighted,0.0,region_06
2024-02-24,6,JN.1,0.7333120626350953,0.8377581047866548,0.6033585539179881,biweekly,weighted,,region_06
2024-03-02,6,JN.1,0.7213012655573333,0.8238923529786667,0.5966341217363333,biweekly,weighted,0.0,region_06
2024-03-09,6,JN.1,0.631656052363282,0.7446177236551026,0.5056928045095128,biweekly,weighted,,region_06
2024-03-16,6,JN.1,0.5420108391692308,0.6653430943315384,0.4147514872826923,biweekly,weighted,0.0,region_06
2024-03-23,6,JN.1,0.5679786794973931,0.6871021498218803,0.4428260511691239,biweekly,weighted,,region_06
2024-03-30,6,JN.1,0.5939465198255555,0.7088612053122223,0.4709006150555555,biweekly,weighted,0.0,region_06
2024-04-06,6,JN.1,0.5585474454694443,0.6831845641133334,0.42866672906555553,biweekly,weighted,,region_06
2024-04-13,6,JN.1,0.5231483711133333,0.6575079229144445,0.38643284307555553,biweekly,weighted,0.0,region_06
2024-04-20,6,JN.1,0.46254942924833337,0.5943488848431482,0.3348600213862963,biweekly,weighted,,region_06
2024-04-27,6,JN.1,0.40195048738333333,0.5311898467718519,0.28328719969703703,biweekly,weighted,,region_06
2024-05-04,6,JN.1,0.34135154551833335,0.4680308087005556,0.23171437800777778,biweekly,weighted,,region_06
2024-05-11,6,JN.1,0.2807526036533333,0.4048717706292593,0.18014155631851853,biweekly,weighted,,region_06
2024-05-18,6,JN.1,0.22015366178833334,0.341712732557963,0.12856873462925927,biweekly,weighted,,region_06
2024-05-25,6,JN.1,0.15955471992333334,0.27855369448666667,0.07699591294000001,biweekly,weighted,0.0,region_06
2024-08-17,6,JN.1.11.1,0.046771739423999995,0.079345370828,0.024818087742,biweekly,weighted,0.0,region_06
2024-08-17,6,JN.1.18,0.046527407132500004,0.08060339279749999,0.023940958082499998,biweekly,weighted,0.0,region_06
2024-03-02,6,JN.1.7,0.07569376938149999,0.127085944265,0.0404013231395,biweekly,weighted,0.0,region_06
2024-03-09,6,JN.1.7,0.08187611825430555,0.13667832325305557,0.04395372210993055,biweekly,weighted,,region_06
2024-03-16,6,JN.1.7,0.0880584671271111,0.1462707022411111,0.04750612108036111,biweekly,weighted,,region_06
2024-03-23,6,JN.1.7,0.09424081599991667,0.15586308122916664,0.051058520050791666,biweekly,weighted,,region_06
2024-03-30,6,JN.1.7,0.10042316487272222,0.1654554602172222,0.05461091902122222,biweekly,weighted,,region_06
2024-04-06,6,JN.1.7,0.10660551374552778,0.17504783920527778,0.05816331799165278,biweekly,weighted,,region_06
2024-04-13,6,JN.1.7,0.11278786261833333,0.18464021819333332,0.06171571696208333,biweekly,weighted,0.0,region_06
2024-08-03,6,KP.1.1,0.042975639925,0.07336060951166666,0.022635939221666665,biweekly,weighted,0.0,region_06
2024-06-08,6,KP.2,0.0762591119875,0.136094763875,0.0370350908475,biweekly,weighted,0.0,region_06
2024-06-15,6,KP.2,0.07653640479035001,0.1358768399059,0.037484867478350004,biweekly,weighted,,region_06
2024-06-22,6,KP.2,0.0768136975932,0.1356589159368,0.0379346441092,biweekly,weighted,,region_06
2024-06-29,6,KP.2,0.07709099039605,0.1354409919677,0.03838442074005,biweekly,weighted,,region_06
2024-07-06,6,KP.2,0.0773682831989,0.13522306799859998,0.0388341973709,biweekly,weighted,,region_06
2024-07-13,6,KP.2,0.07764557600175001,0.13500514402949998,0.03928397400175,biweekly,weighted,,region_06
2024-07-20,6,KP.2,0.0779228688046,0.1347872200604,0.039733750632600005,biweekly,weighted,,region_06
2024-07-27,6,KP.2,0.07820016160745,0.1345692960913,0.04018352726345,biweekly,weighted,,region_06
2024-08-03,6,KP.2,0.0784774544103,0.1343513721222,0.040633303894300005,biweekly,weighted,,region_06
2024-08-10,6,KP.2,0.07875474721315001,0.1341334481531,0.04108308052515,biweekly,weighted,,region_06
2024-08-17,6,KP.2,0.079032040016,0.133915524184,0.041532857156000004,biweekly,weighted,0.0,region_06
2024-08-24,6,KP.2,0.07486110662827777,0.11998000331172222,0.04293829565827778,biweekly,weighted,,region_06
2024-08-31,6,KP.2,0.07069017324055556,0.10604448243944445,0.04434373416055556,biweekly,weighted,0.0,region_06
2024-09-07,6,KP.2,0.06499082760643163,0.1047990759116453,0.037164970946431626,biweekly,weighted,,region_06
2024-09-14,6,KP.2,0.0592914819723077,0.10355366938384615,0.029986207732307694,biweekly,weighted,0.0,region_06
2024-06-22,6,KP.2.3,0.10432799550714285,0.17416928708571427,0.05556605862714286,biweekly,weighted,0.0,region_06
2024-06-29,6,KP.2.3,0.1287254659058791,0.21213985922247253,0.06915431752087912,biweekly,weighted,,region_06
2024-07-06,6,KP.2.3,0.15312293630461538,0.2501104313592308,0.08274257641461538,biweekly,weighted,0.0,region_06
2024-07-13,6,KP.2.3,0.1703769755128663,0.26552435722989925,0.09921328801119964,biweekly,weighted,,region_06
2024-07-20,6,KP.2.3,0.1876310147211172,0.2809382831005678,0.11568399960778389,biweekly,weighted,,region_06
2024-07-27,6,KP.2.3,0.20488505392936815,0.29635220897123626,0.13215471120436814,biweekly,weighted,,region_06
2024-08-03,6,KP.2.3,0.22213909313761906,0.31176613484190474,0.1486254228009524,biweekly,weighted,0.0,region_06
2024-08-10,6,KP.2.3,0.18811262950655955,0.25852977255620235,0.1301145917602262,biweekly,weighted,,region_06
2024-08-17,6,KP.2.3,0.1540861658755,0.20529341027050002,0.1116037607195,biweekly,weighted,0.0,region_06
2024-08-24,6,KP.2.3,0.18955519460275,0.27559072189025,0.12239392735224999,biweekly,weighted,,region_06
2024-08-31,6,KP.2.3,0.22502422333,0.34588803350999997,0.133184093985,biweekly,weighted,0.0,region_06
2024-09-07,6,KP.2.3,0.19658711118166666,0.3051853465541666,0.11499824219958334,biweekly,weighted,,region_06
2024-09-14,6,KP.2.3,0.16814999903333333,0.26448265959833334,0.09681239041416667,biweekly,weighted,,region_06
2024-09-21,6,KP.2.3,0.139712886885,0.2237799726425,0.07862653862875,biweekly,weighted,,region_06
2024-09-28,6,KP.2.3,0.11127577473666667,0.18307728568666667,0.060440686843333334,biweekly,weighted,0.0,region_06
2024-06-08,6,KP.3,0.2649319029980952,0.4035708592052381,0.15362956836047617,biweekly,weighted,0.0,region_06
2024-06-15,6,KP.3,0.25530498645722943,0.38028779622670994,0.15436629114796535,biweekly,weighted,,region_06
2024-06-22,6,KP.3,0.24567806991636365,0.3570047332481818,0.15510301393545453,biweekly,weighted,0.0,region_06
2024-06-29,6,KP.3,0.23418161447607655,0.36110018810435407,0.1354710362837799,biweekly,weighted,,region_06
2024-07-06,6,KP.3,0.22268515903578945,0.3651956429605263,0.11583905863210527,biweekly,weighted,0.0,region_06
2024-07-13,6,KP.3,0.22173032948741855,0.35485742187026315,0.12048705516986216,biweekly,weighted,,region_06
2024-07-20,6,KP.3,0.22077549993904763,0.34451920078000003,0.12513505170761904,biweekly,weighted,0.0,region_06
2024-07-27,6,KP.3,0.20608931141238096,0.3177357067664286,0.11975854564357143,biweekly,weighted,,region_06
2024-08-03,6,KP.3,0.19140312288571432,0.29095221275285715,0.11438203957952381,biweekly,weighted,0.0,region_06
2024-08-10,6,KP.3,0.1484289781894361,0.2212245578224812,0.09199631489660401,biweekly,weighted,,region_06
2024-08-17,6,KP.3,0.10545483349315789,0.15149690289210527,0.06961059021368421,biweekly,weighted,0.0,region_06
2024-08-24,6,KP.3,0.11645626377019005,0.1686060502913304,0.07590591032878655,biweekly,weighted,,region_06
2024-08-31,6,KP.3,0.1274576940472222,0.18571519769055556,0.08220123044388888,biweekly,weighted,0.0,region_06
2024-09-07,6,KP.3,0.1247761293261111,0.18963027610965277,0.07604129687538194,biweekly,weighted,,region_06
2024-09-14,6,KP.3,0.122094564605,0.19354535452875,0.069881363306875,biweekly,weighted,0.0,region_06
2024-07-20,6,KP.3.1.1,0.0548645556,0.09341005236,0.02887875214,biweekly,weighted,0.0,region_06
2024-07-27,6,KP.3.1.1,0.08258392877605263,0.13476232223605264,0.04579166930657895,biweekly,weighted,,region_06
2024-08-03,6,KP.3.1.1,0.11030330195210525,0.17611459211210528,0.0627045864731579,biweekly,weighted,0.0,region_06
2024-08-10,6,KP.3.1.1,0.18093429199905264,0.24323153950630264,0.13079726856782892,biweekly,weighted,,region_06
2024-08-17,6,KP.3.1.1,0.25156528204600004,0.3103484869005,0.19888995066249998,biweekly,weighted,0.0,region_06
2024-08-24,6,KP.3.1.1,0.2613125043610556,0.3388465846583055,0.19363162695513889,biweekly,weighted,,region_06
2024-08-31,6,KP.3.1.1,0.2710597266761111,0.36734468241611107,0.1883733032477778,biweekly,weighted,0.0,region_06
2024-09-07,6,KP.3.1.1,0.313483578171585,0.40591547492099667,0.23121487682800657,biweekly,weighted,,region_06
2024-09-14,6,KP.3.1.1,0.35590742966705885,0.4444862674258823,0.27405645040823534,biweekly,weighted,0.0,region_06
2024-09-21,6,KP.3.1.1,0.46488709966946695,0.5546626930723162,0.37657302754974264,biweekly,weighted,,region_06
2024-09-28,6,KP.3.1.1,0.573866769671875,0.66483911871875,0.47908960469125,biweekly,weighted,0.0,region_06
2024-10-05,6,KP.3.1.1,0.591973298158137,0.6855219390527163,0.4928980452155529,biweekly,weighted,,region_06
2024-10-12,6,KP.3.1.1,0.610079826644399,0.7062047593866827,0.5067064857398558,biweekly,weighted,,region_06
2024-10-19,6,KP.3.1.1,0.628186355130661,0.7268875797206491,0.5205149262641587,biweekly,weighted,,region_06
2024-10-26,6,KP.3.1.1,0.646292883616923,0.7475704000546154,0.5343233667884616,biweekly,weighted,0.0,region_06
2024-11-02,6,KP.3.1.1,0.6021969224976923,0.7021012266094615,0.4946383336985962,biweekly,weighted,,region_06
2024-11-09,6,KP.3.1.1,0.5581009613784615,0.6566320531643077,0.4549533006087308,biweekly,weighted,,region_06
2024-11-16,6,KP.3.1.1,0.5140050002592308,0.6111628797191538,0.41526826751886536,biweekly,weighted,,region_06
2024-11-23,6,KP.3.1.1,0.46990903914000004,0.565693706274,0.375583234429,biweekly,weighted,0.0,region_06
2024-11-30,6,KP.3.1.1,0.41725590601625007,0.51508891209925,0.32482812218425,biweekly,weighted,,region_06
2024-12-07,6,KP.3.1.1,0.36460277289250004,0.46448411792449995,0.2740730099395,biweekly,weighted,,region_06
2024-12-14,6,KP.3.1.1,0.31194963976875,0.41387932374975,0.22331789769475,biweekly,weighted,,region_06
2024-12-21,6,KP.3.1.1,0.25929650664500004,0.363274529575,0.17256278545,biweekly,weighted,0.0,region_06
2024-12-28,6,KP.3.1.1,0.2469371613129167,0.3509796683975,0.16144309829583334,biweekly,weighted,,region_06
2025-01-04,6,KP.3.1.1,0.23457781598083335,0.33868480722,0.15032341114166667,biweekly,weighted,,region_06
2025-01-11,6,KP.3.1.1,0.22221847064875,0.3263899460425,0.1392037239875,biweekly,weighted,,region_06
2025-01-18,6,KP.3.1.1,0.20985912531666667,0.31409508486500004,0.12808403683333333,biweekly,weighted,,region_06
2025-01-25,6,KP.3.1.1,0.19749977998458335,0.30180022368750004,0.11696434967916666,biweekly,weighted,,region_06
2025-02-01,6,KP.3.1.1,0.1851404346525,0.28950536251000003,0.105844662525,biweekly,weighted,0.0,region_06
2024-03-16,6,KV.2,0.13464301709884616,0.208752043545,0.07935819832192308,biweekly,weighted,0.0,region_06
2024-03-23,6,KV.2,0.12247464828496796,0.19431302106624998,0.07017642900227564,biweekly,weighted,,region_06
2024-03-30,6,KV.2,0.11030627947108974,0.17987399858749997,0.060994659682628204,biweekly,weighted,,region_06
2024-04-06,6,KV.2,0.09813791065721153,0.16543497610875,0.05181289036298077,biweekly,weighted,,region_06
2024-04-13,6,KV.2,0.08596954184333333,0.15099595362999998,0.04263112104333333,biweekly,weighted,0.0,region_06
2024-06-22,6,LB.1,0.13043516918117648,0.22730576027705882,0.06413993370823529,biweekly,weighted,0.0,region_06
2024-06-29,6,LB.1,0.17229575076081552,0.2590055810333021,0.10705679212798128,biweekly,weighted,,region_06
2024-07-06,6,LB.1,0.21415633234045456,0.29070540178954546,0.14997365054772727,biweekly,weighted,0.0,region_06
2024-07-13,6,LB.1,0.1929148679428409,0.2749034681096591,0.12809651607579545,biweekly,weighted,,region_06
2024-07-20,6,LB.1,0.17167340354522728,0.25910153442977274,0.10621938160386363,biweekly,weighted,,region_06
2024-07-27,6,LB.1,0.15043193914761366,0.24329960074988635,0.08434224713193182,biweekly,weighted,,region_06
2024-08-03,6,LB.1,0.12919047475,0.22749766707,0.06246511266,biweekly,weighted,0.0,region_06
2024-08-10,6,LB.1,0.123469377682,0.21090290806974998,0.06304118009425,biweekly,weighted,,region_06
2024-08-17,6,LB.1,0.117748280614,0.1943081490695,0.0636172475285,biweekly,weighted,0.0,region_06
2024-08-24,6,LB.1,0.08993760307935295,0.14427050336739705,0.05101795137836765,biweekly,weighted,,region_06
2024-08-31,6,LB.1,0.06212692554470588,0.09423285766529411,0.038418655228235295,biweekly,weighted,0.0,region_06
2024-09-07,6,LB.1,0.056115813135790435,0.09066324004420956,0.032018610888805143,biweekly,weighted,,region_06
2024-09-14,6,LB.1,0.050104700726875,0.087093622423125,0.025618566549375,biweekly,weighted,0.0,region_06
2025-01-18,6,LP.8.1,0.15027943750166667,0.22180708001000002,0.09471149742666667,biweekly,weighted,0.0,region_06
2025-01-25,6,LP.8.1,0.17123518014833333,0.26061670606416665,0.1027444501725,biweekly,weighted,,region_06
2025-02-01,6,LP.8.1,0.19219092279500002,0.2994263321183333,0.11077740291833334,biweekly,weighted,0.0,region_06
2025-02-08,6,LP.8.1,0.22020160071425002,0.32639045342975,0.13654298856924998,biweekly,weighted,,region_06
2025-02-15,6,LP.8.1,0.24821227863349998,0.3533545747411666,0.16230857422016665,biweekly,weighted,,region_06
2025-02-22,6,LP.8.1,0.27622295655275,0.3803186960525833,0.1880741598710833,biweekly,weighted,,region_06
2025-03-01,6,LP.8.1,0.30423363447199997,0.40728281736399996,0.21383974552199997,biweekly,weighted,0.0,region_06
2025-03-08,6,LP.8.1,0.42767275571725005,0.5454103291032499,0.3135746896285,biweekly,weighted,,region_06
2025-03-15,6,LP.8.1,0.5511118769625001,0.6835378408425,0.413309633735,biweekly,weighted,0.0,region_06
2025-03-22,6,LP.8.1,0.5487524420006251,0.6798302398781251,0.4126259742540278,biweekly,weighted,,region_06
2025-03-29,6,LP.8.1,0.54639300703875,0.67612263891375,0.4119423147730556,biweekly,weighted,,region_06
2025-04-05,6,LP.8.1,0.5440335720768751,0.672415037949375,0.4112586552920834,biweekly,weighted,,region_06
2025-04-12,6,LP.8.1,0.541674137115,0.668707436985,0.4105749958111111,biweekly,weighted,,region_06
2025-04-19,6,LP.8.1,0.539314702153125,0.6649998360206251,0.4098913363301389,biweekly,weighted,,region_06
2025-04-26,6,LP.8.1,0.53695526719125,0.66129223505625,0.4092076768491667,biweekly,weighted,,region_06
2025-05-03,6,LP.8.1,0.534595832229375,0.657584634091875,0.4085240173681945,biweekly,weighted,,region_06
2025-05-10,6,LP.8.1,0.5322363972675,0.6538770331275,0.4078403578872223,biweekly,weighted,,region_06
2025-05-17,6,LP.8.1,0.529876962305625,0.6501694321631251,0.4071566984062501,biweekly,weighted,,region_06
2025-05-24,6,LP.8.1,0.52751752734375,0.64646183119875,0.4064730389252778,biweekly,weighted,,region_06
2025-05-31,6,LP.8.1,0.5251580923818749,0.642754230234375,0.4057893794443056,biweekly,weighted,,region_06
2025-06-07,6,LP.8.1,0.52279865742,0.63904662927,0.4051057199633334,4_week,empiric,0.0,region_06
2025-01-04,6,MC.1,0.09473489970166667,0.16031247625666667,0.049595636625,biweekly,weighted,0.0,region_06
2021-01-30,6,Other,0.5304338137291666,0.5552485634891666,0.5041748297716667,biweekly,weighted,0.0,region_06
2021-02-06,6,Other,0.4890880150095833,0.5154513549066666,0.46206044157375004,biweekly,weighted,,region_06
2021-02-13,6,Other,0.44774221629,0.47565414632416664,0.4199460533758333,biweekly,weighted,0.0,region_06
2021-02-20,6,Other,0.42486771501,0.474442831213447,0.3741203014260985,biweekly,weighted,,region_06
2021-02-27,6,Other,0.40199321372999997,0.4732315161027273,0.32829454947636366,biweekly,weighted,0.0,region_06
2021-03-06,6,Other,0.6905346959825001,0.7848402112725,0.5737386643875,weekly,weighted,0.0,region_06
2021-03-13,6,Other,0.567998856305,0.6453287601475,0.485867507755,weekly,weighted,0.0,region_06
2021-03-20,6,Other,0.48320773243750004,0.5817188918625,0.38503173739,weekly,weighted,0.0,region_06
2021-03-27,6,Other,0.4148216843625,0.5245526656525,0.31262689829,weekly,weighted,0.0,region_06
2021-04-03,6,Other,0.282332494855,0.3363533020025,0.2340421080575,weekly,weighted,0.0,region_06
2021-04-10,6,Other,0.1910141184925,0.24196103215,0.1486951615675,weekly,weighted,0.0,region_06
2021-04-17,6,Other,0.16043523326749998,0.21186569333,0.119385927915,weekly,weighted,0.0,region_06
2021-04-24,6,Other,0.1179327573625,0.156878540295,0.0876252986475,weekly,weighted,0.0,region_06
2021-05-01,6,Other,0.1331077516075,0.1653638966375,0.1065877527,weekly,weighted,0.0,region_06
2021-05-08,6,Other,0.9100054664804761,0.9257049533935715,0.8887895214417857,weekly,weighted,0.0,region_06
2021-05-15,6,Other,0.8873465410047059,0.9057451170157648,0.8632311469054118,weekly,weighted,0.0,region_06
2021-05-22,6,Other,0.8614180349235632,0.8830619986208046,0.8366303283333333,weekly,weighted,0.0,region_06
2021-05-29,6,Other,0.8382894643844827,0.8691629173940231,0.8031508602712644,weekly,weighted,0.0,region_06
2021-06-05,6,Other,0.744738543042184,0.7882367446157472,0.6989153897412643,weekly,weighted,0.0,region_06
2021-06-12,6,Other,0.6509983471144186,0.7352247165387209,0.5587062209975582,weekly,weighted,0.0,region_06
2021-06-19,6,Other,0.5600794315077907,0.6506064393836047,0.465873668187093,weekly,weighted,0.0,region_06
2021-06-26,6,Other,0.42297106061132533,0.4827441346936145,0.3660583105383133,weekly,weighted,0.0,region_06
2021-07-03,6,Other,0.27645396678896555,0.3314008825381609,0.22647907419022986,weekly,weighted,0.0,region_06
2021-07-10,6,Other,0.16722659617197674,0.21342659598697672,0.12887248882069766,weekly,weighted,0.0,region_06
2021-07-17,6,Other,0.1426470047511628,0.1829458262854651,0.10869447705011628,weekly,weighted,0.0,region_06
2021-07-24,6,Other,0.053720599051149426,0.07687609053954023,0.0360746230291954,weekly,weighted,0.0,region_06
2021-07-31,6,Other,0.03238097714152941,0.042803297016470586,0.024023230543647058,weekly,weighted,0.0,region_06
2021-08-07,6,Other,0.041910417204418605,0.06313571513616278,0.026304490279534885,weekly,weighted,0.0,region_06
2021-08-14,6,Other,0.01379342026,0.01963437274506024,0.0093830412913253,weekly,weighted,0.0,region_06
2021-08-21,6,Other,0.013604300713333335,0.020312091336666668,0.00927732388,weekly,weighted,0.0,region_06
2021-08-28,6,Other,0.03757367656,0.04494687915,0.03137026355,weekly,weighted,0.0,region_06
2021-09-04,6,Other,0.01810352504,0.02292265929,0.01428273041,weekly,weighted,0.0,region_06
2021-09-11,6,Other,0.018185515570328797,0.023126159683066895,0.01428869933238662,weekly,weighted,,region_06
2021-09-18,6,Other,0.018267506100657596,0.02332966007613379,0.014294668254773242,weekly,weighted,,region_06
2021-09-25,6,Other,0.01834949663098639,0.023533160469200683,0.014300637177159863,weekly,weighted,,region_06
2021-10-02,6,Other,0.01843148716131519,0.023736660862267576,0.014306606099546485,weekly,weighted,,region_06
2021-10-09,6,Other,0.01851347769164399,0.023940161255334467,0.014312575021933106,weekly,weighted,,region_06
2021-10-16,6,Other,0.018595468221972788,0.02414366164840136,0.014318543944319728,weekly,weighted,,region_06
2021-10-23,6,Other,0.018677458752301587,0.024347162041468254,0.014324512866706348,weekly,weighted,,region_06
2021-10-30,6,Other,0.018759449282630385,0.02455066243453515,0.01433048178909297,weekly,weighted,,region_06
2021-11-06,6,Other,0.01884143981295918,0.024754162827602042,0.014336450711479591,weekly,weighted,,region_06
2021-11-13,6,Other,0.01892343034328798,0.024957663220668936,0.014342419633866213,weekly,weighted,,region_06
2021-11-20,6,Other,0.019005420873616778,0.02516116361373583,0.014348388556252834,weekly,weighted,,region_06
2021-11-27,6,Other,0.019087411403945577,0.02536466400680272,0.014354357478639456,weekly,weighted,,region_06
2021-12-04,6,Other,0.019169401934274376,0.025568164399869614,0.014360326401026077,weekly,weighted,,region_06
2021-12-11,6,Other,0.019251392464603174,0.025771664792936508,0.014366295323412699,weekly,weighted,,region_06
2021-12-18,6,Other,0.01933338299493197,0.0259751651860034,0.01437226424579932,weekly,weighted,,region_06
2021-12-25,6,Other,0.01941537352526077,0.026178665579070295,0.01437823316818594,weekly,weighted,,region_06
2022-01-01,6,Other,0.019497364055589567,0.02638216597213719,0.014384202090572562,weekly,weighted,,region_06
2022-01-08,6,Other,0.019579354585918366,0.026585666365204083,0.014390171012959183,weekly,weighted,,region_06
2022-01-15,6,Other,0.019661345116247165,0.026789166758270977,0.014396139935345805,weekly,weighted,,region_06
2022-01-22,6,Other,0.019743335646575964,0.02699266715133787,0.014402108857732425,weekly,weighted,,region_06
2022-01-29,6,Other,0.01982532617690476,0.02719616754440476,0.014408077780119048,weekly,weighted,,region_06
2022-02-05,6,Other,0.019907316707233558,0.027399667937471655,0.014414046702505668,weekly,weighted,,region_06
2022-02-12,6,Other,0.019989307237562357,0.02760316833053855,0.01442001562489229,weekly,weighted,,region_06
2022-02-19,6,Other,0.020071297767891155,0.027806668723605443,0.01442598454727891,weekly,weighted,,region_06
2022-02-26,6,Other,0.020153288298219954,0.028010169116672336,0.014431953469665533,weekly,weighted,,region_06
2022-03-05,6,Other,0.020235278828548753,0.02821366950973923,0.014437922392052153,weekly,weighted,,region_06
2022-03-12,6,Other,0.020317269358877548,0.028417169902806124,0.014443891314438776,weekly,weighted,,region_06
2022-03-19,6,Other,0.020399259889206347,0.028620670295873014,0.014449860236825396,weekly,weighted,,region_06
2022-03-26,6,Other,0.020481250419535146,0.028824170688939908,0.014455829159212018,weekly,weighted,,region_06
2022-04-02,6,Other,0.020563240949863944,0.029027671082006802,0.014461798081598639,weekly,weighted,,region_06
2022-04-09,6,Other,0.020645231480192743,0.029231171475073696,0.014467767003985261,weekly,weighted,,region_06
2022-04-16,6,Other,0.020727222010521542,0.02943467186814059,0.014473735926371882,weekly,weighted,,region_06
2022-04-23,6,Other,0.020809212540850337,0.029638172261207484,0.014479704848758502,weekly,weighted,,region_06
2022-04-30,6,Other,0.020891203071179136,0.029841672654274377,0.014485673771145124,weekly,weighted,,region_06
2022-05-07,6,Other,0.020973193601507935,0.03004517304734127,0.014491642693531745,weekly,weighted,,region_06
2022-05-14,6,Other,0.021055184131836734,0.030248673440408165,0.014497611615918367,weekly,weighted,,region_06
2022-05-21,6,Other,0.021137174662165532,0.030452173833475055,0.014503580538304988,weekly,weighted,,region_06
2022-05-28,6,Other,0.02121916519249433,0.03065567422654195,0.01450954946069161,weekly,weighted,,region_06
2022-06-04,6,Other,0.021301155722823126,0.030859174619608843,0.01451551838307823,weekly,weighted,,region_06
2022-06-11,6,Other,0.021383146253151925,0.031062675012675737,0.014521487305464853,weekly,weighted,,region_06
2022-06-18,6,Other,0.021465136783480724,0.03126617540574263,0.014527456227851473,weekly,weighted,,region_06
2022-06-25,6,Other,0.021547127313809523,0.03146967579880952,0.014533425150238095,weekly,weighted,,region_06
2022-07-02,6,Other,0.02162911784413832,0.031673176191876415,0.014539394072624716,weekly,weighted,,region_06
2022-07-09,6,Other,0.02171110837446712,0.03187667658494331,0.014545362995011338,weekly,weighted,,region_06
2022-07-16,6,Other,0.021793098904795916,0.0320801769780102,0.014551331917397959,weekly,weighted,,region_06
2022-07-23,6,Other,0.021875089435124714,0.032283677371077096,0.01455730083978458,weekly,weighted,,region_06
2022-07-30,6,Other,0.021957079965453513,0.03248717776414399,0.014563269762171201,weekly,weighted,,region_06
2022-08-06,6,Other,0.022039070495782312,0.032690678157210884,0.014569238684557822,weekly,weighted,,region_06
2022-08-13,6,Other,0.02212106102611111,0.03289417855027778,0.014575207606944444,weekly,weighted,,region_06
2022-08-20,6,Other,0.02220305155643991,0.03309767894334467,0.014581176529331065,weekly,weighted,,region_06
2022-08-27,6,Other,0.022285042086768705,0.033301179336411565,0.014587145451717687,weekly,weighted,,region_06
2022-09-03,6,Other,0.022367032617097504,0.03350467972947846,0.014593114374104307,weekly,weighted,,region_06
2022-09-10,6,Other,0.022449023147426302,0.03370818012254535,0.01459908329649093,weekly,weighted,,region_06
2022-09-17,6,Other,0.0225310136777551,0.03391168051561225,0.01460505221887755,weekly,weighted,,region_06
2022-09-24,6,Other,0.0226130042080839,0.03411518090867914,0.014611021141264172,weekly,weighted,,region_06
2022-10-01,6,Other,0.0226949947384127,0.034318681301746035,0.014616990063650793,weekly,weighted,,region_06
2022-10-08,6,Other,0.022776985268741494,0.03452218169481292,0.014622958986037415,weekly,weighted,,region_06
2022-10-15,6,Other,0.022858975799070293,0.034725682087879815,0.014628927908424036,weekly,weighted,,region_06
2022-10-22,6,Other,0.02294096632939909,0.03492918248094671,0.014634896830810658,weekly,weighted,,region_06
2022-10-29,6,Other,0.02302295685972789,0.0351326828740136,0.014640865753197278,weekly,weighted,,region_06
2022-11-05,6,Other,0.02310494739005669,0.0353361832670805,0.0146468346755839,weekly,weighted,,region_06
2022-11-12,6,Other,0.023186937920385488,0.03553968366014739,0.014652803597970521,weekly,weighted,,region_06
2022-11-19,6,Other,0.023268928450714283,0.035743184053214284,0.014658772520357143,weekly,weighted,,region_06
2022-11-26,6,Other,0.023350918981043082,0.03594668444628118,0.014664741442743764,weekly,weighted,,region_06
2022-12-03,6,Other,0.02343290951137188,0.03615018483934807,0.014670710365130384,weekly,weighted,,region_06
2022-12-10,6,Other,0.02351490004170068,0.036353685232414966,0.014676679287517006,weekly,weighted,,region_06
2022-12-17,6,Other,0.023596890572029478,0.03655718562548186,0.014682648209903627,weekly,weighted,,region_06
2022-12-24,6,Other,0.023678881102358277,0.036760686018548754,0.01468861713229025,weekly,weighted,,region_06
2022-12-31,6,Other,0.023760871632687072,0.03696418641161565,0.01469458605467687,weekly,weighted,,region_06
2023-01-07,6,Other,0.02384286216301587,0.03716768680468254,0.014700554977063492,weekly,weighted,,region_06
2023-01-14,6,Other,0.02392485269334467,0.037371187197749435,0.014706523899450112,weekly,weighted,,region_06
2023-01-21,6,Other,0.02400684322367347,0.03757468759081632,0.014712492821836735,weekly,weighted,,region_06
2023-01-28,6,Other,0.024088833754002267,0.037778187983883216,0.014718461744223355,weekly,weighted,,region_06
2023-02-04,6,Other,0.024170824284331066,0.03798168837695011,0.014724430666609977,weekly,weighted,,region_06
2023-02-11,6,Other,0.02425281481465986,0.038185188770017,0.014730399588996598,weekly,weighted,,region_06
2023-02-18,6,Other,0.02433480534498866,0.0383886891630839,0.01473636851138322,weekly,weighted,,region_06
2023-02-25,6,Other,0.02441679587531746,0.03859218955615079,0.01474233743376984,weekly,weighted,,region_06
2023-03-04,6,Other,0.024498786405646258,0.038795689949217685,0.014748306356156463,weekly,weighted,,region_06
2023-03-11,6,Other,0.024580776935975057,0.03899919034228458,0.014754275278543083,weekly,weighted,,region_06
2023-03-18,6,Other,0.024662767466303855,0.03920269073535147,0.014760244200929704,weekly,weighted,,region_06
2023-03-25,6,Other,0.02474475799663265,0.039406191128418366,0.014766213123316326,weekly,weighted,,region_06
2023-04-01,6,Other,0.02482674852696145,0.03960969152148526,0.014772182045702947,weekly,weighted,,region_06
2023-04-08,6,Other,0.024908739057290248,0.039813191914552154,0.014778150968089569,weekly,weighted,,region_06
2023-04-15,6,Other,0.024990729587619047,0.04001669230761905,0.01478411989047619,weekly,weighted,,region_06
2023-04-22,6,Other,0.025072720117947846,0.04022019270068594,0.014790088812862812,weekly,weighted,,region_06
2023-04-29,6,Other,0.025154710648276644,0.040423693093752835,0.014796057735249432,weekly,weighted,,region_06
2023-05-06,6,Other,0.02523670117860544,0.04062719348681973,0.014802026657636054,weekly,weighted,,region_06
2023-05-13,6,Other,0.02531869170893424,0.04083069387988662,0.014807995580022675,weekly,weighted,,region_06
2023-05-20,6,Other,0.025400682239263037,0.04103419427295351,0.014813964502409297,weekly,weighted,,region_06
2023-05-27,6,Other,0.025482672769591836,0.041237694666020404,0.014819933424795918,weekly,weighted,,region_06
2023-06-03,6,Other,0.025564663299920635,0.0414411950590873,0.01482590234718254,weekly,weighted,,region_06
2023-06-10,6,Other,0.025646653830249434,0.04164469545215419,0.01483187126956916,weekly,weighted,,region_06
2023-06-17,6,Other,0.02572864436057823,0.041848195845221085,0.014837840191955783,weekly,weighted,,region_06
2023-06-24,6,Other,0.025810634890907028,0.04205169623828798,0.014843809114342403,weekly,weighted,,region_06
2023-07-01,6,Other,0.025892625421235826,0.04225519663135487,0.014849778036729024,weekly,weighted,,region_06
2023-07-08,6,Other,0.025974615951564625,0.04245869702442177,0.014855746959115646,weekly,weighted,,region_06
2023-07-15,6,Other,0.026056606481893424,0.04266219741748866,0.014861715881502266,weekly,weighted,,region_06
2023-07-22,6,Other,0.026138597012222223,0.042865697810555554,0.014867684803888889,weekly,weighted,,region_06
2023-07-29,6,Other,0.026220587542551018,0.04306919820362245,0.014873653726275509,weekly,weighted,,region_06
2023-08-05,6,Other,0.026302578072879817,0.04327269859668934,0.014879622648662131,weekly,weighted,,region_06
2023-08-12,6,Other,0.026384568603208616,0.043476198989756236,0.014885591571048752,weekly,weighted,,region_06
2023-08-19,6,Other,0.026466559133537414,0.04367969938282313,0.014891560493435374,weekly,weighted,,region_06
2023-08-26,6,Other,0.026548549663866213,0.043883199775890024,0.014897529415821995,weekly,weighted,,region_06
2023-09-02,6,Other,0.026630540194195012,0.04408670016895691,0.014903498338208617,weekly,weighted,,region_06
2023-09-09,6,Other,0.026712530724523807,0.044290200562023804,0.014909467260595237,weekly,weighted,,region_06
2023-09-16,6,Other,0.026794521254852606,0.0444937009550907,0.01491543618298186,weekly,weighted,,region_06
2023-09-23,6,Other,0.026876511785181405,0.04469720134815759,0.01492140510536848,weekly,weighted,,region_06
2023-09-30,6,Other,0.026958502315510204,0.044900701741224486,0.014927374027755102,weekly,weighted,,region_06
2023-10-07,6,Other,0.027040492845839002,0.04510420213429138,0.014933342950141723,weekly,weighted,,region_06
2023-10-14,6,Other,0.0271224833761678,0.04530770252735827,0.014939311872528345,weekly,weighted,,region_06
2023-10-21,6,Other,0.027204473906496596,0.04551120292042517,0.014945280794914965,weekly,weighted,,region_06
2023-10-28,6,Other,0.027286464436825395,0.04571470331349206,0.014951249717301586,weekly,weighted,,region_06
2023-11-04,6,Other,0.027368454967154194,0.045918203706558955,0.014957218639688208,weekly,weighted,,region_06
2023-11-11,6,Other,0.027450445497482993,0.04612170409962585,0.014963187562074829,weekly,weighted,,region_06
2023-11-18,6,Other,0.02753243602781179,0.04632520449269274,0.014969156484461451,weekly,weighted,,region_06
2023-11-25,6,Other,0.02761442655814059,0.046528704885759636,0.014975125406848071,weekly,weighted,,region_06
2023-12-02,6,Other,0.027696417088469386,0.04673220527882653,0.014981094329234694,weekly,weighted,,region_06
2023-12-09,6,Other,0.027778407618798184,0.046935705671893424,0.014987063251621314,weekly,weighted,,region_06
2023-12-16,6,Other,0.027860398149126983,0.04713920606496032,0.014993032174007936,weekly,weighted,,region_06
2023-12-23,6,Other,0.027942388679455782,0.04734270645802721,0.014999001096394557,weekly,weighted,,region_06
2023-12-30,6,Other,0.02802437920978458,0.0475462068510941,0.01500497001878118,weekly,weighted,,region_06
2024-01-06,6,Other,0.02810636974011338,0.04774970724416099,0.0150109389411678,weekly,weighted,,region_06
2024-01-13,6,Other,0.028188360270442175,0.047953207637227886,0.015016907863554422,weekly,weighted,,region_06
2024-01-20,6,Other,0.028270350800770973,0.04815670803029478,0.015022876785941042,weekly,weighted,,region_06
2024-01-27,6,Other,0.028352341331099772,0.048360208423361674,0.015028845708327665,weekly,weighted,,region_06
2024-02-03,6,Other,0.02843433186142857,0.04856370881642857,0.015034814630714285,biweekly,weighted,0.0,region_06
2021-04-03,6,P.1,0.020401528105,0.03501599748,0.01181427436,weekly,weighted,0.0,region_06
2021-04-10,6,P.1,0.04103294574,0.0642583984875,0.0259698280125,weekly,weighted,0.0,region_06
2021-04-17,6,P.1,0.0524967126575,0.077861338855,0.035081749780000004,weekly,weighted,0.0,region_06
2021-04-24,6,P.1,0.046056323685,0.060117620975,0.035166838204999995,weekly,weighted,0.0,region_06
2021-05-01,6,P.1,0.0497058592725,0.08285341225500001,0.0294045764,weekly,weighted,0.0,region_06
2021-05-08,6,P.1,0.0525493212025,0.0766328219325,0.035745617935,weekly,weighted,0.0,region_06
2021-05-15,6,P.1,0.07284709172428572,0.10264035846428572,0.05087823793428571,weekly,weighted,0.0,region_06
2021-05-22,6,P.1,0.06743649606285715,0.1120664509257143,0.03993776440571428,weekly,weighted,0.0,region_06
2021-05-29,6,P.1,0.07634053592285715,0.10492785913714285,0.05477539929142857,weekly,weighted,0.0,region_06
2021-06-05,6,P.1,0.07486175746,0.10094012000714285,0.05473262550571428,weekly,weighted,0.0,region_06
2021-06-12,6,P.1,0.08181533430142858,0.16556231996714285,0.038455080774285715,weekly,weighted,0.0,region_06
2021-06-19,6,P.1,0.04627193989285715,0.08928966415714286,0.023677596025714287,weekly,weighted,0.0,region_06
2021-06-26,6,P.1,0.040838381008571435,0.06660023917142857,0.024511374800000003,weekly,weighted,0.0,region_06
2021-07-03,6,P.1,0.04344874141571429,0.07373326697428571,0.024789789424285717,weekly,weighted,0.0,region_06
2021-07-10,6,P.1,0.020848962292,0.057714489102,0.007347963192,weekly,weighted,0.0,region_06
2021-07-17,6,P.1,0.021034584691666667,0.04997032570333334,0.008632551335,weekly,weighted,0.0,region_06
2021-07-24,6,P.1,0.008678820251428571,0.016518884472857143,0.0044543492,weekly,weighted,0.0,region_06
2021-07-31,6,P.1,0.003837261815,0.010053981096666666,0.0015190809333333333,weekly,weighted,0.0,region_06
2021-08-07,6,P.1,0.0041173259583333335,0.008241706605000001,0.0020665496116666665,weekly,weighted,0.0,region_06
2021-02-13,6,P.2,0.00577302417,0.01333959401,0.00248759147,biweekly,weighted,0.0,region_06
2021-02-20,6,P.2,0.005218063793333333,0.011473188799166666,0.0023730709616666666,biweekly,weighted,,region_06
2021-02-27,6,P.2,0.004663103416666667,0.009606783588333332,0.0022585504533333333,biweekly,weighted,0.0,region_06
2022-12-10,6,XBB,0.0366058475325,0.0585820032275,0.02119355835,weekly,weighted,0.0,region_06
2022-12-17,6,XBB,0.05319861364055556,0.08068501452666667,0.03302770977166666,weekly,weighted,0.0,region_06
2022-12-24,6,XBB,0.05156810664494445,0.07697108412866667,0.03272360451516666,weekly,weighted,,region_06
2022-12-31,6,XBB,0.04993759964933333,0.07325715373066667,0.03241949925866667,weekly,weighted,0.0,region_06
2023-01-07,6,XBB,0.057830580110714284,0.09378817517714286,0.03268861145285714,weekly,weighted,0.0,region_06
2023-01-14,6,XBB,0.06038683865785714,0.08240030333285715,0.04286386924071429,weekly,weighted,0.0,region_06
2023-01-21,6,XBB,0.046567728599230765,0.06851185743615384,0.03015207527923077,weekly,weighted,0.0,region_06
2023-01-28,6,XBB,0.0429383233825,0.06316749410083333,0.027852144868333335,weekly,weighted,0.0,region_06
2023-02-04,6,XBB,0.027312222246666667,0.044471601023333335,0.015459084573333332,weekly,weighted,0.0,region_06
2023-02-11,6,XBB,0.027559029144444445,0.04570122063222222,0.015213307718888888,weekly,weighted,,region_06
2023-02-18,6,XBB,0.027805836042222223,0.04693084024111111,0.014967530864444443,weekly,weighted,,region_06
2023-02-25,6,XBB,0.02805264294,0.04816045985,0.01472175401,weekly,weighted,0.0,region_06
2023-03-04,6,XBB,0.03292434911,0.05709589272999999,0.01699094847,weekly,weighted,,region_06
2023-03-11,6,XBB,0.037796055280000004,0.06603132561,0.01926014293,weekly,weighted,,region_06
2023-03-18,6,XBB,0.04266776145,0.07496675849,0.02152933739,weekly,weighted,0.0,region_06
2023-03-25,6,XBB,0.03851132149541667,0.06712863283916666,0.01969623627625,weekly,weighted,,region_06
2023-04-01,6,XBB,0.03435488154083333,0.05929050718833333,0.0178631351625,weekly,weighted,,region_06
2023-04-08,6,XBB,0.030198441586250003,0.0514523815375,0.01603003404875,weekly,weighted,,region_06
2023-04-15,6,XBB,0.02604200163166667,0.04361425588666667,0.014196932934999998,biweekly,weighted,0.0,region_06
2023-04-22,6,XBB,0.022549675745833334,0.038694813227333334,0.0118877198855,biweekly,weighted,,region_06
2023-04-29,6,XBB,0.01905734986,0.033775370568,0.009578506836,biweekly,weighted,0.0,region_06
2023-05-06,6,XBB,0.021202829222321428,0.03721698882452381,0.010798181255863095,biweekly,weighted,,region_06
2023-05-13,6,XBB,0.023348308584642857,0.04065860708104762,0.012017855675726191,biweekly,weighted,,region_06
2023-05-20,6,XBB,0.025493787946964285,0.04410022533757143,0.013237530095589287,biweekly,weighted,,region_06
2023-05-27,6,XBB,0.027639267309285714,0.04754184359409524,0.014457204515452382,biweekly,weighted,,region_06
2023-06-03,6,XBB,0.029784746671607142,0.05098346185061905,0.015676878935315476,biweekly,weighted,,region_06
2023-06-10,6,XBB,0.031930226033928574,0.05442508010714286,0.016896553355178572,biweekly,weighted,,region_06
2023-06-17,6,XBB,0.03407570539625,0.05786669836366667,0.01811622777504167,biweekly,weighted,,region_06
2023-06-24,6,XBB,0.03622118475857143,0.06130831662019047,0.01933590219490476,biweekly,weighted,,region_06
2023-07-01,6,XBB,0.03836666412089286,0.06474993487671428,0.020555576614767857,biweekly,weighted,,region_06
2023-07-08,6,XBB,0.04051214348321429,0.06819155313323809,0.021775251034630953,biweekly,weighted,,region_06
2023-07-15,6,XBB,0.04265762284553572,0.0716331713897619,0.02299492545449405,biweekly,weighted,,region_06
2023-07-22,6,XBB,0.044803102207857146,0.07507478964628571,0.024214599874357146,biweekly,weighted,,region_06
2023-07-29,6,XBB,0.046948581570178574,0.07851640790280952,0.025434274294220238,biweekly,weighted,,region_06
2023-08-05,6,XBB,0.0490940609325,0.08195802615933333,0.026653948714083334,biweekly,weighted,,region_06
2023-08-12,6,XBB,0.05123954029482143,0.08539964441585714,0.02787362313394643,biweekly,weighted,,region_06
2023-08-19,6,XBB,0.05338501965714286,0.08884126267238095,0.029093297553809523,biweekly,weighted,0.0,region_06
2023-08-26,6,XBB,0.04540098527050325,0.07081800723391775,0.02730513142645022,biweekly,weighted,,region_06
2023-09-02,6,XBB,0.03741695088386364,0.05279475179545454,0.02551696529909091,biweekly,weighted,0.0,region_06
2023-09-09,6,XBB,0.04706445555681277,0.06943478982784632,0.030311474645497834,biweekly,weighted,,region_06
2023-09-16,6,XBB,0.0567119602297619,0.0860748278602381,0.03510598399190476,biweekly,weighted,0.0,region_06
2023-09-23,6,XBB,0.0546212307103836,0.08345550438429233,0.03354891259984788,biweekly,weighted,,region_06
2023-09-30,6,XBB,0.05253050119100529,0.08083618090834656,0.03199184120779101,biweekly,weighted,,region_06
2023-10-07,6,XBB,0.050439771671626984,0.0782168574324008,0.030434769815734126,biweekly,weighted,,region_06
2023-10-14,6,XBB,0.048349042152248674,0.07559753395645502,0.028877698423677246,biweekly,weighted,,region_06
2023-10-21,6,XBB,0.04625831263287037,0.07297821048050926,0.02732062703162037,biweekly,weighted,,region_06
2023-10-28,6,XBB,0.04416758311349206,0.0703588870045635,0.02576355563956349,biweekly,weighted,,region_06
2023-11-04,6,XBB,0.042076853594113756,0.06773956352861772,0.024206484247506613,biweekly,weighted,,region_06
2023-11-11,6,XBB,0.03998612407473545,0.06512024005267196,0.022649412855449733,biweekly,weighted,,region_06
2023-11-18,6,XBB,0.03789539455535714,0.0625009165767262,0.021092341463392856,biweekly,weighted,,region_06
2023-11-25,6,XBB,0.03580466503597884,0.05988159310078042,0.01953527007133598,biweekly,weighted,,region_06
2023-12-02,6,XBB,0.03371393551660053,0.05726226962483466,0.0179781986792791,biweekly,weighted,,region_06
2023-12-09,6,XBB,0.03162320599722222,0.05464294614888889,0.016421127287222222,biweekly,weighted,0.0,region_06
2023-04-15,6,XBB.1.16,0.017823119321860464,0.030482761085581397,0.009440564464186046,biweekly,weighted,0.0,region_06
2023-04-22,6,XBB.1.16,0.03228168087007181,0.050865051545362513,0.01913400249495326,biweekly,weighted,,region_06
2023-04-29,6,XBB.1.16,0.04674024241828317,0.07124734200514364,0.028827440525720473,biweekly,weighted,,region_06
2023-05-06,6,XBB.1.16,0.06119880396649452,0.09162963246492475,0.038520878556487684,biweekly,weighted,,region_06
2023-05-13,6,XBB.1.16,0.07565736551470588,0.11201192292470588,0.048214316587254905,biweekly,weighted,0.0,region_06
2023-05-20,6,XBB.1.16,0.08046506458300887,0.12243342254169935,0.04945770945802988,biweekly,weighted,,region_06
2023-05-27,6,XBB.1.16,0.08527276365131185,0.13285492215869282,0.050701102328804856,biweekly,weighted,,region_06
2023-06-03,6,XBB.1.16,0.09008046271961484,0.14327642177568628,0.05194449519957983,biweekly,weighted,,region_06
2023-06-10,6,XBB.1.16,0.09488816178791783,0.15369792139267974,0.05318788807035481,biweekly,weighted,,region_06
2023-06-17,6,XBB.1.16,0.09969586085622081,0.16411942100967322,0.054431280941129784,biweekly,weighted,,region_06
2023-06-24,6,XBB.1.16,0.1045035599245238,0.17454092062666668,0.05567467381190476,biweekly,weighted,0.0,region_06
2023-07-01,6,XBB.1.16,0.1631443887222619,0.2817230441033333,0.07880004207095237,biweekly,weighted,,region_06
2023-07-08,6,XBB.1.16,0.22178521752,0.38890516758,0.10192541033,biweekly,weighted,0.0,region_06
2023-07-15,6,XBB.1.16,0.17572834822733335,0.2958257981472222,0.08875712942744443,biweekly,weighted,,region_06
2023-07-22,6,XBB.1.16,0.12967147893466668,0.20274642871444443,0.07558884852488888,biweekly,weighted,0.0,region_06
2023-07-29,6,XBB.1.16,0.13461739062092032,0.1942482691923309,0.088427761610814,biweekly,weighted,,region_06
2023-08-05,6,XBB.1.16,0.13956330230717393,0.1857501096702174,0.10126667469673913,biweekly,weighted,0.0,region_06
2023-08-12,6,XBB.1.16,0.10773474738051003,0.1562247290754933,0.0711379966770234,biweekly,weighted,,region_06
2023-08-19,6,XBB.1.16,0.07590619245384615,0.12669934848076922,0.04100931865730769,biweekly,weighted,0.0,region_06
2023-08-26,6,XBB.1.16,0.08139808674601398,0.12650997965993005,0.04924838739285839,biweekly,weighted,,region_06
2023-09-02,6,XBB.1.16,0.08688998103818181,0.1263206108390909,0.05748745612840909,biweekly,weighted,0.0,region_06
2023-09-09,6,XBB.1.16,0.08378056412141649,0.12487576863884778,0.05337788530687897,biweekly,weighted,,region_06
2023-09-16,6,XBB.1.16,0.08067114720465116,0.12343092643860465,0.04926831448534884,biweekly,weighted,0.0,region_06
2023-08-05,6,XBB.1.16.1,0.127944715645,0.20799774385043476,0.07062755039304347,biweekly,weighted,0.0,region_06
2023-08-12,6,XBB.1.16.1,0.12297432779428571,0.19846501321747928,0.06864107937806935,biweekly,weighted,,region_06
2023-08-19,6,XBB.1.16.1,0.11800393994357143,0.1889322825845238,0.06665460836309524,biweekly,weighted,0.0,region_06
2023-08-26,6,XBB.1.16.1,0.09344549397297619,0.15166738859999998,0.052050140997023805,biweekly,weighted,,region_06
2023-09-02,6,XBB.1.16.1,0.06888704800238095,0.11440249461547618,0.03744567363095238,biweekly,weighted,0.0,region_06
2023-09-09,6,XBB.1.16.1,0.05555895653916666,0.09082361576845238,0.030999634947738094,biweekly,weighted,,region_06
2023-09-16,6,XBB.1.16.1,0.04223086507595238,0.06724473692142857,0.02455359626452381,biweekly,weighted,0.0,region_06
2023-09-23,6,XBB.1.16.1,0.044705807229226194,0.07328759910371428,0.024996229418636905,biweekly,weighted,,region_06
2023-09-30,6,XBB.1.16.1,0.0471807493825,0.07933046128599999,0.02543886257275,biweekly,weighted,0.0,region_06
2023-09-02,6,XBB.1.16.11,0.02895219327772727,0.045990354128181817,0.01699162545431818,biweekly,weighted,0.0,region_06
2023-09-09,6,XBB.1.16.11,0.04222736696588744,0.06264515756135282,0.027080141164897188,biweekly,weighted,,region_06
2023-09-16,6,XBB.1.16.11,0.05550254065404762,0.07929996099452381,0.03716865687547619,biweekly,weighted,0.0,region_06
2023-09-23,6,XBB.1.16.11,0.05230554084631944,0.07577570018118056,0.03449983060555556,biweekly,weighted,,region_06
2023-09-30,6,XBB.1.16.11,0.04910854103859127,0.0722514393678373,0.03183100433563492,biweekly,weighted,,region_06
2023-10-07,6,XBB.1.16.11,0.04591154123086309,0.06872717855449405,0.029162178065714285,biweekly,weighted,,region_06
2023-10-14,6,XBB.1.16.11,0.04271454142313492,0.06520291774115079,0.02649335179579365,biweekly,weighted,,region_06
2023-10-21,6,XBB.1.16.11,0.03951754161540674,0.061678656927807544,0.023824525525873018,biweekly,weighted,,region_06
2023-10-28,6,XBB.1.16.11,0.03632054180767857,0.05815439611446429,0.02115569925595238,biweekly,weighted,,region_06
2023-11-04,6,XBB.1.16.11,0.03312354199995039,0.054630135301121034,0.018486872986031744,biweekly,weighted,,region_06
2023-11-11,6,XBB.1.16.11,0.02992654219222222,0.05110587448777778,0.01581804671611111,biweekly,weighted,0.0,region_06
2023-11-18,6,XBB.1.16.11,0.02932253611847222,0.05039315732875,0.015362401324444445,biweekly,weighted,,region_06
2023-11-25,6,XBB.1.16.11,0.02871853004472222,0.04968044016972223,0.014906755932777778,biweekly,weighted,,region_06
2023-12-02,6,XBB.1.16.11,0.02811452397097222,0.04896772301069445,0.01445111054111111,biweekly,weighted,,region_06
2023-12-09,6,XBB.1.16.11,0.027510517897222222,0.04825500585166667,0.013995465149444445,biweekly,weighted,0.0,region_06
2023-09-02,6,XBB.1.16.15,0.014425845386923077,0.02576455445230769,0.007181821928461538,biweekly,weighted,0.0,region_06
2023-09-09,6,XBB.1.16.15,0.017116480293461536,0.030464125656153848,0.00855492873923077,biweekly,weighted,,region_06
2023-09-16,6,XBB.1.16.15,0.0198071152,0.03516369686,0.00992803555,biweekly,weighted,0.0,region_06
2023-08-19,6,XBB.1.16.6,0.059622141399714286,0.08938115047628571,0.037544173109142855,biweekly,weighted,0.0,region_06
2023-08-26,6,XBB.1.16.6,0.08391581397122078,0.11548208373212013,0.05897770500570779,biweekly,weighted,,region_06
2023-09-02,6,XBB.1.16.6,0.10820948654272727,0.14158301698795456,0.08041123690227273,biweekly,weighted,0.0,region_06
2023-09-09,6,XBB.1.16.6,0.11393092430368922,0.1473022242904889,0.08587918339381079,biweekly,weighted,,region_06
2023-09-16,6,XBB.1.16.6,0.11965236206465116,0.15302143159302325,0.09134712988534884,biweekly,weighted,0.0,region_06
2023-09-23,6,XBB.1.16.6,0.11897070216411129,0.1593420935804402,0.08596491536636489,biweekly,weighted,,region_06
2023-09-30,6,XBB.1.16.6,0.11828904226357143,0.16566275556785715,0.08058270084738095,biweekly,weighted,0.0,region_06
2023-10-07,6,XBB.1.16.6,0.10700076463920508,0.16426465860586406,0.06514839614562595,biweekly,weighted,,region_06
2023-10-14,6,XBB.1.16.6,0.09571248701483871,0.16286656164387098,0.04971409144387097,biweekly,weighted,0.0,region_06
2023-10-21,6,XBB.1.16.6,0.07743929456241935,0.13412471216593547,0.03937914000093548,biweekly,weighted,,region_06
2023-10-28,6,XBB.1.16.6,0.05916610210999999,0.10538286268799998,0.029044188558,biweekly,weighted,0.0,region_06
2023-11-04,6,XBB.1.16.6,0.059575907657777774,0.10566621360705555,0.0294318649815,biweekly,weighted,,region_06
2023-11-11,6,XBB.1.16.6,0.059985713205555555,0.10594956452611111,0.029819541405,biweekly,weighted,0.0,region_06
2023-11-18,6,XBB.1.16.6,0.056674134655880955,0.09821459765386904,0.029102139320035716,biweekly,weighted,,region_06
2023-11-25,6,XBB.1.16.6,0.053362556106206355,0.09047963078162699,0.028384737235071428,biweekly,weighted,,region_06
2023-12-02,6,XBB.1.16.6,0.05005097755653175,0.08274466390938492,0.027667335150107143,biweekly,weighted,,region_06
2023-12-09,6,XBB.1.16.6,0.04673939900685715,0.07500969703714286,0.02694993306514286,biweekly,weighted,0.0,region_06
2022-12-24,6,XBB.1.5,0.03226661751875,0.05504889693,0.01706777396625,weekly,weighted,0.0,region_06
2022-12-31,6,XBB.1.5,0.07893020659733334,0.10759595384133333,0.05597871964066667,weekly,weighted,0.0,region_06
2023-01-07,6,XBB.1.5,0.13556881646466667,0.1815203984586667,0.098116411518,weekly,weighted,0.0,region_06
2023-01-14,6,XBB.1.5,0.18309827894,0.24304827834785714,0.13285655049285713,weekly,weighted,0.0,region_06
2023-01-21,6,XBB.1.5,0.2661881263453846,0.35481049234923073,0.19001881319692307,weekly,weighted,0.0,region_06
2023-01-28,6,XBB.1.5,0.3876498043541667,0.46878156811,0.31113767127249997,weekly,weighted,0.0,region_06
2023-02-04,6,XBB.1.5,0.49200666221727274,0.5803239833227273,0.40443768826454546,weekly,weighted,0.0,region_06
2023-02-11,6,XBB.1.5,0.6216573774809999,0.68374812007,0.556349635125,weekly,weighted,0.0,region_06
2023-02-18,6,XBB.1.5,0.7322659889844445,0.7950755953788888,0.6617649462488889,weekly,weighted,0.0,region_06
2023-02-25,6,XBB.1.5,0.76684009283875,0.81147202104375,0.71733793616375,weekly,weighted,0.0,region_06
2023-03-04,6,XBB.1.5,0.8166670969571428,0.8515336343214285,0.7774428895542858,weekly,weighted,0.0,region_06
2023-03-11,6,XBB.1.5,0.887018928925,0.926596750815,0.8359716335916666,weekly,weighted,0.0,region_06
2023-03-18,6,XBB.1.5,0.84144679308,0.8802440047260001,0.79593900442,weekly,weighted,0.0,region_06
2023-03-25,6,XBB.1.5,0.857600703835,0.8955777734525,0.8121694177400001,weekly,weighted,0.0,region_06
2023-04-01,6,XBB.1.5,0.8714786966633333,0.9130584001533334,0.8193164070466666,weekly,weighted,0.0,region_06
2023-04-08,6,XBB.1.5,0.838188290595,0.89716899395,0.762402176855,weekly,weighted,0.0,region_06
2023-04-15,6,XBB.1.5,0.8181324635559615,0.8537278622401924,0.7778879793796154,biweekly,weighted,0.0,region_06
2023-04-22,6,XBB.1.5,0.7990547258117308,0.839573170130673,0.7531055045818269,biweekly,weighted,,region_06
2023-04-29,6,XBB.1.5,0.7799769880675,0.8254184780211538,0.7283230297840385,biweekly,weighted,0.0,region_06
2023-05-06,6,XBB.1.5,0.7370093690389461,0.7855870787439102,0.68336148776898,biweekly,weighted,,region_06
2023-05-13,6,XBB.1.5,0.6940417500103923,0.7457556794666667,0.6383999457539216,biweekly,weighted,0.0,region_06
2023-05-20,6,XBB.1.5,0.6197195754329342,0.7139629160648809,0.520931609642437,biweekly,weighted,,region_06
2023-05-27,6,XBB.1.5,0.5453974008554762,0.6821701526630952,0.4034632735309524,biweekly,weighted,0.0,region_06
2023-06-03,6,XBB.1.5,0.5730178635947789,0.6881775369439966,0.45238658081323135,biweekly,weighted,,region_06
2023-06-10,6,XBB.1.5,0.6006383263340817,0.694184921224898,0.5013098880955102,biweekly,weighted,0.0,region_06
2023-06-17,6,XBB.1.5,0.5333835834535158,0.6421255386311735,0.4259536391186781,biweekly,weighted,,region_06
2023-06-24,6,XBB.1.5,0.4661288405729499,0.590066156037449,0.35059739014184604,biweekly,weighted,,region_06
2023-07-01,6,XBB.1.5,0.3988740976923841,0.5380067734437245,0.27524114116501397,biweekly,weighted,,region_06
2023-07-08,6,XBB.1.5,0.3316193548118182,0.48594739085,0.19988489218818184,biweekly,weighted,0.0,region_06
2023-07-15,6,XBB.1.5,0.26869433017239847,0.3982504086442553,0.16172652749281433,biweekly,weighted,,region_06
2023-07-22,6,XBB.1.5,0.2057693055329787,0.31055342643851064,0.1235681627974468,biweekly,weighted,0.0,region_06
2023-07-29,6,XBB.1.5,0.17643760495496763,0.25651209855566837,0.11282308431502774,biweekly,weighted,,region_06
2023-08-05,6,XBB.1.5,0.14710590437695653,0.2024707706728261,0.10207800583260869,biweekly,weighted,0.0,region_06
2023-08-12,6,XBB.1.5,0.1202940830918116,0.17788880084292819,0.07674543985266798,biweekly,weighted,,region_06
2023-08-19,6,XBB.1.5,0.09348226180666666,0.1533068310130303,0.05141287387272727,biweekly,weighted,0.0,region_06
2023-08-26,6,XBB.1.5,0.08412556195071969,0.12412258728651515,0.054573150633863636,biweekly,weighted,,region_06
2023-09-02,6,XBB.1.5,0.07476886209477272,0.09493834355999999,0.057733427395,biweekly,weighted,0.0,region_06
2023-09-09,6,XBB.1.5,0.05715945779119588,0.07903991599321428,0.04033575578166667,biweekly,weighted,,region_06
2023-09-16,6,XBB.1.5,0.03955005348761905,0.06314148842642857,0.022938084168333334,biweekly,weighted,0.0,region_06
2023-09-23,6,XBB.1.5,0.05519415336154762,0.09121559764321428,0.030325503820595234,biweekly,weighted,,region_06
2023-09-30,6,XBB.1.5,0.07083825323547618,0.11928970686,0.03771292347285714,biweekly,weighted,0.0,region_06
2023-04-15,6,XBB.1.5.1,0.029502731855192307,0.04512582783826923,0.018188715374615385,biweekly,weighted,0.0,region_06
2023-04-22,6,XBB.1.5.1,0.02940690463375534,0.046654942722035256,0.01732530599846154,biweekly,weighted,,region_06
2023-04-29,6,XBB.1.5.1,0.029311077412318375,0.048184057605801286,0.01646189662230769,biweekly,weighted,,region_06
2023-05-06,6,XBB.1.5.1,0.02921525019088141,0.04971317248956731,0.015598487246153845,biweekly,weighted,,region_06
2023-05-13,6,XBB.1.5.1,0.029119422969444444,0.051242287373333334,0.014735077869999998,biweekly,weighted,0.0,region_06
2023-09-02,6,XBB.1.5.72,0.014806390628809523,0.025700139768809523,0.0076870148269047615,biweekly,weighted,0.0,region_06
2023-04-08,6,XBB.1.9.1,0.05886936188,0.09789803624,0.03202924132,weekly,weighted,0.0,region_06
2023-04-15,6,XBB.1.9.1,0.042333185675,0.073414523155,0.021799664944999998,biweekly,weighted,0.0,region_06
2023-04-22,6,XBB.1.9.1,0.04607456066538462,0.07163972343134616,0.027984175186538462,biweekly,weighted,,region_06
2023-04-29,6,XBB.1.9.1,0.049815935655769236,0.06986492370769232,0.034168685428076925,biweekly,weighted,0.0,region_06
2023-05-06,6,XBB.1.9.1,0.05207267416719834,0.0744444406989442,0.03486809420629336,biweekly,weighted,,region_06
2023-05-13,6,XBB.1.9.1,0.054329412678627446,0.07902395769019607,0.0355675029845098,biweekly,weighted,0.0,region_06
2023-05-20,6,XBB.1.9.1,0.07536278082186475,0.1147600660882613,0.04626984682296918,biweekly,weighted,,region_06
2023-05-27,6,XBB.1.9.1,0.09639614896510205,0.15049617448632652,0.05697219066142857,biweekly,weighted,0.0,region_06
2023-06-03,6,XBB.1.9.1,0.09744655451168369,0.15727986843938774,0.055008507409285715,biweekly,weighted,,region_06
2023-06-10,6,XBB.1.9.1,0.0984969600582653,0.16406356239244896,0.05304482415714286,biweekly,weighted,,region_06
2023-06-17,6,XBB.1.9.1,0.09954736560484694,0.1708472563455102,0.051081140904999996,biweekly,weighted,,region_06
2023-06-24,6,XBB.1.9.1,0.10059777115142857,0.17763095029857143,0.04911745765285714,biweekly,weighted,0.0,region_06
2023-07-01,6,XBB.1.9.1,0.09352280884780843,0.164364217532237,0.046085195281253245,biweekly,weighted,,region_06
2023-07-08,6,XBB.1.9.1,0.0864478465441883,0.1510974847659026,0.04305293290964935,biweekly,weighted,,region_06
2023-07-15,6,XBB.1.9.1,0.07937288424056818,0.13783075199956818,0.04002067053804545,biweekly,weighted,,region_06
2023-07-22,6,XBB.1.9.1,0.07229792193694805,0.12456401923323376,0.036988408166441555,biweekly,weighted,,region_06
2023-07-29,6,XBB.1.9.1,0.06522295963332791,0.11129728646689935,0.03395614579483766,biweekly,weighted,,region_06
2023-08-05,6,XBB.1.9.1,0.05814799732970778,0.09803055370056493,0.030923883423233767,biweekly,weighted,,region_06
2023-08-12,6,XBB.1.9.1,0.051073035026087656,0.08476382093423052,0.02789162105162987,biweekly,weighted,,region_06
2023-08-19,6,XBB.1.9.1,0.04399807272246752,0.0714970881678961,0.024859358680025975,biweekly,weighted,,region_06
2023-08-26,6,XBB.1.9.1,0.03692311041884739,0.058230355401561684,0.02182709630842208,biweekly,weighted,,region_06
2023-09-02,6,XBB.1.9.1,0.02984814811522727,0.04496362263522727,0.018794833936818182,biweekly,weighted,0.0,region_06
2023-09-09,6,XBB.1.9.1,0.02529647216844697,0.040312120982613636,0.014844495930353536,biweekly,weighted,,region_06
2023-09-16,6,XBB.1.9.1,0.020744796221666667,0.035660619330000004,0.010894157923888889,biweekly,weighted,0.0,region_06
2023-09-23,6,XBB.1.9.1,0.023028897716875,0.03976749859041667,0.01199917136951389,biweekly,weighted,,region_06
2023-09-30,6,XBB.1.9.1,0.025312999212083333,0.04387437785083334,0.013104184815138888,biweekly,weighted,,region_06
2023-10-07,6,XBB.1.9.1,0.027597100707291666,0.04798125711125,0.014209198260763889,biweekly,weighted,,region_06
2023-10-14,6,XBB.1.9.1,0.0298812022025,0.05208813637166667,0.01531421170638889,biweekly,weighted,,region_06
2023-10-21,6,XBB.1.9.1,0.03216530369770833,0.05619501563208334,0.01641922515201389,biweekly,weighted,,region_06
2023-10-28,6,XBB.1.9.1,0.034449405192916664,0.0603018948925,0.017524238597638887,biweekly,weighted,,region_06
2023-11-04,6,XBB.1.9.1,0.036733506688125,0.06440877415291667,0.018629252043263888,biweekly,weighted,,region_06
2023-11-11,6,XBB.1.9.1,0.03901760818333333,0.06851565341333334,0.01973426548888889,biweekly,weighted,0.0,region_06
2023-09-02,6,XBB.1.9.2,0.01743310188318182,0.02891959491295454,0.009646303962272727,biweekly,weighted,0.0,region_06
2023-08-05,6,XBB.2.3,0.12193072360456522,0.16902898349195652,0.08414795168717391,biweekly,weighted,0.0,region_06
2023-08-12,6,XBB.2.3,0.1116157185121715,0.15833428583753384,0.07490522816869807,biweekly,weighted,,region_06
2023-08-19,6,XBB.2.3,0.10130071341977778,0.14763958818311113,0.06566250465022222,biweekly,weighted,0.0,region_06
2023-08-26,6,XBB.2.3,0.12651272087579798,0.16299311409496464,0.0966703692206793,biweekly,weighted,,region_06
2023-09-02,6,XBB.2.3,0.1517247283318182,0.17834664000681819,0.12767823379113638,biweekly,weighted,0.0,region_06
2023-09-09,6,XBB.2.3,0.12501024530009514,0.15718774715654865,0.09793523054010309,biweekly,weighted,,region_06
2023-09-16,6,XBB.2.3,0.0982957622683721,0.1360288543062791,0.06819222728906978,biweekly,weighted,0.0,region_06
2023-09-23,6,XBB.2.3,0.08111853681275748,0.11723934728063955,0.05352391366370156,biweekly,weighted,,region_06
2023-09-30,6,XBB.2.3,0.06394131135714286,0.098449840255,0.038855600038333334,biweekly,weighted,0.0,region_06
2024-11-09,6,XEC,0.12900094688,0.22228074074,0.06466546655,biweekly,weighted,0.0,region_06
2024-11-16,6,XEC,0.18201653733849998,0.2977783948195,0.096646099912,biweekly,weighted,,region_06
2024-11-23,6,XEC,0.235032127797,0.373276048899,0.128626733274,biweekly,weighted,0.0,region_06
2024-11-30,6,XEC,0.26042709735525,0.3995428338650833,0.15034508276800002,biweekly,weighted,,region_06
2024-12-07,6,XEC,0.2858220669135,0.42580961883116664,0.172063432262,biweekly,weighted,,region_06
2024-12-14,6,XEC,0.31121703647175003,0.45207640379725,0.193781781756,biweekly,weighted,,region_06
2024-12-21,6,XEC,0.33661200603,0.4783431887633333,0.21550013125,biweekly,weighted,0.0,region_06
2024-12-28,6,XEC,0.31317549261125,0.43268937244979166,0.210205993615,biweekly,weighted,,region_06
2025-01-04,6,XEC,0.2897389791925,0.38703555613625,0.20491185598,biweekly,weighted,0.0,region_06
2025-01-11,6,XEC,0.30200648587343754,0.4045680947590625,0.2123748785809375,biweekly,weighted,,region_06
2025-01-18,6,XEC,0.31427399255437505,0.422100633381875,0.21983790118187502,biweekly,weighted,,region_06
2025-01-25,6,XEC,0.3265414992353125,0.4396331720046875,0.2273009237828125,biweekly,weighted,,region_06
2025-02-01,6,XEC,0.33880900591625,0.4571657106275,0.23476394638375,biweekly,weighted,0.0,region_06
2025-02-08,6,XEC,0.284952393423125,0.3969526154295834,0.19013555161604168,biweekly,weighted,,region_06
2025-02-15,6,XEC,0.23109578093000002,0.3367395202316667,0.14550715684833335,biweekly,weighted,0.0,region_06
2025-02-22,6,XEC,0.264936668674,0.36913945873683335,0.17726939171516665,biweekly,weighted,,region_06
2025-03-01,6,XEC,0.298777556418,0.401539397242,0.20903162658199997,biweekly,weighted,0.0,region_06
2025-09-27,6,XFG,0.87496012449,0.9440794289100001,0.7530740499449999,4_week,empiric,0.0,region_06
2021-05-22,7,AY.3,0.0647963807,0.43810135126,0.00611937046,weekly,weighted,0.0,region_07
2021-05-29,7,AY.3,0.10670118034,0.37982910872,0.02276497148,weekly,weighted,0.0,region_07
2021-06-05,7,AY.3,0.19929909706,0.53207981586,0.05166842788,weekly,weighted,0.0,region_07
2021-06-12,7,AY.3,0.24148668349,0.54520273209,0.07795962691,weekly,weighted,0.0,region_07
2021-06-19,7,AY.3,0.26952561736,0.59150582552,0.08593934029,weekly,weighted,0.0,region_07
2021-06-26,7,AY.3,0.37009435892,0.51029127836,0.2488425225,weekly,weighted,0.0,region_07
2021-07-03,7,AY.3,0.35803291202,0.58385229111,0.18146815896,weekly,weighted,0.0,region_07
2021-07-10,7,AY.3,0.47237369418,0.64164233208,0.30922707915,weekly,weighted,0.0,region_07
2021-07-17,7,AY.3,0.36781945825,0.51231628656,0.24371093512,weekly,weighted,0.0,region_07
2021-07-24,7,AY.3,0.34188610315,0.56430929899,0.1724345237,weekly,weighted,0.0,region_07
2021-01-30,7,B.1.1.519,0.0439877584575,0.13015517871875,0.01395330100625,biweekly,weighted,0.0,region_07
2021-02-06,7,B.1.1.519,0.0356788946075,0.11172846378875,0.011232279066875,biweekly,weighted,,region_07
2021-02-13,7,B.1.1.519,0.0273700307575,0.09330174885875,0.0085112571275,biweekly,weighted,0.0,region_07
2021-12-18,7,B.1.1.529,0.0904807042992647,0.14735300313044117,0.05031061605308823,weekly,weighted,0.0,region_07
2021-12-25,7,B.1.1.529,0.30968453486768116,0.3659600753715942,0.25708794248246375,weekly,weighted,0.0,region_07
2022-01-01,7,B.1.1.529,0.5367335241235821,0.587874567775224,0.4826235357507463,weekly,weighted,0.0,region_07
2022-01-08,7,B.1.1.529,0.6557699691002985,0.6931785950022388,0.6133146370528358,weekly,weighted,0.0,region_07
2022-01-15,7,B.1.1.529,0.6883774359726865,0.7130657732486567,0.6608541572277612,weekly,weighted,0.0,region_07
2022-01-22,7,B.1.1.529,0.666488826274394,0.6826633481362121,0.6487233399440909,weekly,weighted,0.0,region_07
2022-01-29,7,B.1.1.529,0.6330271766744615,0.6523226770067692,0.6136841673123077,weekly,weighted,0.0,region_07
2022-02-05,7,B.1.1.529,0.6205984386620312,0.6471660318785938,0.5945191946810937,weekly,weighted,0.0,region_07
2022-02-12,7,B.1.1.529,0.5951740571433333,0.6158635644687301,0.5729570771963493,weekly,weighted,0.0,region_07
2022-02-19,7,B.1.1.529,0.5893680844155738,0.6284035116916393,0.5459163364818033,weekly,weighted,0.0,region_07
2022-02-26,7,B.1.1.529,0.5454924751503278,0.6108278720104918,0.4807115009081967,weekly,weighted,0.0,region_07
2022-03-05,7,B.1.1.529,0.5337280561531668,0.5875591814516666,0.48061881537216666,weekly,weighted,0.0,region_07
2022-03-12,7,B.1.1.529,0.48742189902338984,0.5924240987177967,0.3957545951764407,weekly,weighted,0.0,region_07
2022-03-19,7,B.1.1.529,0.3566078495767857,0.4414153987807143,0.26661343366982143,weekly,weighted,0.0,region_07
2022-03-26,7,B.1.1.529,0.4835472585581818,0.5667335580687879,0.3987042715381818,weekly,weighted,0.0,region_07
2022-04-02,7,B.1.1.529,0.3166287554931818,0.38336374001136364,0.25559269975409094,weekly,weighted,0.0,region_07
2022-04-09,7,B.1.1.529,0.10466630898761906,0.14390581704380953,0.07311701455238095,weekly,weighted,0.0,region_07
2022-04-16,7,B.1.1.529,0.11714663654549999,0.1567153945565,0.0846256934115,weekly,weighted,0.0,region_07
2022-04-23,7,B.1.1.529,0.05401868642166666,0.07995492882111112,0.03455816954333333,weekly,weighted,0.0,region_07
2022-04-30,7,B.1.1.529,0.03372981826705883,0.05279760040823529,0.02013521772882353,weekly,weighted,0.0,region_07
2022-05-07,7,B.1.1.529,0.053331444313529416,0.08779939625411765,0.029457899469411762,weekly,weighted,,region_07
2022-05-14,7,B.1.1.529,0.07293307036,0.1228011921,0.03878058121,weekly,weighted,0.0,region_07
2021-02-27,7,B.1.1.7,0.09610220293166667,0.2849272762733333,0.029879156813333335,biweekly,weighted,0.0,region_07
2021-03-06,7,B.1.1.7,0.09971638768999999,0.630672857165,0.0071292023625,weekly,weighted,0.0,region_07
2021-03-13,7,B.1.1.7,0.1786157488825,0.39340748638,0.0679339263575,weekly,weighted,0.0,region_07
2021-03-20,7,B.1.1.7,0.344140559435,0.46019243449,0.2441187426425,weekly,weighted,0.0,region_07
2021-03-27,7,B.1.1.7,0.5200212150825,0.6947033554325,0.3402495831275,weekly,weighted,0.0,region_07
2021-04-03,7,B.1.1.7,0.5235945731375,0.641521394255,0.4026666581625,weekly,weighted,0.0,region_07
2021-04-10,7,B.1.1.7,0.7099673747999999,0.8200985342275,0.5675887465475,weekly,weighted,0.0,region_07
2021-04-17,7,B.1.1.7,0.717526227235,0.8324672430725,0.56468941271,weekly,weighted,0.0,region_07
2021-04-24,7,B.1.1.7,0.78097397089,0.9025254994625,0.5768115371475,weekly,weighted,0.0,region_07
2021-05-01,7,B.1.1.7,0.8170436918724999,0.91964520514,0.63561682403,weekly,weighted,0.0,region_07
2021-05-08,7,B.1.1.7,0.7757968405883333,0.852227926255,0.6734270652133333,weekly,weighted,0.0,region_07
2021-05-15,7,B.1.1.7,0.77704063803,0.84999385476125,0.6830475702875,weekly,weighted,0.0,region_07
2021-05-22,7,B.1.1.7,0.729069031775,0.8598315566775,0.53442627564,weekly,weighted,0.0,region_07
2021-05-29,7,B.1.1.7,0.5335821935114285,0.7314551813271429,0.32440535937000003,weekly,weighted,0.0,region_07
2021-06-05,7,B.1.1.7,0.42990605533,0.6094525456425,0.26727371290375,weekly,weighted,0.0,region_07
2021-06-12,7,B.1.1.7,0.20500427670875,0.3185877725475,0.12561557907624998,weekly,weighted,0.0,region_07
2021-06-19,7,B.1.1.7,0.15648686885714286,0.4485993853628571,0.043538129222857144,weekly,weighted,0.0,region_07
2021-06-26,7,B.1.1.7,0.07004189342,0.190485492348,0.023540078476,weekly,weighted,0.0,region_07
2021-07-03,7,B.1.1.7,0.053070744128,0.35739932060199997,0.005615611282,weekly,weighted,0.0,region_07
2021-07-10,7,B.1.1.7,0.036825818942,0.239783868938,0.004410518661,weekly,weighted,,region_07
2021-07-17,7,B.1.1.7,0.020580893755999998,0.122168417274,0.0032054260399999998,weekly,weighted,0.0,region_07
2021-01-30,7,B.1.2,0.4833393054357143,0.5684923870214286,0.3993323700757143,biweekly,weighted,0.0,region_07
2021-02-06,7,B.1.2,0.51086335097,0.6670107671192858,0.3528725526157143,biweekly,weighted,,region_07
2021-02-13,7,B.1.2,0.5383873965042857,0.7655291472171429,0.3064127351557143,biweekly,weighted,0.0,region_07
2021-02-20,7,B.1.2,0.46643247135928567,0.6516834561328572,0.2865777313707143,biweekly,weighted,,region_07
2021-02-27,7,B.1.2,0.3944775462142857,0.5378377650485714,0.26674272758571427,biweekly,weighted,0.0,region_07
2021-01-30,7,B.1.427,0.04059869636428571,0.3239309106557143,0.003702131398571429,biweekly,weighted,0.0,region_07
2021-02-06,7,B.1.427,0.039784516342142855,0.28426346502285715,0.004377422304285714,biweekly,weighted,,region_07
2021-02-13,7,B.1.427,0.03897033632,0.24459601939,0.00505271321,biweekly,weighted,0.0,region_07
2021-02-20,7,B.1.427,0.041006010648333334,0.22332339734,0.007793729735000001,biweekly,weighted,,region_07
2021-02-27,7,B.1.427,0.04304168497666667,0.20205077529,0.010534746260000002,biweekly,weighted,,region_07
2021-03-06,7,B.1.427,0.045077359304999995,0.18077815324000002,0.013275762785,biweekly,weighted,,region_07
2021-03-13,7,B.1.427,0.04711303363333333,0.15950553119,0.01601677931,biweekly,weighted,,region_07
2021-03-20,7,B.1.427,0.04914870796166666,0.13823290914,0.018757795835,biweekly,weighted,,region_07
2021-03-27,7,B.1.427,0.05118438229,0.11696028709,0.02149881236,weekly,weighted,0.0,region_07
2021-01-30,7,B.1.429,0.037923576479090906,0.1282104572109091,0.010525359858181817,biweekly,weighted,0.0,region_07
2021-02-06,7,B.1.429,0.04237369447909091,0.15037297626681817,0.011447045825454544,biweekly,weighted,,region_07
2021-02-13,7,B.1.429,0.04682381247909091,0.17253549532272727,0.012368731792727272,biweekly,weighted,0.0,region_07
2021-02-20,7,B.1.429,0.0766774808818182,0.23164838010500002,0.023271367758181817,biweekly,weighted,,region_07
2021-02-27,7,B.1.429,0.10653114928454546,0.2907612648872728,0.03417400372363637,biweekly,weighted,0.0,region_07
2021-03-06,7,B.1.429,0.07856648415,0.20379139483,0.02762000076,weekly,weighted,0.0,region_07
2021-03-13,7,B.1.429,0.05587466434,0.09554585814,0.03209074959,weekly,weighted,0.0,region_07
2021-03-20,7,B.1.429,0.06403057277,0.1861230433,0.02005450614,weekly,weighted,0.0,region_07
2021-03-27,7,B.1.429,0.07450117916,0.1534858495,0.03450564668,weekly,weighted,0.0,region_07
2021-04-03,7,B.1.429,0.07466262579,0.18905612826,0.02716718242,weekly,weighted,0.0,region_07
2021-04-10,7,B.1.429,0.04892520979,0.2610476017,0.00743518258,weekly,weighted,0.0,region_07
2021-03-20,7,B.1.526,0.055938800795,0.127285271885,0.02350494824,weekly,weighted,0.0,region_07
2021-03-27,7,B.1.526,0.0516653101275,0.12715208158083333,0.02036405540833333,weekly,weighted,,region_07
2021-04-03,7,B.1.526,0.047391819460000005,0.12701889127666666,0.017223162576666666,weekly,weighted,0.0,region_07
2021-04-10,7,B.1.526,0.0472441713,0.16822533309333335,0.012045749153333334,weekly,weighted,0.0,region_07
2021-04-17,7,B.1.526,0.05634337291,0.07717142999,0.0408876054,weekly,weighted,0.0,region_07
2021-04-24,7,B.1.526,0.04610520973666667,0.15679836273,0.012569168273333334,weekly,weighted,0.0,region_07
2021-05-01,7,B.1.526,0.049387408418333334,0.12838963419,0.019820954496666668,weekly,weighted,,region_07
2021-05-08,7,B.1.526,0.0526696071,0.09998090565,0.02707274072,weekly,weighted,0.0,region_07
2021-01-30,7,B.1.596,0.09442047961,0.23651524633,0.0344337867575,biweekly,weighted,0.0,region_07
2021-02-06,7,B.1.596,0.08214233955375,0.18328728806,0.03582538221875,biweekly,weighted,,region_07
2021-02-13,7,B.1.596,0.0698641994975,0.13005932979,0.03721697768,biweekly,weighted,0.0,region_07
2021-05-22,7,B.1.617.2,0.13414918184,0.41314879358,0.032513962683999996,weekly,weighted,0.0,region_07
2021-05-29,7,B.1.617.2,0.23311758854181816,0.45795379443545453,0.09590195458,weekly,weighted,0.0,region_07
2021-06-05,7,B.1.617.2,0.47803132849573526,0.6211060666855882,0.3399071621102941,weekly,weighted,0.0,region_07
2021-06-12,7,B.1.617.2,0.6909834164240477,0.792712454994762,0.571185734655238,weekly,weighted,0.0,region_07
2021-06-19,7,B.1.617.2,0.7912237994807059,0.8970791648416472,0.6387039114454117,weekly,weighted,0.0,region_07
2021-06-26,7,B.1.617.2,0.8724450132428235,0.9520977195569411,0.734284562924353,weekly,weighted,0.0,region_07
2021-07-03,7,B.1.617.2,0.9403875648291954,0.9754061048056322,0.8690877118326438,weekly,weighted,0.0,region_07
2021-07-10,7,B.1.617.2,0.9425898855443677,0.9659374959167816,0.9102483953555173,weekly,weighted,0.0,region_07
2021-07-17,7,B.1.617.2,0.9581511404316092,0.9829656618760919,0.9122719189214943,weekly,weighted,0.0,region_07
2021-07-24,7,B.1.617.2,0.9721692786166264,0.9838584381409637,0.9553721482491567,weekly,weighted,0.0,region_07
2021-07-31,7,B.1.617.2,0.9784097824554054,0.9910141720966216,0.9562970424027026,weekly,weighted,0.0,region_07
2021-08-07,7,B.1.617.2,0.9737563196348236,0.9940481894151764,0.9266329421715294,weekly,weighted,0.0,region_07
2021-08-14,7,B.1.617.2,0.9971651884378688,0.9996102305696721,0.9871725420481967,weekly,weighted,0.0,region_07
2021-08-21,7,B.1.617.2,0.9856677495296429,0.9980250731819047,0.9492899016257142,weekly,weighted,0.0,region_07
2021-08-28,7,B.1.617.2,0.9794505459293826,0.9940077647575001,0.9486266516148749,weekly,weighted,0.0,region_07
2021-09-04,7,B.1.617.2,0.9928525226662651,0.9982785855426506,0.9803920675467469,weekly,weighted,0.0,region_07
2021-09-11,7,B.1.617.2,0.9893066141664634,0.9957941472530488,0.9775380128764634,weekly,weighted,0.0,region_07
2021-09-18,7,B.1.617.2,0.9946109936787692,0.9987171631595384,0.985226572476923,weekly,weighted,0.0,region_07
2021-09-25,7,B.1.617.2,0.988386252522375,0.997790986299625,0.965111715346125,weekly,weighted,0.0,region_07
2021-10-02,7,B.1.617.2,0.9937693369694872,0.9984291470965385,0.9832861064339744,weekly,weighted,0.0,region_07
2021-10-09,7,B.1.617.2,0.9924854660355404,0.9975459068213514,0.9822436015345946,weekly,weighted,0.0,region_07
2021-10-16,7,B.1.617.2,0.9885114315271428,0.9974851507645455,0.967084000636883,weekly,weighted,0.0,region_07
2021-10-23,7,B.1.617.2,0.9841038139657333,0.9947864445054667,0.9633302497862667,weekly,weighted,0.0,region_07
2021-10-30,7,B.1.617.2,0.9946763881050666,0.9983455499010667,0.9871139621730667,weekly,weighted,0.0,region_07
2021-11-06,7,B.1.617.2,0.9876556865375999,0.9963364760081334,0.9698470767335999,weekly,weighted,0.0,region_07
2021-11-13,7,B.1.617.2,0.9836256608767566,0.9963660538199999,0.9540623668074325,weekly,weighted,0.0,region_07
2021-11-20,7,B.1.617.2,0.9789492798521127,0.9932611215280283,0.9510370358615493,weekly,weighted,0.0,region_07
2021-11-27,7,B.1.617.2,0.9882919580648484,0.9969346306542425,0.969466229279697,weekly,weighted,0.0,region_07
2021-12-04,7,B.1.617.2,0.9958351130283334,0.9993140374622222,0.9864549123570833,weekly,weighted,0.0,region_07
2021-12-11,7,B.1.617.2,0.9876882915991176,0.9955957058595587,0.9728826801561764,weekly,weighted,0.0,region_07
2021-12-18,7,B.1.617.2,0.8860257319045713,0.9396247940405715,0.8093974632877143,weekly,weighted,0.0,region_07
2021-12-25,7,B.1.617.2,0.6162220904794203,0.680996439595942,0.5481740884159421,weekly,weighted,0.0,region_07
2022-01-01,7,B.1.617.2,0.2986980089369118,0.3834452690445588,0.2230035656077941,weekly,weighted,0.0,region_07
2022-01-08,7,B.1.617.2,0.10232623210626865,0.1491996674835821,0.06623091070462686,weekly,weighted,0.0,region_07
2022-01-15,7,B.1.617.2,0.034128182708636365,0.05482116454424242,0.01964276035621212,weekly,weighted,0.0,region_07
2022-01-22,7,B.1.617.2,0.027714874736666666,0.041859302556666665,0.017347090539242424,weekly,weighted,0.0,region_07
2022-01-29,7,B.1.617.2,0.00794456868609375,0.0136148990140625,0.00420744073875,weekly,weighted,0.0,region_07
2021-07-10,7,B.1.621,0.01398899686,0.0346426554,0.00557772908,weekly,weighted,0.0,region_07
2021-12-25,7,BA.1.1,0.13876230532647058,0.17790937160823528,0.10547025633235295,weekly,weighted,0.0,region_07
2022-01-01,7,BA.1.1,0.29910835886735293,0.36118211290441177,0.24207027125,weekly,weighted,0.0,region_07
2022-01-08,7,BA.1.1,0.47014408777764705,0.5326384323494118,0.408305649372353,weekly,weighted,0.0,region_07
2022-01-15,7,BA.1.1,0.5437150457311765,0.5855947908235294,0.5013549634638236,weekly,weighted,0.0,region_07
2022-01-22,7,BA.1.1,0.592415849952353,0.61857747681,0.5658647856285295,weekly,weighted,0.0,region_07
2022-01-29,7,BA.1.1,0.6823605018514707,0.7144119038297059,0.6489623767482353,weekly,weighted,0.0,region_07
2022-02-05,7,BA.1.1,0.6906711914952941,0.7319056724788235,0.6470603925338235,weekly,weighted,0.0,region_07
2022-02-12,7,BA.1.1,0.7219769544896875,0.7487340867515625,0.6939801331609375,weekly,weighted,0.0,region_07
2022-02-19,7,BA.1.1,0.7121954682994118,0.7522606656829411,0.6694720808191177,weekly,weighted,0.0,region_07
2022-02-26,7,BA.1.1,0.7109418020523529,0.7658723873252942,0.6510030767502941,weekly,weighted,0.0,region_07
2022-03-05,7,BA.1.1,0.6896193290455883,0.7393186898791176,0.6364440374514706,weekly,weighted,0.0,region_07
2022-03-12,7,BA.1.1,0.6193337241815151,0.6888054248066666,0.5459051023833333,weekly,weighted,0.0,region_07
2022-03-19,7,BA.1.1,0.6261167648964705,0.7557746119361765,0.4816866350526471,weekly,weighted,0.0,region_07
2022-03-26,7,BA.1.1,0.5696575238414706,0.645495830212353,0.4912150151588235,weekly,weighted,0.0,region_07
2022-04-02,7,BA.1.1,0.28818328766264706,0.34892181613735296,0.23260389662852943,weekly,weighted,0.0,region_07
2022-04-09,7,BA.1.1,0.09813416289058823,0.13391439090735294,0.06925821479588234,weekly,weighted,0.0,region_07
2022-04-16,7,BA.1.1,0.09494583150636363,0.12883078916545454,0.06752267592757577,weekly,weighted,0.0,region_07
2022-04-23,7,BA.1.1,0.05157080895294117,0.07413279221411764,0.03427931732147059,weekly,weighted,0.0,region_07
2022-04-30,7,BA.1.1,0.03254079731088235,0.04928302797764706,0.02028142715617647,weekly,weighted,0.0,region_07
2022-02-26,7,BA.2,0.051598902047,0.090420346707,0.026048018037999998,weekly,weighted,0.0,region_07
2022-03-05,7,BA.2,0.07119790530017543,0.1166732367454386,0.039477155984912284,weekly,weighted,0.0,region_07
2022-03-12,7,BA.2,0.15598152502118645,0.2255313244916949,0.10111202968915253,weekly,weighted,0.0,region_07
2022-03-19,7,BA.2,0.2543079773225,0.39910532321232145,0.14077478008589286,weekly,weighted,0.0,region_07
2022-03-26,7,BA.2,0.3409571668557895,0.43930825695666664,0.2519551795305263,weekly,weighted,0.0,region_07
2022-04-02,7,BA.2,0.6599647211575471,0.7200328662713208,0.5957219330766038,weekly,weighted,0.0,region_07
2022-04-09,7,BA.2,0.6318520383398182,0.7635406548327273,0.483817002448,weekly,weighted,0.0,region_07
2022-04-16,7,BA.2,0.6999668909446297,0.7615313805916666,0.6324262431379629,weekly,weighted,0.0,region_07
2022-04-23,7,BA.2,0.641836737885098,0.7456166592298039,0.5271595097058824,weekly,weighted,0.0,region_07
2022-04-30,7,BA.2,0.5787139359641177,0.7114302586113727,0.4370663201109804,weekly,weighted,0.0,region_07
2022-05-07,7,BA.2,0.5713730921929412,0.6528785894903922,0.4867611878052941,weekly,weighted,0.0,region_07
2022-05-14,7,BA.2,0.47032369971279997,0.5555633151534,0.38648557305380005,weekly,weighted,0.0,region_07
2022-05-21,7,BA.2,0.3838636347402083,0.43463691448166664,0.33488876496770836,weekly,weighted,0.0,region_07
2022-05-28,7,BA.2,0.2843783123697872,0.3581503020948936,0.21822917936957445,weekly,weighted,0.0,region_07
2022-06-04,7,BA.2,0.2289566501326087,0.26115266266086956,0.198969799215,weekly,weighted,0.0,region_07
2022-06-11,7,BA.2,0.13820915474826087,0.1726155873873913,0.10848072138782609,weekly,weighted,0.0,region_07
2022-06-18,7,BA.2,0.08890478143590909,0.12566360661999998,0.06009925326113636,weekly,weighted,0.0,region_07
2022-06-25,7,BA.2,0.08161942037023255,0.11882991361023255,0.05310270684069768,weekly,weighted,0.0,region_07
2022-07-02,7,BA.2,0.03528233224864865,0.05777887546972973,0.019791226734054056,weekly,weighted,0.0,region_07
2022-07-09,7,BA.2,0.02400329001275,0.03633004874075,0.014988893573250001,weekly,weighted,0.0,region_07
2022-07-16,7,BA.2,0.024431503491219513,0.035627142140731705,0.016008294641219514,weekly,weighted,0.0,region_07
2022-07-23,7,BA.2,0.016439767102857144,0.02784283916857143,0.008832778276857143,weekly,weighted,0.0,region_07
2022-04-09,7,BA.2.12.1,0.269691124559,0.42180994451,0.148971775175,weekly,weighted,0.0,region_07
2022-04-16,7,BA.2.12.1,0.1844243677164151,0.23613664029886794,0.13986333220622643,weekly,weighted,0.0,region_07
2022-04-23,7,BA.2.12.1,0.3020330555030189,0.4020051337637736,0.21431482119358491,weekly,weighted,0.0,region_07
2022-04-30,7,BA.2.12.1,0.38224731328346157,0.5209898564682692,0.2562891113078846,weekly,weighted,0.0,region_07
2022-05-07,7,BA.2.12.1,0.4013954073778431,0.47988110663843137,0.3266737145543137,weekly,weighted,0.0,region_07
2022-05-14,7,BA.2.12.1,0.4844340217114,0.5633015298844,0.406027970314,weekly,weighted,0.0,region_07
2022-05-21,7,BA.2.12.1,0.5838699535453061,0.6469118741093878,0.5187542955485714,weekly,weighted,0.0,region_07
2022-05-28,7,BA.2.12.1,0.6305085103555319,0.68931829422,0.5687267254008511,weekly,weighted,0.0,region_07
2022-06-04,7,BA.2.12.1,0.6061621652711111,0.6419867634777778,0.5694673816362222,weekly,weighted,0.0,region_07
2022-06-11,7,BA.2.12.1,0.5441251722254545,0.6170064508913636,0.46989611536318177,weekly,weighted,0.0,region_07
2022-06-18,7,BA.2.12.1,0.4835329325428571,0.574116644404762,0.3937134685964286,weekly,weighted,0.0,region_07
2022-06-25,7,BA.2.12.1,0.32218122414568184,0.3866423029790909,0.2623431801118182,weekly,weighted,0.0,region_07
2022-07-02,7,BA.2.12.1,0.24931674779813956,0.2956854811927907,0.2069356067244186,weekly,weighted,0.0,region_07
2022-07-09,7,BA.2.12.1,0.16884478713785714,0.2153248673392857,0.12894319654190478,weekly,weighted,0.0,region_07
2022-07-16,7,BA.2.12.1,0.08227655527756098,0.10048617895073171,0.06643975426170731,weekly,weighted,0.0,region_07
2022-07-23,7,BA.2.12.1,0.0605306658885,0.079270893522,0.04509109407675,weekly,weighted,0.0,region_07
2022-07-30,7,BA.2.12.1,0.043579195479473684,0.07061959626710528,0.024723482857105263,weekly,weighted,0.0,region_07
2022-08-06,7,BA.2.12.1,0.024874305677391302,0.04437493775956522,0.012355074772608696,weekly,weighted,0.0,region_07
2022-05-28,7,BA.4,0.020043371958510636,0.03426622365531915,0.01062613993106383,weekly,weighted,0.0,region_07
2022-06-04,7,BA.4,0.07020686037,0.10227687690022223,0.04577892911111111,weekly,weighted,0.0,region_07
2022-06-11,7,BA.4,0.08882014064717392,0.1154786004973913,0.06667250734956522,weekly,weighted,0.0,region_07
2022-06-18,7,BA.4,0.1030862790275,0.13506619395181818,0.07663984275045455,weekly,weighted,0.0,region_07
2022-06-25,7,BA.4,0.1608470806544186,0.19048114640790698,0.13419733144534884,weekly,weighted,0.0,region_07
2022-07-02,7,BA.4,0.12062912850232559,0.1533945715706977,0.09269149497465116,weekly,weighted,0.0,region_07
2022-07-09,7,BA.4,0.1488836609892857,0.17575322091619047,0.12488192160285715,weekly,weighted,0.0,region_07
2022-07-16,7,BA.4,0.11658858507878049,0.16615857220219513,0.07760876162756097,weekly,weighted,0.0,region_07
2022-07-23,7,BA.4,0.09115147125100001,0.13152658492375,0.059938961173750006,weekly,weighted,0.0,region_07
2022-07-30,7,BA.4,0.10098113668552632,0.15037810135789473,0.06352054014026316,weekly,weighted,0.0,region_07
2022-08-06,7,BA.4,0.07489548965918918,0.09515365515243243,0.057798414315135126,weekly,weighted,0.0,region_07
2022-08-13,7,BA.4,0.06621711317971428,0.08631041858885714,0.04958546842942857,weekly,weighted,0.0,region_07
2022-08-20,7,BA.4,0.041055509341714286,0.058581495604285716,0.027588797520571428,weekly,weighted,0.0,region_07
2022-08-27,7,BA.4,0.029265713056470587,0.04417654981558823,0.018335144693235297,weekly,weighted,0.0,region_07
2022-09-03,7,BA.4,0.03664406428515151,0.05301924727212121,0.024219398076969698,weekly,weighted,0.0,region_07
2022-09-10,7,BA.4,0.03151830462021595,0.04778336735578196,0.019760795030968305,weekly,weighted,,region_07
2022-09-17,7,BA.4,0.026392544955280386,0.042547487439442706,0.015302191984966912,weekly,weighted,,region_07
2022-09-24,7,BA.4,0.021266785290344828,0.03731160752310345,0.010843588938965518,weekly,weighted,0.0,region_07
2022-07-16,7,BA.4.6,0.06807998801971428,0.11849262203485715,0.03454174537714286,weekly,weighted,0.0,region_07
2022-07-23,7,BA.4.6,0.08740328151675675,0.13668524292621623,0.05159216333810811,weekly,weighted,0.0,region_07
2022-07-30,7,BA.4.6,0.099274079501,0.16864804178499998,0.051565906778000006,weekly,weighted,0.0,region_07
2022-08-06,7,BA.4.6,0.08930212964108108,0.15065101916783782,0.04711211281513513,weekly,weighted,0.0,region_07
2022-08-13,7,BA.4.6,0.10196014230647059,0.15958074567970587,0.05984065517382353,weekly,weighted,0.0,region_07
2022-08-20,7,BA.4.6,0.07735952053771429,0.10840338106657144,0.05295474731514286,weekly,weighted,0.0,region_07
2022-08-27,7,BA.4.6,0.1069389548817647,0.15265026820029412,0.07119499979617647,weekly,weighted,0.0,region_07
2022-09-03,7,BA.4.6,0.10441381755242425,0.13773198470939396,0.0768451575530303,weekly,weighted,0.0,region_07
2022-09-10,7,BA.4.6,0.121453782543125,0.1545297047121875,0.0933000892403125,weekly,weighted,0.0,region_07
2022-09-17,7,BA.4.6,0.1216217457283871,0.17126883422193548,0.08235720256677419,weekly,weighted,0.0,region_07
2022-09-24,7,BA.4.6,0.11063200004103448,0.14036876014586205,0.08530551580586207,weekly,weighted,0.0,region_07
2022-10-01,7,BA.4.6,0.10101057486310344,0.13455198396931034,0.07347474272931034,weekly,weighted,0.0,region_07
2022-10-08,7,BA.4.6,0.10069062294678573,0.14186225458928572,0.0683138414425,weekly,weighted,0.0,region_07
2022-10-15,7,BA.4.6,0.12086923365222223,0.1743918414474074,0.07933961075740742,weekly,weighted,0.0,region_07
2022-10-22,7,BA.4.6,0.13076581204192309,0.19312025664000002,0.08282438866307693,weekly,weighted,0.0,region_07
2022-10-29,7,BA.4.6,0.0538250219828,0.0785973021384,0.035080463065999996,weekly,weighted,0.0,region_07
2022-11-05,7,BA.4.6,0.0805404207975,0.11435305823791668,0.05418962488666667,weekly,weighted,0.0,region_07
2022-11-12,7,BA.4.6,0.0713391988928125,0.10797157875895834,0.04443307956364584,weekly,weighted,,region_07
2022-11-19,7,BA.4.6,0.062137976988124996,0.10159009928,0.034676534240625,weekly,weighted,0.0,region_07
2022-11-26,7,BA.4.6,0.06767014396285714,0.10206320775428572,0.042195247398095236,weekly,weighted,0.0,region_07
2022-12-03,7,BA.4.6,0.041586443968,0.0635752579195,0.0255588771775,weekly,weighted,0.0,region_07
2022-12-10,7,BA.4.6,0.02599290331117647,0.044120483977058825,0.013888620882352942,weekly,weighted,0.0,region_07
2022-05-21,7,BA.5,0.022401389044999998,0.03862597824333333,0.011711434538333334,weekly,weighted,0.0,region_07
2022-05-28,7,BA.5,0.05568508099282608,0.08089054003326086,0.03648379931,weekly,weighted,0.0,region_07
2022-06-04,7,BA.5,0.08876020732181818,0.14934992248454546,0.04697905819363637,weekly,weighted,0.0,region_07
2022-06-11,7,BA.5,0.22096614669173914,0.28236195704130435,0.16763949880130435,weekly,weighted,0.0,region_07
2022-06-18,7,BA.5,0.3015682485373333,0.3719630863931111,0.23762170374355557,weekly,weighted,0.0,region_07
2022-06-25,7,BA.5,0.40939144857863635,0.44734506105977273,0.37223188172590904,weekly,weighted,0.0,region_07
2022-07-02,7,BA.5,0.5196083322880952,0.5644888352783334,0.4745102808588095,weekly,weighted,0.0,region_07
2022-07-09,7,BA.5,0.5899114722295238,0.62276497909,0.5564450068133333,weekly,weighted,0.0,region_07
2022-07-16,7,BA.5,0.70802622437575,0.74290803372775,0.67112568616825,weekly,weighted,0.0,region_07
2022-07-23,7,BA.5,0.7449488517571795,0.7890029595448718,0.6968363981982052,weekly,weighted,0.0,region_07
2022-07-30,7,BA.5,0.7471192275221054,0.7760809957978947,0.7164241608821053,weekly,weighted,0.0,region_07
2022-08-06,7,BA.5,0.799279955594054,0.8572627579851352,0.7302547097205405,weekly,weighted,0.0,region_07
2022-08-13,7,BA.5,0.8223055881605882,0.8658290803432352,0.7715559233632353,weekly,weighted,0.0,region_07
2022-08-20,7,BA.5,0.8662751640594286,0.8975111586700001,0.8296432546205714,weekly,weighted,0.0,region_07
2022-08-27,7,BA.5,0.8470391841497059,0.8892282107297058,0.7961852445332352,weekly,weighted,0.0,region_07
2022-09-03,7,BA.5,0.843145928600303,0.8828273704557575,0.7963010470072728,weekly,weighted,0.0,region_07
2022-09-10,7,BA.5,0.8531030900775,0.8821676876403125,0.819987734780625,weekly,weighted,0.0,region_07
2022-09-17,7,BA.5,0.8247689835490323,0.8616635337951614,0.7824511835651613,weekly,weighted,0.0,region_07
2022-09-24,7,BA.5,0.8211270868778572,0.8528668646296429,0.7857399306128572,weekly,weighted,0.0,region_07
2022-10-01,7,BA.5,0.8556640559231035,0.9002690685217242,0.8005897217789656,weekly,weighted,0.0,region_07
2022-10-08,7,BA.5,0.8308324728692857,0.8722827775135714,0.7823474087871428,weekly,weighted,0.0,region_07
2022-10-15,7,BA.5,0.7833950232577778,0.8378779667399999,0.7202025850614815,weekly,weighted,0.0,region_07
2022-10-22,7,BA.5,0.7010961914056,0.7486956524848,0.6500311136256001,weekly,weighted,0.0,region_07
2022-10-29,7,BA.5,0.7720375657076001,0.8194159555448001,0.7188130164152,weekly,weighted,0.0,region_07
2022-11-05,7,BA.5,0.6735716909179167,0.7226134513816667,0.6215112557025,weekly,weighted,0.0,region_07
2022-11-12,7,BA.5,0.6024301000265218,0.7040738852126087,0.49368609293521737,weekly,weighted,0.0,region_07
2022-11-19,7,BA.5,0.5219038084145,0.605229184031,0.43766661435299997,weekly,weighted,0.0,region_07
2022-11-26,7,BA.5,0.48761906368380953,0.5542528827990476,0.42130608359952376,weekly,weighted,0.0,region_07
2022-12-03,7,BA.5,0.3880046542192857,0.5148697410307143,0.27143219539,weekly,weighted,0.0,region_07
2022-12-10,7,BA.5,0.34746432304473684,0.391986249308421,0.3048895299431579,weekly,weighted,0.0,region_07
2022-12-17,7,BA.5,0.268111368640625,0.38844230026,0.168849093839375,weekly,weighted,0.0,region_07
2022-12-24,7,BA.5,0.21372233418941175,0.2896735370164706,0.15048348816,weekly,weighted,0.0,region_07
2022-12-31,7,BA.5,0.2052822845675,0.3152422631783333,0.12035045027833334,weekly,weighted,0.0,region_07
2023-01-07,7,BA.5,0.18681536714333333,0.234704996148,0.14518515914666666,weekly,weighted,0.0,region_07
2023-01-14,7,BA.5,0.17724765034846154,0.2731787287253846,0.10453880004999999,weekly,weighted,0.0,region_07
2023-01-21,7,BA.5,0.106534235925,0.168312786519,0.061558903379999995,weekly,weighted,0.0,region_07
2023-01-28,7,BA.5,0.10498268902363636,0.18150021000363636,0.05293436246909091,weekly,weighted,0.0,region_07
2023-02-04,7,BA.5,0.046774172037,0.076854204387,0.025989963673,weekly,weighted,0.0,region_07
2023-02-11,7,BA.5,0.03721186705,0.06245389171,0.020136118866,weekly,weighted,0.0,region_07
2022-12-10,7,BA.5.2.6,0.021145250275,0.036409407109,0.01107749287,weekly,weighted,0.0,region_07
2022-12-17,7,BF.11,0.01968088746,0.0350030092525,0.0098391808575,weekly,weighted,0.0,region_07
2022-09-17,7,BF.7,0.027832719683666667,0.043294351175,0.01675492897666667,weekly,weighted,0.0,region_07
2022-09-24,7,BF.7,0.03186302334077778,0.05091468902916667,0.018489733493611115,weekly,weighted,,region_07
2022-10-01,7,BF.7,0.035893326997888886,0.058535026883333334,0.020224538010555557,weekly,weighted,,region_07
2022-10-08,7,BF.7,0.039923630655,0.0661553647375,0.021959342527500002,weekly,weighted,0.0,region_07
2022-10-15,7,BF.7,0.036983319306363636,0.06210216100818182,0.01999044011909091,weekly,weighted,0.0,region_07
2022-10-22,7,BF.7,0.06502846399153847,0.09688737673230768,0.04120303711807693,weekly,weighted,0.0,region_07
2022-10-29,7,BF.7,0.031468817777,0.054107056559,0.016459105536999998,weekly,weighted,0.0,region_07
2022-11-05,7,BF.7,0.058977246128333334,0.08949686400625001,0.03650395587791667,weekly,weighted,0.0,region_07
2022-11-12,7,BF.7,0.05824300206545455,0.09038258208454546,0.03495770337181819,weekly,weighted,0.0,region_07
2022-11-19,7,BF.7,0.08371343971681817,0.1251728324731818,0.052726968107272724,weekly,weighted,0.0,region_07
2022-11-26,7,BF.7,0.0688736056905,0.1017298284915,0.0440619938075,weekly,weighted,0.0,region_07
2022-12-03,7,BF.7,0.10971745393222222,0.1861445804438889,0.05697436009833333,weekly,weighted,0.0,region_07
2022-12-10,7,BF.7,0.08213292062250001,0.11999893250416667,0.05327185088,weekly,weighted,0.0,region_07
2022-12-17,7,BF.7,0.07550510997,0.1095602656725,0.049472481943125,weekly,weighted,0.0,region_07
2022-12-24,7,BF.7,0.037659266729375,0.062699284171875,0.02059957664375,weekly,weighted,0.0,region_07
2022-12-31,7,BF.7,0.03826461215147321,0.06397653253058036,0.020804812798660713,weekly,weighted,,region_07
2023-01-07,7,BF.7,0.03886995757357143,0.06525378088928571,0.021010048953571427,weekly,weighted,0.0,region_07
2022-11-19,7,BN.1,0.03366558865857143,0.055533917887857144,0.018693702960714285,weekly,weighted,0.0,region_07
2022-11-26,7,BN.1,0.026943230334285716,0.04554471666392857,0.014485532750357143,weekly,weighted,,region_07
2022-12-03,7,BN.1,0.02022087201,0.03555551544,0.01027736254,weekly,weighted,0.0,region_07
2022-12-10,7,BN.1,0.043199881166,0.07601490169700001,0.021745094842,weekly,weighted,0.0,region_07
2022-12-17,7,BN.1,0.022616051323,0.038505998998,0.012032280676,weekly,weighted,0.0,region_07
2022-12-24,7,BN.1,0.04802048555625,0.075292173773125,0.02848752413375,weekly,weighted,0.0,region_07
2022-12-31,7,BN.1,0.067335534095,0.11553755402600001,0.034876672552,weekly,weighted,0.0,region_07
2023-01-07,7,BN.1,0.05999909740571429,0.09245071028,0.03646425836357143,weekly,weighted,0.0,region_07
2023-01-14,7,BN.1,0.05831041903384615,0.09314134373,0.03366526560153846,weekly,weighted,0.0,region_07
2022-10-29,7,BQ.1,0.053641954809200004,0.0784123706812,0.0349010707432,weekly,weighted,0.0,region_07
2022-11-05,7,BQ.1,0.053372416273,0.091675129533,0.027747554517,weekly,weighted,0.0,region_07
2022-11-12,7,BQ.1,0.09295372859391306,0.12866904359782608,0.06449994930782608,weekly,weighted,0.0,region_07
2022-11-19,7,BQ.1,0.12884384596863635,0.16590979018,0.09749910743318183,weekly,weighted,0.0,region_07
2022-11-26,7,BQ.1,0.13216936836714285,0.20410029661047618,0.0784935167152381,weekly,weighted,0.0,region_07
2022-12-03,7,BQ.1,0.173867698013,0.21140104383249997,0.1405429512275,weekly,weighted,0.0,region_07
2022-12-10,7,BQ.1,0.1964102395268421,0.28863877214736844,0.12348359627105263,weekly,weighted,0.0,region_07
2022-12-17,7,BQ.1,0.2077320507827778,0.2823427998361111,0.14556955132333335,weekly,weighted,0.0,region_07
2022-12-24,7,BQ.1,0.22363045724,0.2710811723682353,0.18100224260058823,weekly,weighted,0.0,region_07
2022-12-31,7,BQ.1,0.161938443779375,0.23004604410375,0.10751811042312501,weekly,weighted,0.0,region_07
2023-01-07,7,BQ.1,0.13470283044285716,0.18750504936357143,0.09224317435714287,weekly,weighted,0.0,region_07
2023-01-14,7,BQ.1,0.189392554975,0.25693969641285713,0.1334575143242857,weekly,weighted,0.0,region_07
2023-01-21,7,BQ.1,0.1813024488769231,0.2326435526976923,0.13716789506923077,weekly,weighted,0.0,region_07
2023-01-28,7,BQ.1,0.12445152054166668,0.17049175004249997,0.08715641684833332,weekly,weighted,0.0,region_07
2023-02-04,7,BQ.1,0.10144104469818181,0.15888686613454545,0.059589916671818184,weekly,weighted,0.0,region_07
2023-02-11,7,BQ.1,0.065809347479,0.097391736507,0.042139924317,weekly,weighted,0.0,region_07
2022-10-29,7,BQ.1.1,0.038372779885416666,0.06420106502958334,0.020870033806249997,weekly,weighted,0.0,region_07
2022-11-05,7,BQ.1.1,0.0685259212425,0.10140447101291666,0.043935355574583335,weekly,weighted,0.0,region_07
2022-11-12,7,BQ.1.1,0.08916405458695652,0.14035585133869563,0.052111841900000004,weekly,weighted,0.0,region_07
2022-11-19,7,BQ.1.1,0.119605578485,0.21221502125500002,0.057394478469999996,weekly,weighted,0.0,region_07
2022-11-26,7,BQ.1.1,0.17002711267666668,0.23698850472714286,0.11562419824666667,weekly,weighted,0.0,region_07
2022-12-03,7,BQ.1.1,0.22134553715549998,0.299533247949,0.155769988894,weekly,weighted,0.0,region_07
2022-12-10,7,BQ.1.1,0.23448254403263158,0.2834016696410526,0.19035456917894736,weekly,weighted,0.0,region_07
2022-12-17,7,BQ.1.1,0.3436768187411111,0.43303749793055557,0.2623466344338889,weekly,weighted,0.0,region_07
2022-12-24,7,BQ.1.1,0.36015163624941177,0.41423499934647057,0.3086240537035294,weekly,weighted,0.0,region_07
2022-12-31,7,BQ.1.1,0.4552905485025,0.522423919290625,0.38931433111374997,weekly,weighted,0.0,region_07
2023-01-07,7,BQ.1.1,0.4247146674571428,0.5090835903378571,0.34350102501214286,weekly,weighted,0.0,region_07
2023-01-14,7,BQ.1.1,0.33845664560785715,0.4560856031528572,0.2339079465185714,weekly,weighted,0.0,region_07
2023-01-21,7,BQ.1.1,0.37232255438833334,0.43333529432583334,0.31417721013333333,weekly,weighted,0.0,region_07
2023-01-28,7,BQ.1.1,0.3133190746116667,0.37425709515833333,0.25701997056666664,weekly,weighted,0.0,region_07
2023-02-04,7,BQ.1.1,0.25530036471181816,0.3162254501463636,0.2007251937272727,weekly,weighted,0.0,region_07
2023-02-11,7,BQ.1.1,0.136010529102,0.175886493922,0.10229109898199999,weekly,weighted,0.0,region_07
2023-02-18,7,BQ.1.1,0.1213623318411111,0.15901266204111109,0.08991509676000001,weekly,weighted,0.0,region_07
2023-02-25,7,BQ.1.1,0.10427916795,0.18252277374,0.05155775696,weekly,weighted,0.0,region_07
2023-03-04,7,BQ.1.1,0.12077640990333333,0.21041355282166666,0.05967022664833333,weekly,weighted,0.0,region_07
2023-03-11,7,BQ.1.1,0.037184778599999996,0.06632472202,0.018383205865000002,weekly,weighted,0.0,region_07
2023-07-08,7,EG.5,0.15581481315657894,0.25806016161263157,0.0823121761018421,biweekly,weighted,0.0,region_07
2023-07-15,7,EG.5,0.17396277722036263,0.27863880480692554,0.0964884246257991,biweekly,weighted,,region_07
2023-07-22,7,EG.5,0.19211074128414635,0.2992174480012195,0.1106646731497561,biweekly,weighted,0.0,region_07
2023-07-29,7,EG.5,0.19408218487536266,0.3033487567235045,0.11106709037948331,biweekly,weighted,,region_07
2023-08-05,7,EG.5,0.19605362846657895,0.3074800654457895,0.11146950760921052,biweekly,weighted,0.0,region_07
2023-08-12,7,EG.5,0.1749668197544006,0.25560682751433916,0.11184379949904971,biweekly,weighted,,region_07
2023-08-19,7,EG.5,0.15388001104222224,0.2037335895828889,0.11221809138888889,biweekly,weighted,0.0,region_07
2023-08-26,7,EG.5,0.16207225743781567,0.22531373328826265,0.11093144514512626,biweekly,weighted,,region_07
2023-09-02,7,EG.5,0.17026450383340908,0.24689387699363638,0.10964479890136364,biweekly,weighted,0.0,region_07
2023-09-09,7,EG.5,0.18101910546182082,0.24540180823530655,0.12811397009149578,biweekly,weighted,,region_07
2023-09-16,7,EG.5,0.19177370709023256,0.24390973947697672,0.1465831412816279,biweekly,weighted,0.0,region_07
2023-09-23,7,EG.5,0.2359858748407115,0.31289587142622644,0.16968690123283775,biweekly,weighted,,region_07
2023-09-30,7,EG.5,0.28019804259119047,0.3818820033754762,0.1927906611840476,biweekly,weighted,0.0,region_07
2023-10-07,7,EG.5,0.26825901629997023,0.3778887076568631,0.17682729726202379,biweekly,weighted,,region_07
2023-10-14,7,EG.5,0.25631999000875,0.37389541193825,0.16086393334,biweekly,weighted,0.0,region_07
2023-10-21,7,EG.5,0.24085312411162502,0.33324935361737495,0.16424977351025,biweekly,weighted,,region_07
2023-10-28,7,EG.5,0.2253862582145,0.2926032952965,0.1676356136805,biweekly,weighted,0.0,region_07
2023-11-04,7,EG.5,0.19047008587796427,0.2725897955575357,0.12623560609525,biweekly,weighted,,region_07
2023-11-11,7,EG.5,0.15555391354142856,0.25257629581857144,0.08483559851,biweekly,weighted,0.0,region_07
2023-11-18,7,EG.5,0.15397059177926692,0.24443412549718047,0.08759412589526316,biweekly,weighted,,region_07
2023-11-25,7,EG.5,0.15238727001710525,0.23629195517578946,0.09035265328052632,biweekly,weighted,0.0,region_07
2023-12-02,7,EG.5,0.13563956620706613,0.21345942493951636,0.07871192609715505,biweekly,weighted,,region_07
2023-12-09,7,EG.5,0.11889186239702704,0.19062689470324326,0.06707119891378378,biweekly,weighted,0.0,region_07
2023-12-16,7,EG.5,0.1150115853950413,0.17873508951884384,0.06805800957675301,biweekly,weighted,,region_07
2023-12-23,7,EG.5,0.11113130839305556,0.16684328433444442,0.06904482023972222,biweekly,weighted,0.0,region_07
2023-12-30,7,EG.5,0.08573072624838493,0.1336833102829365,0.05089324607328968,biweekly,weighted,,region_07
2024-01-06,7,EG.5,0.06033014410371429,0.10052333623142858,0.03274167190685714,biweekly,weighted,0.0,region_07
2023-10-14,7,FL.1.5.1,0.0999188609425,0.1729646623125,0.050384417175,biweekly,weighted,0.0,region_07
2023-10-21,7,FL.1.5.1,0.10381368028830358,0.178713394594375,0.052735640001607145,biweekly,weighted,,region_07
2023-10-28,7,FL.1.5.1,0.10770849963410714,0.18446212687625002,0.05508686282821429,biweekly,weighted,,region_07
2023-11-04,7,FL.1.5.1,0.11160331897991072,0.19021085915812502,0.057438085654821426,biweekly,weighted,,region_07
2023-11-11,7,FL.1.5.1,0.11549813832571429,0.19595959144000002,0.05978930848142857,biweekly,weighted,0.0,region_07
2023-11-18,7,FL.1.5.1,0.09909990323285714,0.16902203290166667,0.05114435892404762,biweekly,weighted,,region_07
2023-11-25,7,FL.1.5.1,0.08270166814,0.14208447436333332,0.042499409366666664,biweekly,weighted,0.0,region_07
2023-12-02,7,FL.1.5.1,0.065681882077,0.11267378280466667,0.033998044083,biweekly,weighted,,region_07
2023-12-09,7,FL.1.5.1,0.048662096014,0.083263091246,0.025496678799333334,biweekly,weighted,0.0,region_07
2023-09-16,7,HF.1,0.049226868100238096,0.08172738161809524,0.02693379949833333,biweekly,weighted,0.0,region_07
2023-09-23,7,HF.1,0.05096671926517857,0.08617968797419644,0.027162263403124998,biweekly,weighted,,region_07
2023-09-30,7,HF.1,0.052706570430119046,0.09063199433029762,0.027390727307916668,biweekly,weighted,,region_07
2023-10-07,7,HF.1,0.054446421595059524,0.09508430068639881,0.027619191212708335,biweekly,weighted,,region_07
2023-10-14,7,HF.1,0.056186272759999996,0.0995366070425,0.0278476551175,biweekly,weighted,0.0,region_07
2023-10-21,7,HF.1,0.05333493515592391,0.09424054135783967,0.02656092277080163,biweekly,weighted,,region_07
2023-10-28,7,HF.1,0.05048359755184782,0.08894447567317935,0.02527419042410326,biweekly,weighted,,region_07
2023-11-04,7,HF.1,0.04763225994777174,0.08364840998851902,0.02398745807740489,biweekly,weighted,,region_07
2023-11-11,7,HF.1,0.044780922343695656,0.0783523443038587,0.02270072573070652,biweekly,weighted,,region_07
2023-11-18,7,HF.1,0.041929584739619566,0.07305627861919838,0.021413993384008154,biweekly,weighted,,region_07
2023-11-25,7,HF.1,0.03907824713554348,0.06776021293453804,0.020127261037309784,biweekly,weighted,,region_07
2023-12-02,7,HF.1,0.03622690953146739,0.06246414724987772,0.018840528690611414,biweekly,weighted,,region_07
2023-12-09,7,HF.1,0.03337557192739131,0.057168081565217396,0.017553796343913044,biweekly,weighted,0.0,region_07
2023-11-25,7,HK.3,0.07057413541777777,0.12040910207666666,0.036803010850000005,biweekly,weighted,0.0,region_07
2023-12-02,7,HK.3,0.06589528794197619,0.11153974813442857,0.03483841127785715,biweekly,weighted,,region_07
2023-12-09,7,HK.3,0.061216440466174596,0.10267039419219047,0.03287381170571429,biweekly,weighted,,region_07
2023-12-16,7,HK.3,0.05653759299037301,0.09380104024995237,0.030909212133571427,biweekly,weighted,,region_07
2023-12-23,7,HK.3,0.051858745514571425,0.08493168630771428,0.02894461256142857,biweekly,weighted,0.0,region_07
2023-09-02,7,HV.1,0.050165517255750004,0.08058475144300001,0.02877297773925,biweekly,weighted,0.0,region_07
2023-09-09,7,HV.1,0.08150624988461919,0.13014451005033723,0.046595974941950585,biweekly,weighted,,region_07
2023-09-16,7,HV.1,0.11284698251348836,0.17970426865767442,0.06441897214465117,biweekly,weighted,0.0,region_07
2023-09-23,7,HV.1,0.12102495988829179,0.18889687985062292,0.07103796466625416,biweekly,weighted,,region_07
2023-09-30,7,HV.1,0.12920293726309523,0.1980894910435714,0.07765695718785715,biweekly,weighted,0.0,region_07
2023-10-07,7,HV.1,0.16654694428423056,0.24000358822971252,0.10860623288819687,biweekly,weighted,,region_07
2023-10-14,7,HV.1,0.20389095130536586,0.28191768541585366,0.1395555085885366,biweekly,weighted,0.0,region_07
2023-10-21,7,HV.1,0.21173769066242182,0.28700638890471075,0.14890966933319733,biweekly,weighted,,region_07
2023-10-28,7,HV.1,0.2195844300194778,0.29209509239356785,0.15826383007785805,biweekly,weighted,,region_07
2023-11-04,7,HV.1,0.2274311693765338,0.29718379588242494,0.16761799082251877,biweekly,weighted,,region_07
2023-11-11,7,HV.1,0.23527790873358975,0.30227249937128203,0.1769721515671795,biweekly,weighted,0.0,region_07
2023-11-18,7,HV.1,0.2010369580860054,0.25577530930485154,0.15344306198161606,biweekly,weighted,,region_07
2023-11-25,7,HV.1,0.16679600743842107,0.20927811923842105,0.12991397239605265,biweekly,weighted,0.0,region_07
2023-12-02,7,HV.1,0.18584290799664296,0.26247881174867,0.12510774514045875,biweekly,weighted,,region_07
2023-12-09,7,HV.1,0.20488980855486486,0.31567950425891894,0.12030151788486487,biweekly,weighted,0.0,region_07
2023-12-16,7,HV.1,0.19256202891090465,0.29608263759987613,0.11340136480368243,biweekly,weighted,,region_07
2023-12-23,7,HV.1,0.18023424926694445,0.2764857709408333,0.10650121172249999,biweekly,weighted,0.0,region_07
2023-12-30,7,HV.1,0.14644909551298835,0.23085915345331987,0.08389110961334677,biweekly,weighted,,region_07
2024-01-06,7,HV.1,0.11266394175903226,0.18523253596580644,0.06128100750419355,biweekly,weighted,0.0,region_07
2024-01-13,7,HV.1,0.07780081141951613,0.13085896197290323,0.041250232967096775,biweekly,weighted,,region_07
2024-01-20,7,HV.1,0.04293768108,0.07648538798,0.02121945843,biweekly,weighted,0.0,region_07
2023-12-23,7,JD.1.1,0.042573476209999996,0.07541367721916667,0.021221591780000004,biweekly,weighted,0.0,region_07
2023-12-09,7,JN.1,0.1807024561688889,0.30311240586944443,0.09238929467055555,biweekly,weighted,0.0,region_07
2023-12-16,7,JN.1,0.25244687911512625,0.3927290828694949,0.14159327658891413,biweekly,weighted,,region_07
2023-12-23,7,JN.1,0.32419130206136365,0.4823457598695455,0.19079725850727272,biweekly,weighted,0.0,region_07
2023-12-30,7,JN.1,0.4592218352216818,0.5841421893672013,0.3441486704659221,biweekly,weighted,,region_07
2024-01-06,7,JN.1,0.594252368382,0.6859386188648571,0.49750008242457144,biweekly,weighted,0.0,region_07
2024-01-13,7,JN.1,0.6613475504376667,0.7607914906174285,0.5477935307079524,biweekly,weighted,,region_07
2024-01-20,7,JN.1,0.7284427324933334,0.83564436237,0.5980869789913333,biweekly,weighted,0.0,region_07
2024-01-27,7,JN.1,0.8105571587891667,0.88922759791,0.7092788795631666,biweekly,weighted,,region_07
2024-02-03,7,JN.1,0.892671585085,0.94281083345,0.820470780135,biweekly,weighted,0.0,region_07
2024-02-10,7,JN.1,0.8182144982204032,0.8883925311006452,0.7276865902452418,biweekly,weighted,,region_07
2024-02-17,7,JN.1,0.7437574113558064,0.8339742287512903,0.6349024003554838,biweekly,weighted,0.0,region_07
2024-02-24,7,JN.1,0.7414327000654032,0.8196255385637702,0.6491086545489919,biweekly,weighted,,region_07
2024-03-02,7,JN.1,0.739107988775,0.80527684837625,0.6633149087425,biweekly,weighted,0.0,region_07
2024-03-09,7,JN.1,0.6866893633428448,0.7579474912896768,0.6077412485045258,biweekly,weighted,,region_07
2024-03-16,7,JN.1,0.6342707379106897,0.7106181342031035,0.5521675882665517,biweekly,weighted,0.0,region_07
2024-03-23,7,JN.1,0.6387423844856781,0.7247724750948851,0.5452342062162758,biweekly,weighted,,region_07
2024-03-30,7,JN.1,0.6432140310606667,0.7389268159866667,0.5383008241660001,biweekly,weighted,0.0,region_07
2024-04-06,7,JN.1,0.6296993831793334,0.7317601621143333,0.5181666195400001,biweekly,weighted,,region_07
2024-04-13,7,JN.1,0.616184735298,0.724593508242,0.498032414914,biweekly,weighted,0.0,region_07
2024-04-20,7,JN.1,0.5304240209356667,0.6472831125048333,0.413241127755,biweekly,weighted,,region_07
2024-04-27,7,JN.1,0.4446633065733333,0.5699727167676667,0.328449840596,biweekly,weighted,,region_07
2024-05-04,7,JN.1,0.358902592211,0.4926623210305,0.24365855343700002,biweekly,weighted,,region_07
2024-05-11,7,JN.1,0.27314187784866667,0.41535192529333337,0.158867266278,biweekly,weighted,0.0,region_07
2024-05-18,7,JN.1,0.2577102546334375,0.39227593247750003,0.149769754615,biweekly,weighted,,region_07
2024-05-25,7,JN.1,0.24227863141820832,0.3691999396616667,0.14067224295199998,biweekly,weighted,,region_07
2024-06-01,7,JN.1,0.22684700820297918,0.34612394684583336,0.131574731289,biweekly,weighted,,region_07
2024-06-08,7,JN.1,0.21141538498775,0.32304795403000003,0.122477219626,biweekly,weighted,,region_07
2024-06-15,7,JN.1,0.19598376177252083,0.2999719612141667,0.113379707963,biweekly,weighted,,region_07
2024-06-22,7,JN.1,0.18055213855729169,0.27689596839833336,0.10428219629999999,biweekly,weighted,,region_07
2024-06-29,7,JN.1,0.1651205153420625,0.2538199755825,0.095184684637,biweekly,weighted,,region_07
2024-07-06,7,JN.1,0.14968889212683334,0.2307439827666667,0.086087172974,biweekly,weighted,,region_07
2024-07-13,7,JN.1,0.13425726891160417,0.20766798995083335,0.07698966131099999,biweekly,weighted,,region_07
2024-07-20,7,JN.1,0.118825645696375,0.18459199713500002,0.067892149648,biweekly,weighted,,region_07
2024-07-27,7,JN.1,0.10339402248114585,0.16151600431916668,0.058794637984999995,biweekly,weighted,,region_07
2024-08-03,7,JN.1,0.08796239926591667,0.13844001150333335,0.049697126322,biweekly,weighted,,region_07
2024-08-10,7,JN.1,0.0725307760506875,0.11536401868750001,0.040599614659,biweekly,weighted,,region_07
2024-08-17,7,JN.1,0.05709915283545834,0.09228802587166668,0.031502102995999995,biweekly,weighted,,region_07
2024-08-24,7,JN.1,0.041667529620229175,0.06921203305583334,0.022404591332999997,biweekly,weighted,,region_07
2024-08-31,7,JN.1,0.026235906405000002,0.046136040239999995,0.01330707967,biweekly,weighted,0.0,region_07
2024-03-16,7,JN.1.7,0.08692207160785714,0.14278573808964284,0.04771959967928572,biweekly,weighted,0.0,region_07
2024-03-02,7,JN.1.8.1,0.10766154900142857,0.1769130905832143,0.0587464984775,biweekly,weighted,0.0,region_07
2024-03-09,7,JN.1.8.1,0.10944135999300596,0.1757706266701488,0.061768758388541664,biweekly,weighted,,region_07
2024-03-16,7,JN.1.8.1,0.11122117098458334,0.17462816275708334,0.06479101829958334,biweekly,weighted,0.0,region_07
2024-08-03,7,KP.1.1.3,0.0470021631575,0.075329526887,0.027047285437000003,biweekly,weighted,0.0,region_07
2024-08-10,7,KP.1.1.3,0.0429156665225,0.069777219975875,0.024250200553375,biweekly,weighted,,region_07
2024-08-17,7,KP.1.1.3,0.0388291698875,0.06422491306475,0.02145311566975,biweekly,weighted,,region_07
2024-08-24,7,KP.1.1.3,0.0347426732525,0.058672606153625004,0.018656030786125002,biweekly,weighted,,region_07
2024-08-31,7,KP.1.1.3,0.0306561766175,0.0531202992425,0.0158589459025,biweekly,weighted,0.0,region_07
2024-06-22,7,KP.2,0.147612262515,0.2581125572325,0.07151790149250001,biweekly,weighted,0.0,region_07
2024-06-29,7,KP.2,0.12944200027220237,0.2232161282250893,0.06453681136068454,biweekly,weighted,,region_07
2024-07-06,7,KP.2,0.11127173802940477,0.18831969921767858,0.05755572122886905,biweekly,weighted,,region_07
2024-07-13,7,KP.2,0.09310147578660714,0.15342327021026786,0.050574631097053575,biweekly,weighted,,region_07
2024-07-20,7,KP.2,0.07493121354380952,0.11852684120285716,0.0435935409652381,biweekly,weighted,0.0,region_07
2024-07-27,7,KP.2,0.07195394399493386,0.11373951230849208,0.0419347378765873,biweekly,weighted,,region_07
2024-08-03,7,KP.2,0.06897667444605819,0.10895218341412699,0.04027593478793651,biweekly,weighted,,region_07
2024-08-10,7,KP.2,0.06599940489718253,0.1041648545197619,0.03861713169928571,biweekly,weighted,,region_07
2024-08-17,7,KP.2,0.06302213534830688,0.09937752562539683,0.03695832861063492,biweekly,weighted,,region_07
2024-08-24,7,KP.2,0.06004486579943121,0.09459019673103175,0.03529952552198413,biweekly,weighted,,region_07
2024-08-31,7,KP.2,0.05706759625055555,0.08980286783666666,0.03364072243333333,biweekly,weighted,0.0,region_07
2024-06-22,7,KP.2.3,0.18752791732750002,0.3136540874825,0.0960016679,biweekly,weighted,0.0,region_07
2024-06-29,7,KP.2.3,0.17637383485633928,0.2851044971134226,0.09640418491869047,biweekly,weighted,,region_07
2024-07-06,7,KP.2.3,0.16521975238517858,0.2565549067443452,0.09680670193738095,biweekly,weighted,,region_07
2024-07-13,7,KP.2.3,0.15406566991401788,0.22800531637526789,0.09720921895607143,biweekly,weighted,,region_07
2024-07-20,7,KP.2.3,0.14291158744285715,0.1994557260061905,0.0976117359747619,biweekly,weighted,0.0,region_07
2024-07-27,7,KP.2.3,0.1589402842614286,0.24707689526587304,0.09338864222904761,biweekly,weighted,,region_07
2024-08-03,7,KP.2.3,0.17496898108,0.2946980645255556,0.08916554848333333,biweekly,weighted,0.0,region_07
2024-08-10,7,KP.2.3,0.163282522228,0.27139215171311115,0.08549652124466667,biweekly,weighted,,region_07
2024-08-17,7,KP.2.3,0.151596063376,0.24808623890066667,0.08182749400599999,biweekly,weighted,0.0,region_07
2024-08-24,7,KP.2.3,0.14271509514911113,0.22324649534283333,0.08303073814383333,biweekly,weighted,,region_07
2024-08-31,7,KP.2.3,0.1338341269222222,0.198406751785,0.08423398228166666,biweekly,weighted,0.0,region_07
2024-09-07,7,KP.2.3,0.11836487365208333,0.17649611535791668,0.07405331055645833,biweekly,weighted,,region_07
2024-09-14,7,KP.2.3,0.10289562038194444,0.15458547893083333,0.06387263883125,biweekly,weighted,,region_07
2024-09-21,7,KP.2.3,0.08742636711180554,0.13267484250375,0.05369196710604167,biweekly,weighted,,region_07
2024-09-28,7,KP.2.3,0.07195711384166666,0.11076420607666666,0.043511295380833336,biweekly,weighted,0.0,region_07
2024-06-22,7,KP.3,0.19655143890608695,0.29098701606608696,0.12206222473217392,biweekly,weighted,0.0,region_07
2024-06-29,7,KP.3,0.2090175251516546,0.3039702092458213,0.13283448430497585,biweekly,weighted,,region_07
2024-07-06,7,KP.3,0.22148361139722222,0.3169534024255556,0.14360674387777778,biweekly,weighted,0.0,region_07
2024-07-13,7,KP.3,0.2682014380058611,0.3786055272650278,0.17514352011913886,biweekly,weighted,,region_07
2024-07-20,7,KP.3,0.3149192646145,0.44025765210449996,0.20668029636049998,biweekly,weighted,0.0,region_07
2024-07-27,7,KP.3,0.2778898157175,0.40185086503674994,0.17498283646949997,biweekly,weighted,,region_07
2024-08-03,7,KP.3,0.2408603668205,0.36344407796899997,0.1432853765785,biweekly,weighted,0.0,region_07
2024-08-10,7,KP.3,0.2366254676326184,0.3750355395831842,0.13029039833477632,biweekly,weighted,,region_07
2024-08-17,7,KP.3,0.23239056844473682,0.3866270011973684,0.11729542009105264,biweekly,weighted,0.0,region_07
2024-08-24,7,KP.3,0.19905009863653508,0.30986856758423975,0.11439360247969299,biweekly,weighted,,region_07
2024-08-31,7,KP.3,0.16570962882833334,0.23311013397111113,0.11149178486833335,biweekly,weighted,0.0,region_07
2024-09-07,7,KP.3,0.1419218224447549,0.2103056231499673,0.08956414690034314,biweekly,weighted,,region_07
2024-09-14,7,KP.3,0.11813401606117648,0.18750111232882352,0.06763650893235294,biweekly,weighted,0.0,region_07
2024-09-21,7,KP.3,0.12102019763067402,0.1941808956664093,0.06814588266634804,biweekly,weighted,,region_07
2024-09-28,7,KP.3,0.12390637920017158,0.2008606790039951,0.06865525640034315,biweekly,weighted,,region_07
2024-10-05,7,KP.3,0.12679256076966913,0.20754046234158088,0.06916463013433824,biweekly,weighted,,region_07
2024-10-12,7,KP.3,0.12967874233916668,0.21422024567916667,0.06967400386833333,biweekly,weighted,0.0,region_07
2024-07-06,7,KP.3.1.1,0.10431259125,0.17874597013,0.05334534124,biweekly,weighted,0.0,region_07
2024-07-13,7,KP.3.1.1,0.1308057891797619,0.20150778265261904,0.07868583367595239,biweekly,weighted,,region_07
2024-07-20,7,KP.3.1.1,0.1572989871095238,0.2242695951752381,0.10402632611190477,biweekly,weighted,0.0,region_07
2024-07-27,7,KP.3.1.1,0.1674494797975119,0.25152366058511905,0.10277641208020238,biweekly,weighted,,region_07
2024-08-03,7,KP.3.1.1,0.1775999724855,0.278777725995,0.1015264980485,biweekly,weighted,0.0,region_07
2024-08-10,7,KP.3.1.1,0.21482138163064474,0.3093560304693421,0.1394732516255658,biweekly,weighted,,region_07
2024-08-17,7,KP.3.1.1,0.2520427907757895,0.3399343349436842,0.17742000520263157,biweekly,weighted,0.0,region_07
2024-08-24,7,KP.3.1.1,0.29008343179678364,0.35934387931711986,0.228879897131038,biweekly,weighted,,region_07
2024-08-31,7,KP.3.1.1,0.3281240728177778,0.37875342369055554,0.28033978905944446,biweekly,weighted,0.0,region_07
2024-09-07,7,KP.3.1.1,0.38221144686006536,0.4422268560699837,0.3245443838582517,biweekly,weighted,,region_07
2024-09-14,7,KP.3.1.1,0.43629882090235295,0.5057002884494118,0.36874897865705886,biweekly,weighted,0.0,region_07
2024-09-21,7,KP.3.1.1,0.4945433505024265,0.5749032910838726,0.41362701276061276,biweekly,weighted,,region_07
2024-09-28,7,KP.3.1.1,0.5527878801025,0.6441062937183334,0.45850504686416665,biweekly,weighted,0.0,region_07
2024-10-05,7,KP.3.1.1,0.581870991115,0.6739712686588542,0.48510123106333336,biweekly,weighted,,region_07
2024-10-12,7,KP.3.1.1,0.6109541021275,0.703836243599375,0.5116974152625,biweekly,weighted,0.0,region_07
2024-10-19,7,KP.3.1.1,0.5838039796794167,0.6818632310873541,0.48069770820391666,biweekly,weighted,,region_07
2024-10-26,7,KP.3.1.1,0.5566538572313333,0.6598902185753333,0.4496980011453333,biweekly,weighted,0.0,region_07
2024-11-02,7,KP.3.1.1,0.6171430902820952,0.7176760781380238,0.5082589962648095,biweekly,weighted,,region_07
2024-11-09,7,KP.3.1.1,0.6776323233328572,0.7754619377007143,0.5668199913842857,biweekly,weighted,0.0,region_07
2024-11-16,7,KP.3.1.1,0.6088411126810714,0.7184973848723214,0.49232605738321433,biweekly,weighted,,region_07
2024-11-23,7,KP.3.1.1,0.5400499020292857,0.6615328320439285,0.4178321233821429,biweekly,weighted,,region_07
2024-11-30,7,KP.3.1.1,0.47125869137750004,0.6045682792155357,0.3433381893810714,biweekly,weighted,,region_07
2024-12-07,7,KP.3.1.1,0.4024674807257143,0.5476037263871428,0.26884425538,biweekly,weighted,0.0,region_07
2024-12-14,7,KP.3.1.1,0.40464164742357145,0.5444526629785714,0.2753639327635714,biweekly,weighted,,region_07
2024-12-21,7,KP.3.1.1,0.40681581412142853,0.54130159957,0.28188361014714286,biweekly,weighted,0.0,region_07
2024-12-28,7,KP.3.1.1,0.329569030602987,0.44644085501590913,0.22555855826175325,biweekly,weighted,,region_07
2025-01-04,7,KP.3.1.1,0.2523222470845454,0.3515801104618182,0.16923350637636364,biweekly,weighted,0.0,region_07
2025-01-11,7,KP.3.1.1,0.2071622108207727,0.2831789718419091,0.14351009364168182,biweekly,weighted,,region_07
2025-01-18,7,KP.3.1.1,0.162002174557,0.214777833222,0.117786680907,biweekly,weighted,0.0,region_07
2025-01-25,7,KP.3.1.1,0.1286436712385,0.18913223147225,0.0834101171235,biweekly,weighted,,region_07
2025-02-01,7,KP.3.1.1,0.09528516792,0.1634866297225,0.04903355334,biweekly,weighted,0.0,region_07
2025-02-08,7,KP.3.1.1,0.09432042343625,0.156351164913125,0.051175553585,biweekly,weighted,,region_07
2025-02-15,7,KP.3.1.1,0.09335567895249999,0.14921570010375,0.053317553829999996,biweekly,weighted,0.0,region_07
2025-02-22,7,KP.3.1.1,0.08784988941524999,0.145536520517875,0.047730387515,biweekly,weighted,,region_07
2025-03-01,7,KP.3.1.1,0.082344099878,0.141857340932,0.0421432212,biweekly,weighted,0.0,region_07
2024-06-22,7,LB.1,0.1055707699711111,0.18300910956277777,0.052973103192222225,biweekly,weighted,0.0,region_07
2024-06-29,7,LB.1,0.09988056806145833,0.17222665607270832,0.050647851739635416,biweekly,weighted,,region_07
2024-07-06,7,LB.1,0.09419036615180555,0.1614442025826389,0.048322600287048614,biweekly,weighted,,region_07
2024-07-13,7,LB.1,0.08850016424215278,0.15066174909256946,0.045997348834461806,biweekly,weighted,,region_07
2024-07-20,7,LB.1,0.0828099623325,0.1398792956025,0.043672097381875,biweekly,weighted,0.0,region_07
2024-07-27,7,LB.1,0.1058277907344079,0.1745125054825658,0.05738409374541118,biweekly,weighted,,region_07
2024-08-03,7,LB.1,0.1288456191363158,0.20914571536263157,0.07109609010894737,biweekly,weighted,0.0,region_07
2024-08-10,7,LB.1,0.12935453418026316,0.20466640081921053,0.07420103585210526,biweekly,weighted,,region_07
2024-08-17,7,LB.1,0.12986344922421053,0.2001870862757895,0.07730598159526315,biweekly,weighted,0.0,region_07
2024-08-24,7,LB.1,0.12228299209460528,0.1946307269873392,0.0696705383748538,biweekly,weighted,,region_07
2024-08-31,7,LB.1,0.114702534965,0.18907436769888888,0.06203509515444445,biweekly,weighted,0.0,region_07
2024-09-07,7,LB.1,0.10452158035041667,0.17223150748791666,0.05670461446708334,biweekly,weighted,,region_07
2024-09-14,7,LB.1,0.09434062573583334,0.15538864727694446,0.05137413377972223,biweekly,weighted,,region_07
2024-09-21,7,LB.1,0.08415967112125,0.13854578706597223,0.046043653092361116,biweekly,weighted,,region_07
2024-09-28,7,LB.1,0.07397871650666667,0.121702926855,0.040713172405000005,biweekly,weighted,0.0,region_07
2025-02-01,7,LB.1.3.1,0.07403966370444444,0.11813474280888887,0.04260323693222222,biweekly,weighted,0.0,region_07
2025-02-08,7,LB.1.3.1,0.07784854506784722,0.12208147962631943,0.04585887297673611,biweekly,weighted,,region_07
2025-02-15,7,LB.1.3.1,0.08165742643125,0.12602821644375,0.04911450902125,biweekly,weighted,0.0,region_07
2025-02-22,7,LB.1.3.1,0.08346565781729168,0.13580555546354167,0.04665784716229167,biweekly,weighted,,region_07
2025-03-01,7,LB.1.3.1,0.08527388920333334,0.14558289448333334,0.044201185303333335,biweekly,weighted,0.0,region_07
2025-01-18,7,LP.8.1,0.15847490479666668,0.2581200425816667,0.08603634561000001,biweekly,weighted,0.0,region_07
2025-01-25,7,LP.8.1,0.19769484425690476,0.3150552445579762,0.10917368362642858,biweekly,weighted,,region_07
2025-02-01,7,LP.8.1,0.23691478371714286,0.3719904465342857,0.13231102164285716,biweekly,weighted,0.0,region_07
2025-02-08,7,LP.8.1,0.2806014865641964,0.41587030914214285,0.16989977830705358,biweekly,weighted,,region_07
2025-02-15,7,LP.8.1,0.32428818941125,0.45975017175,0.20748853497125,biweekly,weighted,0.0,region_07
2025-02-22,7,LP.8.1,0.3425020469084821,0.4627531407664286,0.2361682037420536,biweekly,weighted,,region_07
2025-03-01,7,LP.8.1,0.36071590440571427,0.4657561097828572,0.2648478725128572,biweekly,weighted,0.0,region_07
2025-03-08,7,LP.8.1,0.32230697004619047,0.4269265465089286,0.2295460826939286,biweekly,weighted,,region_07
2025-03-15,7,LP.8.1,0.28389803568666666,0.388096983235,0.194244292875,biweekly,weighted,0.0,region_07
2025-01-04,7,MC.1,0.09097904073285713,0.15140187101714284,0.04904715557,biweekly,weighted,0.0,region_07
2025-01-11,7,MC.1,0.06859879584142857,0.11625632771457142,0.036188253519,biweekly,weighted,,region_07
2025-01-18,7,MC.1,0.04621855095,0.08111078441200001,0.023329351468,biweekly,weighted,0.0,region_07
2025-03-15,7,MC.10.1,0.11953006312,0.20621676743,0.060093460604999996,biweekly,weighted,0.0,region_07
2021-01-30,7,Other,0.5284770943881818,0.596122812140909,0.4497136880054546,biweekly,weighted,0.0,region_07
2021-02-06,7,Other,0.4966116561127273,0.6159381893554545,0.3943892310963637,biweekly,weighted,,region_07
2021-02-13,7,Other,0.4647462178372727,0.6357535665699999,0.33906477418727277,biweekly,weighted,0.0,region_07
2021-02-20,7,Other,0.44707308303272725,0.5995064662268181,0.3285670415918182,biweekly,weighted,,region_07
2021-02-27,7,Other,0.4293999482281818,0.5632593658836363,0.31806930899636365,biweekly,weighted,0.0,region_07
2021-03-06,7,Other,0.8714634478075001,0.9844171851875,0.364857397975,weekly,weighted,0.0,region_07
2021-03-13,7,Other,0.7708645761025,0.9171670526275,0.504328623415,weekly,weighted,0.0,region_07
2021-03-20,7,Other,0.5886642187825,0.723119556905,0.442226044835,weekly,weighted,0.0,region_07
2021-03-27,7,Other,0.4236729070575,0.6055925488475,0.26225998625,weekly,weighted,0.0,region_07
2021-04-03,7,Other,0.3974073976275,0.5134479925025,0.2918888702975,weekly,weighted,0.0,region_07
2021-04-10,7,Other,0.19115692749750002,0.292915016415,0.1197548173375,weekly,weighted,0.0,region_07
2021-04-17,7,Other,0.15501347184,0.264626737685,0.08622868452,weekly,weighted,0.0,region_07
2021-04-24,7,Other,0.0967349438,0.2457380928125,0.0356288226325,weekly,weighted,0.0,region_07
2021-05-01,7,Other,0.0828426014625,0.13395274244,0.0501524675625,weekly,weighted,0.0,region_07
2021-05-08,7,Other,0.9371212644433766,0.9488809967966234,0.9205112250932468,weekly,weighted,0.0,region_07
2021-05-15,7,Other,0.915065240822405,0.9389976855322785,0.8745652936586076,weekly,weighted,0.0,region_07
2021-05-22,7,Other,0.8290366704269136,0.9147380007267901,0.7017305797243211,weekly,weighted,0.0,region_07
2021-05-29,7,Other,0.6775121688857143,0.8079210221771429,0.51503829658,weekly,weighted,0.0,region_07
2021-06-05,7,Other,0.516659522813492,0.6444275681933334,0.387278706308254,weekly,weighted,0.0,region_07
2021-06-12,7,Other,0.3022797037966667,0.4153502018023077,0.20431797908410257,weekly,weighted,0.0,region_07
2021-06-19,7,Other,0.20409622692935897,0.3439667599317949,0.10216797668602565,weekly,weighted,0.0,region_07
2021-06-26,7,Other,0.15327766276090599,0.2567690517469883,0.07807877197472543,weekly,weighted,,region_07
2021-07-03,7,Other,0.10245909859245299,0.16957134356218165,0.053989567263425214,weekly,weighted,,region_07
2021-07-10,7,Other,0.051640534424,0.08237363537737499,0.029900362552125,weekly,weighted,0.0,region_07
2021-07-17,7,Other,0.02106465399,0.08598570526,0.00489773275,weekly,weighted,0.0,region_07
2021-07-24,7,Other,0.02338744204140845,0.037062062973802816,0.013773706650140844,weekly,weighted,0.0,region_07
2021-07-31,7,Other,0.023013415130704228,0.05220381811356807,0.010673987090070423,weekly,weighted,,region_07
2021-08-07,7,Other,0.02263938822,0.06734557325333333,0.0075742675300000005,weekly,weighted,0.0,region_07
2021-08-14,7,Other,0.020157512279999998,0.059437162551666665,0.006749265285,weekly,weighted,,region_07
2021-08-21,7,Other,0.01767563634,0.05152875185,0.00592426304,weekly,weighted,0.0,region_07
2021-08-28,7,Other,0.02653764375,0.04424740374,0.01579893939,weekly,weighted,0.0,region_07
2021-09-04,7,Other,0.01502644178,0.02794399671,0.00803089794,weekly,weighted,0.0,region_07
2021-04-10,7,P.1,0.042573335579999996,0.10949424468249999,0.0158274560225,weekly,weighted,0.0,region_07
2021-04-17,7,P.1,0.06596040725749999,0.17247482389250002,0.023367714137500002,weekly,weighted,0.0,region_07
2021-04-24,7,P.1,0.061817856505,0.2181820012625,0.015320694305,weekly,weighted,0.0,region_07
2021-05-01,7,P.1,0.053893836215,0.2537900656475,0.00945146801,weekly,weighted,0.0,region_07
2021-05-08,7,P.1,0.07752591744000001,0.286483362315,0.017828127135,weekly,weighted,0.0,region_07
2021-05-15,7,P.1,0.099634230138,0.259764176608,0.033776194604,weekly,weighted,0.0,region_07
2021-05-22,7,P.1,0.107185190917,0.298000514508,0.032937055827,weekly,weighted,,region_07
2021-05-29,7,P.1,0.114736151696,0.336236852408,0.03209791705,weekly,weighted,0.0,region_07
2021-06-05,7,P.1,0.104711386562,0.717613387108,0.005354070664,weekly,weighted,0.0,region_07
2021-06-12,7,P.1,0.059936434032,0.31896923184399995,0.008654150834,weekly,weighted,0.0,region_07
2021-06-19,7,P.1,0.050320528076,0.440010991693,0.0050303905400000005,weekly,weighted,,region_07
2021-06-26,7,P.1,0.04070462212,0.5610527515420001,0.001406630246,weekly,weighted,0.0,region_07
2022-12-10,7,XBB,0.027904719115454547,0.0477577420809091,0.014718950726363637,weekly,weighted,0.0,region_07
2022-12-17,7,XBB,0.028558643490675377,0.048883556251249544,0.015055510059232611,weekly,weighted,,region_07
2022-12-24,7,XBB,0.02921256786589621,0.050009370421589996,0.015392069392101583,weekly,weighted,,region_07
2022-12-31,7,XBB,0.02986649224111704,0.05113518459193044,0.015728628724970557,weekly,weighted,,region_07
2023-01-07,7,XBB,0.030520416616337875,0.052260998762270895,0.01606518805783953,weekly,weighted,,region_07
2023-01-14,7,XBB,0.031174340991558705,0.05338681293261134,0.0164017473907085,weekly,weighted,,region_07
2023-01-21,7,XBB,0.03182826536677954,0.054512627102951794,0.016738306723577477,weekly,weighted,,region_07
2023-01-28,7,XBB,0.03248218974200037,0.05563844127329224,0.01707486605644645,weekly,weighted,,region_07
2023-02-04,7,XBB,0.0331361141172212,0.056764255443632686,0.01741142538931542,weekly,weighted,,region_07
2023-02-11,7,XBB,0.03379003849244203,0.05789006961397314,0.017747984722184397,weekly,weighted,,region_07
2023-02-18,7,XBB,0.03444396286766287,0.059015883784313584,0.01808454405505337,weekly,weighted,,region_07
2023-02-25,7,XBB,0.035097887242883694,0.06014169795465404,0.01842110338792234,weekly,weighted,,region_07
2023-03-04,7,XBB,0.03575181161810453,0.06126751212499448,0.018757662720791317,weekly,weighted,,region_07
2023-03-11,7,XBB,0.03640573599332536,0.062393326295334936,0.01909422205366029,weekly,weighted,,region_07
2023-03-18,7,XBB,0.037059660368546195,0.06351914046567539,0.01943078138652926,weekly,weighted,,region_07
2023-03-25,7,XBB,0.03771358474376702,0.06464495463601583,0.019767340719398233,weekly,weighted,,region_07
2023-04-01,7,XBB,0.038367509118987855,0.06577076880635628,0.02010390005226721,weekly,weighted,,region_07
2023-04-08,7,XBB,0.03902143349420869,0.06689658297669673,0.02044045938513618,weekly,weighted,,region_07
2023-04-15,7,XBB,0.039675357869429516,0.06802239714703717,0.020777018718005153,weekly,weighted,,region_07
2023-04-22,7,XBB,0.04032928224465035,0.06914821131737763,0.02111357805087413,weekly,weighted,,region_07
2023-04-29,7,XBB,0.04098320661987118,0.07027402548771808,0.0214501373837431,weekly,weighted,,region_07
2023-05-06,7,XBB,0.04163713099509202,0.07139983965805853,0.021786696716612073,weekly,weighted,,region_07
2023-05-13,7,XBB,0.042291055370312844,0.07252565382839897,0.02212325604948105,weekly,weighted,,region_07
2023-05-20,7,XBB,0.04294497974553368,0.07365146799873942,0.02245981538235002,weekly,weighted,,region_07
2023-05-27,7,XBB,0.04359890412075451,0.07477728216907988,0.022796374715218993,weekly,weighted,,region_07
2023-06-03,7,XBB,0.04425282849597534,0.07590309633942031,0.023132934048087965,weekly,weighted,,region_07
2023-06-10,7,XBB,0.04490675287119617,0.07702891050976077,0.02346949338095694,weekly,weighted,,region_07
2023-06-17,7,XBB,0.045560677246417006,0.07815472468010122,0.023806052713825913,weekly,weighted,,region_07
2023-06-24,7,XBB,0.04621460162163784,0.07928053885044167,0.024142612046694885,weekly,weighted,,region_07
2023-07-01,7,XBB,0.046868525996858666,0.08040635302078211,0.02447917137956386,weekly,weighted,,region_07
2023-07-08,7,XBB,0.0475224503720795,0.08153216719112256,0.024815730712432833,weekly,weighted,,region_07
2023-07-15,7,XBB,0.048176374747300334,0.08265798136146302,0.025152290045301805,weekly,weighted,,region_07
2023-07-22,7,XBB,0.04883029912252117,0.08378379553180346,0.02548884937817078,weekly,weighted,,region_07
2023-07-29,7,XBB,0.049484223497741994,0.08490960970214391,0.025825408711039752,weekly,weighted,,region_07
2023-08-05,7,XBB,0.05013814787296283,0.08603542387248436,0.026161968043908725,weekly,weighted,,region_07
2023-08-12,7,XBB,0.05079207224818366,0.08716123804282482,0.026498527376777697,weekly,weighted,,region_07
2023-08-19,7,XBB,0.05144599662340449,0.08828705221316525,0.026835086709646672,weekly,weighted,,region_07
2023-08-26,7,XBB,0.05209992099862532,0.0894128663835057,0.027171646042515644,weekly,weighted,,region_07
2023-09-02,7,XBB,0.052753845373846156,0.09053868055384616,0.027508205375384617,biweekly,weighted,0.0,region_07
2023-09-09,7,XBB,0.051230683834761905,0.08809127499000001,0.02664938526904762,biweekly,weighted,,region_07
2023-09-16,7,XBB,0.04970752229567766,0.08564386942615385,0.025790565162710624,biweekly,weighted,,region_07
2023-09-23,7,XBB,0.04818436075659341,0.0831964638623077,0.024931745056373626,biweekly,weighted,,region_07
2023-09-30,7,XBB,0.04666119921750916,0.08074905829846155,0.02407292495003663,biweekly,weighted,,region_07
2023-10-07,7,XBB,0.04513803767842491,0.07830165273461538,0.023214104843699634,biweekly,weighted,,region_07
2023-10-14,7,XBB,0.04361487613934066,0.07585424717076923,0.02235528473736264,biweekly,weighted,,region_07
2023-10-21,7,XBB,0.04209171460025641,0.07340684160692308,0.02149646463102564,biweekly,weighted,,region_07
2023-10-28,7,XBB,0.040568553061172165,0.07095943604307692,0.020637644524688647,biweekly,weighted,,region_07
2023-11-04,7,XBB,0.03904539152208791,0.06851203047923077,0.01977882441835165,biweekly,weighted,,region_07
2023-11-11,7,XBB,0.03752222998300366,0.06606462491538462,0.018920004312014654,biweekly,weighted,,region_07
2023-11-18,7,XBB,0.03599906844391942,0.06361721935153847,0.018061184205677656,biweekly,weighted,,region_07
2023-11-25,7,XBB,0.034475906904835166,0.061169813787692304,0.017202364099340662,biweekly,weighted,,region_07
2023-12-02,7,XBB,0.032952745365750914,0.058722408223846154,0.016343543993003664,biweekly,weighted,,region_07
2023-12-09,7,XBB,0.03142958382666667,0.05627500266,0.015484723886666668,biweekly,weighted,0.0,region_07
2023-07-08,7,XBB.1.16,0.26856774287815793,0.40778263854289476,0.15651562574789474,biweekly,weighted,0.0,region_07
2023-07-15,7,XBB.1.16,0.22665331741691847,0.34928872367217106,0.13021998184412106,biweekly,weighted,,region_07
2023-07-22,7,XBB.1.16,0.18473889195567897,0.29079480880144737,0.10392433794034737,biweekly,weighted,,region_07
2023-07-29,7,XBB.1.16,0.14282446649443947,0.2323008939307237,0.07762869403657369,biweekly,weighted,,region_07
2023-08-05,7,XBB.1.16,0.10091004103319999,0.17380697906,0.051333050132800005,biweekly,weighted,0.0,region_07
2023-08-12,7,XBB.1.16,0.08657047900591817,0.14190325707897727,0.04783408511844546,biweekly,weighted,,region_07
2023-08-19,7,XBB.1.16,0.07223091697863636,0.10999953509795456,0.04433512010409091,biweekly,weighted,0.0,region_07
2023-08-26,7,XBB.1.16,0.07352534048236696,0.11609452190178216,0.04298574602180155,biweekly,weighted,,region_07
2023-09-02,7,XBB.1.16,0.07481976398609756,0.12218950870560977,0.041636371939512196,biweekly,weighted,0.0,region_07
2023-09-09,7,XBB.1.16,0.07671465278888212,0.1293785636132811,0.040705126732018,biweekly,weighted,,region_07
2023-09-16,7,XBB.1.16,0.07860954159166667,0.1365676185209524,0.03977388152452381,biweekly,weighted,0.0,region_07
2023-09-23,7,XBB.1.16,0.074071877075,0.12535959659630952,0.03910837704642857,biweekly,weighted,,region_07
2023-09-30,7,XBB.1.16,0.06953421255833334,0.11415157467166666,0.038442872568333335,biweekly,weighted,0.0,region_07
2023-10-07,7,XBB.1.16,0.07256020559041668,0.11849280695124999,0.04038153581041667,biweekly,weighted,,region_07
2023-10-14,7,XBB.1.16,0.0755861986225,0.12283403923083333,0.0423201990525,biweekly,weighted,,region_07
2023-10-21,7,XBB.1.16,0.07861219165458333,0.12717527151041666,0.04425886229458333,biweekly,weighted,,region_07
2023-10-28,7,XBB.1.16,0.08163818468666667,0.13151650379,0.046197525536666666,biweekly,weighted,0.0,region_07
2023-11-04,7,XBB.1.16,0.06928235680333333,0.11505381235249999,0.03769136468583333,biweekly,weighted,,region_07
2023-11-11,7,XBB.1.16,0.05692652892,0.098591120915,0.029185203835,biweekly,weighted,0.0,region_07
2023-11-18,7,XBB.1.16,0.0403414159075,0.0704262414975,0.02051943168,biweekly,weighted,,region_07
2023-11-25,7,XBB.1.16,0.023756302895,0.04226136208,0.011853659525,biweekly,weighted,0.0,region_07
2023-09-16,7,XBB.1.16.1,0.04579283893,0.074281482398,0.025956345720000003,biweekly,weighted,0.0,region_07
2023-08-19,7,XBB.1.16.11,0.04952970147,0.08829125017,0.02438338101,biweekly,weighted,0.0,region_07
2023-08-26,7,XBB.1.16.11,0.06244522323825,0.100144340750125,0.036100245360375,biweekly,weighted,,region_07
2023-09-02,7,XBB.1.16.11,0.0753607450065,0.11199743133025,0.04781710971075,biweekly,weighted,0.0,region_07
2023-09-09,7,XBB.1.16.11,0.08895916239918022,0.1268308214083808,0.059535599505956396,biweekly,weighted,,region_07
2023-09-16,7,XBB.1.16.11,0.10255757979186046,0.14166421148651162,0.0712540893011628,biweekly,weighted,0.0,region_07
2023-09-23,7,XBB.1.16.11,0.0966860029353138,0.1352009906043515,0.0662872073907931,biweekly,weighted,,region_07
2023-09-30,7,XBB.1.16.11,0.09081442607876714,0.12873776972219142,0.06132032548042338,biweekly,weighted,,region_07
2023-10-07,7,XBB.1.16.11,0.08494284922222048,0.1222745488400313,0.056353443570053674,biweekly,weighted,,region_07
2023-10-14,7,XBB.1.16.11,0.07907127236567382,0.11581132795787119,0.051386561659683964,biweekly,weighted,,region_07
2023-10-21,7,XBB.1.16.11,0.07319969550912717,0.10934810707571109,0.046419679749314255,biweekly,weighted,,region_07
2023-10-28,7,XBB.1.16.11,0.06732811865258051,0.10288488619355099,0.04145279783894455,biweekly,weighted,,region_07
2023-11-04,7,XBB.1.16.11,0.06145654179603384,0.09642166531139088,0.03648591592857484,biweekly,weighted,,region_07
2023-11-11,7,XBB.1.16.11,0.05558496493948718,0.08995844442923077,0.03151903401820513,biweekly,weighted,0.0,region_07
2023-11-18,7,XBB.1.16.11,0.04883261267987517,0.0779340996532996,0.02828829209739204,biweekly,weighted,,region_07
2023-11-25,7,XBB.1.16.11,0.04208026042026316,0.06590975487736843,0.025057550176578947,biweekly,weighted,0.0,region_07
2023-12-02,7,XBB.1.16.11,0.03231495366513158,0.05245633070368422,0.018393200185789473,biweekly,weighted,,region_07
2023-12-09,7,XBB.1.16.11,0.02254964691,0.03900290653,0.011728850195000001,biweekly,weighted,0.0,region_07
2023-11-25,7,XBB.1.16.15,0.026570310819999998,0.04689663276,0.01339857932,biweekly,weighted,0.0,region_07
2023-08-19,7,XBB.1.16.6,0.07888787425999999,0.1400784067825,0.0385716790325,biweekly,weighted,0.0,region_07
2023-08-26,7,XBB.1.16.6,0.0962340279617857,0.16796504839267856,0.04794757234410714,biweekly,weighted,,region_07
2023-09-02,7,XBB.1.16.6,0.11358018166357142,0.19585169000285713,0.057323465655714285,biweekly,weighted,0.0,region_07
2023-09-09,7,XBB.1.16.6,0.09478641967887874,0.1609188444616611,0.0493484457236711,biweekly,weighted,,region_07
2023-09-16,7,XBB.1.16.6,0.07599265769418605,0.1259859989204651,0.04137342579162791,biweekly,weighted,0.0,region_07
2023-09-23,7,XBB.1.16.6,0.09559386792423588,0.15214962090654208,0.05490487883033777,biweekly,weighted,,region_07
2023-09-30,7,XBB.1.16.6,0.11519507815428572,0.17831324289261904,0.06843633186904763,biweekly,weighted,0.0,region_07
2023-10-07,7,XBB.1.16.6,0.10618214185214286,0.17553097133630952,0.05772278635452381,biweekly,weighted,,region_07
2023-10-14,7,XBB.1.16.6,0.09716920555,0.17274869978,0.04700924084,biweekly,weighted,0.0,region_07
2023-10-21,7,XBB.1.16.6,0.086967211512,0.15235512820421426,0.043244155206714284,biweekly,weighted,,region_07
2023-10-28,7,XBB.1.16.6,0.076765217474,0.13196155662842857,0.039479069573428574,biweekly,weighted,,region_07
2023-11-04,7,XBB.1.16.6,0.066563223436,0.11156798505264286,0.03571398394014286,biweekly,weighted,,region_07
2023-11-11,7,XBB.1.16.6,0.056361229398,0.09117441347685715,0.03194889830685714,biweekly,weighted,0.0,region_07
2023-11-18,7,XBB.1.16.6,0.06244274924557895,0.10117815237737593,0.03525449724053384,biweekly,weighted,,region_07
2023-11-25,7,XBB.1.16.6,0.0685242690931579,0.11118189127789473,0.03856009617421053,biweekly,weighted,0.0,region_07
2023-01-07,7,XBB.1.5,0.09788654223000001,0.17181506156999998,0.048323537035999994,weekly,weighted,0.0,region_07
2023-01-14,7,XBB.1.5,0.13365114267357142,0.18103261185642855,0.09490050481928572,weekly,weighted,0.0,region_07
2023-01-21,7,XBB.1.5,0.24992596759230767,0.30675615943384615,0.19889390927153847,weekly,weighted,0.0,region_07
2023-01-28,7,XBB.1.5,0.33590587228499996,0.4104141692316667,0.26695012301166665,weekly,weighted,0.0,region_07
2023-02-04,7,XBB.1.5,0.5073315176109091,0.5767296552645454,0.43769117918909095,weekly,weighted,0.0,region_07
2023-02-11,7,XBB.1.5,0.684354156256,0.732064872981,0.63354204893,weekly,weighted,0.0,region_07
2023-02-18,7,XBB.1.5,0.7355767620933333,0.7969596849544445,0.66663371192,weekly,weighted,0.0,region_07
2023-02-25,7,XBB.1.5,0.80862856656375,0.8524034023275,0.7568282485,weekly,weighted,0.0,region_07
2023-03-04,7,XBB.1.5,0.7731727872571428,0.8509806139128572,0.6776837195671429,weekly,weighted,0.0,region_07
2023-03-11,7,XBB.1.5,0.8281729221349999,0.871513307095,0.77708893021,weekly,weighted,0.0,region_07
2023-03-18,7,XBB.1.5,0.8320726394639999,0.8860735774040001,0.765211665632,weekly,weighted,0.0,region_07
2023-03-25,7,XBB.1.5,0.8004188537625,0.85347418487,0.7379992604250001,weekly,weighted,0.0,region_07
2023-04-01,7,XBB.1.5,0.8893027702966667,0.95205469926,0.7901476621633333,weekly,weighted,0.0,region_07
2023-04-08,7,XBB.1.5,0.94125401974,0.9796107113350001,0.871732681985,weekly,weighted,0.0,region_07
2023-04-15,7,XBB.1.5,0.872978166297037,0.9171061604101852,0.8161665079775925,biweekly,weighted,0.0,region_07
2023-04-22,7,XBB.1.5,0.8324480240868204,0.8943728916212247,0.7537128009910604,biweekly,weighted,,region_07
2023-04-29,7,XBB.1.5,0.7919178818766038,0.8716396228322641,0.6912590940045283,biweekly,weighted,0.0,region_07
2023-05-06,7,XBB.1.5,0.7092168953800326,0.7956409693758436,0.6084256756011104,biweekly,weighted,,region_07
2023-05-13,7,XBB.1.5,0.6265159088834615,0.7196423159194231,0.5255922571976923,biweekly,weighted,0.0,region_07
2023-05-20,7,XBB.1.5,0.595360975797172,0.7017656412327997,0.48218644289046375,biweekly,weighted,,region_07
2023-05-27,7,XBB.1.5,0.5642060427108824,0.6838889665461765,0.43878062858323524,biweekly,weighted,0.0,region_07
2023-06-03,7,XBB.1.5,0.4916532994344853,0.6074211181084804,0.376189092073946,biweekly,weighted,,region_07
2023-06-10,7,XBB.1.5,0.4191005561580883,0.5309532696707844,0.31359755556465685,biweekly,weighted,,region_07
2023-06-17,7,XBB.1.5,0.3465478128816912,0.4544854212330882,0.2510060190553676,biweekly,weighted,,region_07
2023-06-24,7,XBB.1.5,0.27399506960529413,0.37801757279539216,0.1884144825460784,biweekly,weighted,,region_07
2023-07-01,7,XBB.1.5,0.20144232632889708,0.3015497243576961,0.12582294603678917,biweekly,weighted,,region_07
2023-07-08,7,XBB.1.5,0.1288895830525,0.22508187592,0.0632314095275,biweekly,weighted,0.0,region_07
2023-07-15,7,XBB.1.5,0.12080612048027244,0.21025815185807692,0.05977115732959936,biweekly,weighted,,region_07
2023-07-22,7,XBB.1.5,0.11272265790804487,0.19543442779615383,0.056310905131698716,biweekly,weighted,,region_07
2023-07-29,7,XBB.1.5,0.10463919533581731,0.18061070373423077,0.05285065293379808,biweekly,weighted,,region_07
2023-08-05,7,XBB.1.5,0.09655573276358974,0.16578697967230768,0.049390400735897434,biweekly,weighted,0.0,region_07
2023-08-12,7,XBB.1.5,0.08657650821465812,0.14875751947192306,0.044310752438247863,biweekly,weighted,,region_07
2023-08-19,7,XBB.1.5,0.07659728366572649,0.13172805927153847,0.039231104140598286,biweekly,weighted,,region_07
2023-08-26,7,XBB.1.5,0.06661805911679487,0.11469859907115385,0.034151455842948715,biweekly,weighted,,region_07
2023-09-02,7,XBB.1.5,0.05663883456786325,0.09766913887076922,0.029071807545299144,biweekly,weighted,,region_07
2023-09-09,7,XBB.1.5,0.046659610018931624,0.0806396786703846,0.023992159247649573,biweekly,weighted,,region_07
2023-09-16,7,XBB.1.5,0.03668038547,0.06361021847,0.01891251095,biweekly,weighted,0.0,region_07
2023-03-11,7,XBB.1.5.1,0.03936932236,0.0686301626275,0.020129315555,weekly,weighted,0.0,region_07
2023-03-25,7,XBB.1.9.1,0.0827810131,0.13064459711,0.048227595165,weekly,weighted,0.0,region_07
2023-04-01,7,XBB.1.9.1,0.08056528341765384,0.12920352816338462,0.04596183652457692,weekly,weighted,,region_07
2023-04-08,7,XBB.1.9.1,0.07834955373530769,0.12776245921676924,0.04369607788415385,weekly,weighted,,region_07
2023-04-15,7,XBB.1.9.1,0.07613382405296154,0.12632139027015385,0.041430319243730765,weekly,weighted,,region_07
2023-04-22,7,XBB.1.9.1,0.07391809437061539,0.12488032132353846,0.03916456060330769,weekly,weighted,,region_07
2023-04-29,7,XBB.1.9.1,0.07170236468826924,0.12343925237692308,0.036898801962884614,biweekly,weighted,0.0,region_07
2023-05-06,7,XBB.1.9.1,0.07425210142833792,0.1279761966443956,0.03808488990542582,biweekly,weighted,,region_07
2023-05-13,7,XBB.1.9.1,0.0768018381684066,0.13251314091186814,0.03927097784796703,biweekly,weighted,,region_07
2023-05-20,7,XBB.1.9.1,0.07935157490847529,0.13705008517934067,0.04045706579050824,biweekly,weighted,,region_07
2023-05-27,7,XBB.1.9.1,0.08190131164854396,0.14158702944681317,0.04164315373304945,biweekly,weighted,,region_07
2023-06-03,7,XBB.1.9.1,0.08445104838861264,0.1461239737142857,0.04282924167559066,biweekly,weighted,,region_07
2023-06-10,7,XBB.1.9.1,0.08700078512868133,0.15066091798175824,0.044015329618131864,biweekly,weighted,,region_07
2023-06-17,7,XBB.1.9.1,0.08955052186875001,0.15519786224923077,0.04520141756067308,biweekly,weighted,,region_07
2023-06-24,7,XBB.1.9.1,0.0921002586088187,0.1597348065167033,0.046387505503214285,biweekly,weighted,,region_07
2023-07-01,7,XBB.1.9.1,0.09464999534888738,0.16427175078417583,0.04757359344575549,biweekly,weighted,,region_07
2023-07-08,7,XBB.1.9.1,0.09719973208895605,0.16880869505164833,0.0487596813882967,biweekly,weighted,,region_07
2023-07-15,7,XBB.1.9.1,0.09974946882902473,0.17334563931912086,0.04994576933083791,biweekly,weighted,,region_07
2023-07-22,7,XBB.1.9.1,0.10229920556909342,0.1778825835865934,0.05113185727337912,biweekly,weighted,,region_07
2023-07-29,7,XBB.1.9.1,0.1048489423091621,0.18241952785406593,0.05231794521592033,biweekly,weighted,,region_07
2023-08-05,7,XBB.1.9.1,0.10739867904923078,0.18695647212153846,0.053504033158461535,biweekly,weighted,0.0,region_07
2023-08-12,7,XBB.1.9.1,0.08138502229801539,0.14127133921916923,0.04103545210983077,biweekly,weighted,,region_07
2023-08-19,7,XBB.1.9.1,0.0553713655468,0.0955862063168,0.028566871061199997,biweekly,weighted,0.0,region_07
2023-08-26,7,XBB.1.9.1,0.04850106036215,0.08409291390215,0.02490862563185,biweekly,weighted,,region_07
2023-09-02,7,XBB.1.9.1,0.0416307551775,0.0725996214875,0.0212503802025,biweekly,weighted,0.0,region_07
2023-08-19,7,XBB.2.3,0.07887571977439024,0.13468459339439023,0.04097911815414634,biweekly,weighted,0.0,region_07
2023-08-26,7,XBB.2.3,0.10119027934032013,0.17586225316719512,0.05053815109457317,biweekly,weighted,,region_07
2023-09-02,7,XBB.2.3,0.12350483890625,0.21703991294,0.060097184035,biweekly,weighted,0.0,region_07
2023-09-09,7,XBB.2.3,0.11092326398202744,0.1930261545069512,0.05515715693518293,biweekly,weighted,,region_07
2023-09-16,7,XBB.2.3,0.09834168905780488,0.16901239607390245,0.05021712983536585,biweekly,weighted,0.0,region_07
2023-09-23,7,XBB.2.3,0.07665646103390245,0.1335552551019512,0.038585771147682926,biweekly,weighted,,region_07
2023-09-30,7,XBB.2.3,0.05497123301,0.09809811413,0.02695441246,biweekly,weighted,0.0,region_07
2023-10-07,7,XBB.2.3,0.05513161498919355,0.09711953937370968,0.027577647038064514,biweekly,weighted,,region_07
2023-10-14,7,XBB.2.3,0.055291996968387096,0.09614096461741936,0.02820088161612903,biweekly,weighted,0.0,region_07
2024-10-12,7,XEC,0.12030908030666666,0.18660707275,0.07112431712416667,biweekly,weighted,0.0,region_07
2024-10-19,7,XEC,0.1315606770630357,0.2044169128467857,0.07726452027294643,biweekly,weighted,,region_07
2024-10-26,7,XEC,0.14281227381940476,0.22222675294357144,0.0834047234217262,biweekly,weighted,,region_07
2024-11-02,7,XEC,0.1540638705757738,0.24003659304035718,0.08954492657050594,biweekly,weighted,,region_07
2024-11-09,7,XEC,0.16531546733214286,0.2578464331371429,0.09568512971928571,biweekly,weighted,0.0,region_07
2024-11-16,7,XEC,0.21512417983035714,0.3121353157218155,0.1376837817509226,biweekly,weighted,,region_07
2024-11-23,7,XEC,0.2649328923285714,0.3664241983064881,0.1796824337825595,biweekly,weighted,,region_07
2024-11-30,7,XEC,0.3147416048267857,0.4207130808911607,0.2216810858141964,biweekly,weighted,,region_07
2024-12-07,7,XEC,0.364550317325,0.47500196347583334,0.2636797378458333,biweekly,weighted,0.0,region_07
2024-12-14,7,XEC,0.35258373369749996,0.44842464600916665,0.26471407959875004,biweekly,weighted,,region_07
2024-12-21,7,XEC,0.34061715007,0.4218473285425,0.2657484213516667,biweekly,weighted,0.0,region_07
2024-12-28,7,XEC,0.35463815114863634,0.4342009608035228,0.2806619631531061,biweekly,weighted,,region_07
2025-01-04,7,XEC,0.3686591522272727,0.4465545930645455,0.29557550495454543,biweekly,weighted,0.0,region_07
2025-01-11,7,XEC,0.41977070204196965,0.5108017880806061,0.33204239629560606,biweekly,weighted,,region_07
2025-01-18,7,XEC,0.47088225185666666,0.5750489830966666,0.3685092876366667,biweekly,weighted,0.0,region_07
2025-01-25,7,XEC,0.44615058041958333,0.5497140586383333,0.34594774929270833,biweekly,weighted,,region_07
2025-02-01,7,XEC,0.4214189089825,0.52437913418,0.32338621094875003,biweekly,weighted,0.0,region_07
2025-02-08,7,XEC,0.38920546509312504,0.487443434075,0.29745276458625003,biweekly,weighted,,region_07
2025-02-15,7,XEC,0.35699202120375,0.45050773397,0.27151931822375,biweekly,weighted,0.0,region_07
2025-02-22,7,XEC,0.35571069696187496,0.44703580838214285,0.27183910672116074,biweekly,weighted,,region_07
2025-03-01,7,XEC,0.35442937271999997,0.4435638827942857,0.27215889521857145,biweekly,weighted,0.0,region_07
2025-03-08,7,XEC,0.35552418409416664,0.4660883691338095,0.2555728874034524,biweekly,weighted,,region_07
2025-03-15,7,XEC,0.35661899546833337,0.48861285547333333,0.23898687958833334,biweekly,weighted,0.0,region_07
2025-02-01,7,XEQ,0.04747186601,0.08464642365666668,0.023380684973333333,biweekly,weighted,0.0,region_07
2021-07-31,8,AY.2,0.00617801864,0.0139890546,0.00271639717,weekly,weighted,0.0,region_08
2021-07-03,8,AY.3,0.01734259538,0.08572869003,0.00331079704,weekly,weighted,0.0,region_08
2021-07-10,8,AY.3,0.020171009,0.0987958014,0.00385091337,weekly,weighted,0.0,region_08
2021-07-17,8,AY.3,0.03163344413,0.11435313523,0.00819693226,weekly,weighted,0.0,region_08
2021-07-24,8,AY.3,0.06120151281,0.16018618643,0.02179551683,weekly,weighted,0.0,region_08
2021-01-30,8,B.1,0.081042434276,0.156308716536,0.041666460037999994,biweekly,weighted,0.0,region_08
2021-02-06,8,B.1,0.079478920252,0.145502647012,0.04343750961199999,biweekly,weighted,,region_08
2021-02-13,8,B.1,0.077915406228,0.13469657748799999,0.045208559185999996,biweekly,weighted,0.0,region_08
2021-02-20,8,B.1,0.091187076519,0.15421835308233334,0.053295278673000004,biweekly,weighted,,region_08
2021-02-27,8,B.1,0.10445874681,0.17374012867666666,0.061381998160000006,biweekly,weighted,0.0,region_08
2021-02-27,8,B.1.1.519,0.041840864963333335,0.05661685516666667,0.030850912756666668,biweekly,weighted,0.0,region_08
2021-12-11,8,B.1.1.529,0.010682113442285713,0.01641308274142857,0.006585340095428572,weekly,weighted,0.0,region_08
2021-12-18,8,B.1.1.529,0.14072997787540542,0.21927573592297298,0.0809060325091892,weekly,weighted,0.0,region_08
2021-12-25,8,B.1.1.529,0.33702956672190476,0.39070235973285716,0.28156757532166665,weekly,weighted,0.0,region_08
2022-01-01,8,B.1.1.529,0.5866371953658209,0.6548054627513433,0.5065996168713433,weekly,weighted,0.0,region_08
2022-01-08,8,B.1.1.529,0.6186517543758209,0.6675291808685074,0.5676124451768657,weekly,weighted,0.0,region_08
2022-01-15,8,B.1.1.529,0.6118040371737313,0.6420516994465673,0.5827521853040298,weekly,weighted,0.0,region_08
2022-01-22,8,B.1.1.529,0.5847292427310606,0.6012137177769697,0.5667908945771212,weekly,weighted,0.0,region_08
2022-01-29,8,B.1.1.529,0.5644141917041539,0.5853086627449231,0.5441276962946153,weekly,weighted,0.0,region_08
2022-02-05,8,B.1.1.529,0.5552873050332813,0.5700323900679688,0.5393532500601562,weekly,weighted,0.0,region_08
2022-02-12,8,B.1.1.529,0.5396037519937097,0.5517785796714516,0.5266883445364516,weekly,weighted,0.0,region_08
2022-02-19,8,B.1.1.529,0.516221628073871,0.5353253962046773,0.4972564510767742,weekly,weighted,0.0,region_08
2022-02-26,8,B.1.1.529,0.5067241360413115,0.5305998127486885,0.4842693318357377,weekly,weighted,0.0,region_08
2022-03-05,8,B.1.1.529,0.4696637059248333,0.5414434408146666,0.40394074854716666,weekly,weighted,0.0,region_08
2022-03-12,8,B.1.1.529,0.4082823539691525,0.4506032108249152,0.3662120977701695,weekly,weighted,0.0,region_08
2022-03-19,8,B.1.1.529,0.32590316069017244,0.3749636899806897,0.2799389785608621,weekly,weighted,0.0,region_08
2022-03-26,8,B.1.1.529,0.25540857952,0.32557528860411766,0.19553988974705883,weekly,weighted,0.0,region_08
2022-04-02,8,B.1.1.529,0.3124335990066667,0.38749660480666664,0.24398009904857143,weekly,weighted,0.0,region_08
2022-04-09,8,B.1.1.529,0.1918973631804762,0.24497727836857144,0.14601777139190478,weekly,weighted,0.0,region_08
2022-04-16,8,B.1.1.529,0.10540912507277778,0.17814129673722223,0.0551741682,weekly,weighted,0.0,region_08
2022-04-23,8,B.1.1.529,0.05931231160470589,0.08091405910647059,0.04215140290117647,weekly,weighted,0.0,region_08
2022-04-30,8,B.1.1.529,0.03991549503985294,0.0573672575001103,0.026792452198713235,weekly,weighted,,region_08
2022-05-07,8,B.1.1.529,0.020518678475,0.033820455893750004,0.01143350149625,weekly,weighted,0.0,region_08
2021-02-13,8,B.1.1.7,0.0417618677,0.20387800038,0.00736229029,biweekly,weighted,0.0,region_08
2021-02-20,8,B.1.1.7,0.045626994219999994,0.17703562975,0.01123535214,biweekly,weighted,,region_08
2021-02-27,8,B.1.1.7,0.04949212074,0.15019325912,0.01510841399,biweekly,weighted,0.0,region_08
2021-03-06,8,B.1.1.7,0.19390772283000002,0.2559072636075,0.1440291963525,weekly,weighted,0.0,region_08
2021-03-13,8,B.1.1.7,0.1672641262425,0.36810418218249996,0.06475747004,weekly,weighted,0.0,region_08
2021-03-20,8,B.1.1.7,0.281077720225,0.4519498646275,0.15638877079250002,weekly,weighted,0.0,region_08
2021-03-27,8,B.1.1.7,0.431273423135,0.54184794426,0.3271714225375,weekly,weighted,0.0,region_08
2021-04-03,8,B.1.1.7,0.5286765396599999,0.6619817167525,0.39103291184,weekly,weighted,0.0,region_08
2021-04-10,8,B.1.1.7,0.5608879029725,0.6401036381725,0.4785372614875,weekly,weighted,0.0,region_08
2021-04-17,8,B.1.1.7,0.609356477855,0.6863266229625,0.5265312492850001,weekly,weighted,0.0,region_08
2021-04-24,8,B.1.1.7,0.6198571324375,0.7019685506825,0.5300719737999999,weekly,weighted,0.0,region_08
2021-05-01,8,B.1.1.7,0.7622801363475,0.8378989994525,0.665680617095,weekly,weighted,0.0,region_08
2021-05-08,8,B.1.1.7,0.7560797929766666,0.8539850413816668,0.62401248018,weekly,weighted,0.0,region_08
2021-05-15,8,B.1.1.7,0.672226442231111,0.8330802851255555,0.4601977301988889,weekly,weighted,0.0,region_08
2021-05-22,8,B.1.1.7,0.6995481716266667,0.7860283189344445,0.5977924002544444,weekly,weighted,0.0,region_08
2021-05-29,8,B.1.1.7,0.5753819015288889,0.7139079305877778,0.42471613817888887,weekly,weighted,0.0,region_08
2021-06-05,8,B.1.1.7,0.5538876950725,0.68801283091375,0.411128718405,weekly,weighted,0.0,region_08
2021-06-12,8,B.1.1.7,0.3374152481555555,0.4974908663188889,0.20587510863888892,weekly,weighted,0.0,region_08
2021-06-19,8,B.1.1.7,0.22888297339333333,0.43728976945,0.10154356807499999,weekly,weighted,0.0,region_08
2021-06-26,8,B.1.1.7,0.13382010741333333,0.28410810563333333,0.05566557662333333,weekly,weighted,0.0,region_08
2021-07-03,8,B.1.1.7,0.07539955278222223,0.11243606276111111,0.048697584617777775,weekly,weighted,0.0,region_08
2021-07-10,8,B.1.1.7,0.05035562854666667,0.08465529067666666,0.029408385355555552,weekly,weighted,0.0,region_08
2021-07-17,8,B.1.1.7,0.024086415396,0.048014510422,0.012083948218,weekly,weighted,0.0,region_08
2021-07-24,8,B.1.1.7,0.02484495081,0.039486487954,0.015693922712,weekly,weighted,0.0,region_08
2021-07-31,8,B.1.1.7,0.010303505462500001,0.0294832699025,0.0035554317875,weekly,weighted,0.0,region_08
2021-01-30,8,B.1.2,0.4004145392342857,0.5001094426414285,0.3078537200185715,biweekly,weighted,0.0,region_08
2021-02-06,8,B.1.2,0.39926373745642857,0.48166217548357143,0.32213397324142856,biweekly,weighted,,region_08
2021-02-13,8,B.1.2,0.3981129356785714,0.4632149083257143,0.3364142264642857,biweekly,weighted,0.0,region_08
2021-02-20,8,B.1.2,0.3710094690321428,0.46726894804357144,0.28619943452857144,biweekly,weighted,,region_08
2021-02-27,8,B.1.2,0.3439060023857143,0.47132298776142856,0.23598464259285715,biweekly,weighted,0.0,region_08
2021-01-30,8,B.1.427,0.09243983030285714,0.21656456589714287,0.03627010035857143,biweekly,weighted,0.0,region_08
2021-02-06,8,B.1.427,0.06970072032071428,0.14879217850357143,0.032022110785714285,biweekly,weighted,,region_08
2021-02-13,8,B.1.427,0.04696161033857143,0.08101979111,0.02777412121285714,biweekly,weighted,0.0,region_08
2021-02-20,8,B.1.427,0.05637193865845237,0.12191428164416668,0.02732355655392857,biweekly,weighted,,region_08
2021-02-27,8,B.1.427,0.06578226697833332,0.16280877217833334,0.026872991895,biweekly,weighted,0.0,region_08
2021-03-06,8,B.1.427,0.06243722886,0.14864349365,0.02477184311,weekly,weighted,0.0,region_08
2021-03-13,8,B.1.427,0.08539956808,0.1278283596,0.05614713207,weekly,weighted,0.0,region_08
2021-03-20,8,B.1.427,0.09088905156,0.14540265501,0.05548642576,weekly,weighted,0.0,region_08
2021-03-27,8,B.1.427,0.06651683897,0.12449967116,0.03447481245,weekly,weighted,0.0,region_08
2021-04-03,8,B.1.427,0.05861858651,0.09433501959,0.03588898107,weekly,weighted,0.0,region_08
2021-04-10,8,B.1.427,0.04536026344,0.10729852319,0.01843752339,weekly,weighted,0.0,region_08
2021-04-17,8,B.1.427,0.03143756837,0.04681591317,0.02099949308,weekly,weighted,0.0,region_08
2021-04-24,8,B.1.427,0.02971793711,0.11543277651,0.00713727111,weekly,weighted,0.0,region_08
2021-05-01,8,B.1.427,0.022353398144999998,0.094439882785,0.0050249473400000005,weekly,weighted,,region_08
2021-05-08,8,B.1.427,0.01498885918,0.07344698906,0.00291262357,weekly,weighted,0.0,region_08
2021-01-30,8,B.1.429,0.08297023922272727,0.17117266356909092,0.039879151705454544,biweekly,weighted,0.0,region_08
2021-02-06,8,B.1.429,0.108414041725,0.17853095721136364,0.06740238805454546,biweekly,weighted,,region_08
2021-02-13,8,B.1.429,0.13385784422727273,0.1858892508536364,0.09492562440363636,biweekly,weighted,0.0,region_08
2021-02-20,8,B.1.429,0.15111967210045454,0.2439882721418182,0.0922336410740909,biweekly,weighted,,region_08
2021-02-27,8,B.1.429,0.16838149997363636,0.30208729343,0.08954165774454546,biweekly,weighted,0.0,region_08
2021-03-06,8,B.1.429,0.19482958317,0.21583007276,0.17541536689,weekly,weighted,0.0,region_08
2021-03-13,8,B.1.429,0.20648482442,0.35557252169,0.10930515826,weekly,weighted,0.0,region_08
2021-03-20,8,B.1.429,0.21714636683,0.33065438271,0.13475885987,weekly,weighted,0.0,region_08
2021-03-27,8,B.1.429,0.16169537604,0.22795644403,0.11190301925,weekly,weighted,0.0,region_08
2021-04-03,8,B.1.429,0.14224722981,0.21528099477,0.09111327678,weekly,weighted,0.0,region_08
2021-04-10,8,B.1.429,0.11343858391,0.18260832131,0.06828080863,weekly,weighted,0.0,region_08
2021-04-17,8,B.1.429,0.0877847299,0.11349447072,0.06745582819,weekly,weighted,0.0,region_08
2021-04-24,8,B.1.429,0.05551478267,0.07305435836,0.04199549183,weekly,weighted,0.0,region_08
2021-05-01,8,B.1.429,0.02416714653,0.06072518229,0.00939773209,weekly,weighted,0.0,region_08
2021-05-08,8,B.1.429,0.02604920231,0.05408959836,0.01235525776,weekly,weighted,0.0,region_08
2021-05-15,8,B.1.429,0.01260575559,0.04127342626,0.00377172208,weekly,weighted,0.0,region_08
2021-03-13,8,B.1.526,0.025875900563333335,0.08282609780666667,0.008036366976666666,weekly,weighted,0.0,region_08
2021-03-20,8,B.1.526,0.0465332487,0.07316178828666667,0.03016397077333333,weekly,weighted,0.0,region_08
2021-03-27,8,B.1.526,0.05367568383666666,0.09370047102333334,0.030607146523333333,weekly,weighted,0.0,region_08
2021-04-03,8,B.1.526,0.044204171746666666,0.08780627200666667,0.021672638443333336,weekly,weighted,0.0,region_08
2021-04-10,8,B.1.526,0.08426961427,0.13638820995666667,0.05203542982333333,weekly,weighted,0.0,region_08
2021-04-17,8,B.1.526,0.07385710999666667,0.13308031112,0.040295813853333334,weekly,weighted,0.0,region_08
2021-04-24,8,B.1.526,0.10473543281333332,0.17409977813666666,0.06335205833333334,weekly,weighted,0.0,region_08
2021-05-01,8,B.1.526,0.07046639174000001,0.09892261649,0.05045521818333334,weekly,weighted,0.0,region_08
2021-05-08,8,B.1.526,0.06673975537333333,0.16067100316333335,0.027555727399999997,weekly,weighted,0.0,region_08
2021-05-15,8,B.1.526,0.06845897734199999,0.13865620791799999,0.032365646958,weekly,weighted,0.0,region_08
2021-05-22,8,B.1.526,0.071121553332,0.11082119047800001,0.046557004747999994,weekly,weighted,0.0,region_08
2021-05-29,8,B.1.526,0.050634014608,0.092628368734,0.027748339249999997,weekly,weighted,0.0,region_08
2021-06-05,8,B.1.526,0.039066423195000005,0.074975282885,0.01997763524,weekly,weighted,0.0,region_08
2021-06-12,8,B.1.526,0.023699890203333334,0.10825175792000001,0.004838220153333333,weekly,weighted,0.0,region_08
2021-06-19,8,B.1.526,0.020864866055,0.09299979079500001,0.004556061291666667,weekly,weighted,,region_08
2021-06-26,8,B.1.526,0.018029841906666667,0.07774782367000001,0.00427390243,weekly,weighted,,region_08
2021-07-03,8,B.1.526,0.015194817758333335,0.062495856545,0.003991743568333333,weekly,weighted,,region_08
2021-07-10,8,B.1.526,0.012359793610000001,0.04724388942,0.0037095847066666667,weekly,weighted,0.0,region_08
2021-01-30,8,B.1.596,0.10794069617999999,0.168527677655,0.067915939725,biweekly,weighted,0.0,region_08
2021-02-06,8,B.1.596,0.07761450856999999,0.1285630390025,0.0463165701375,biweekly,weighted,,region_08
2021-02-13,8,B.1.596,0.04728832096,0.08859840035,0.02471720055,biweekly,weighted,0.0,region_08
2021-02-20,8,B.1.596,0.05773163400749999,0.08621064386999999,0.039994561115,biweekly,weighted,,region_08
2021-02-27,8,B.1.596,0.06817494705499999,0.08382288739,0.05527192168,biweekly,weighted,0.0,region_08
2021-04-24,8,B.1.617.2,0.0163484602225,0.031360786875000005,0.0084678758875,weekly,weighted,0.0,region_08
2021-05-01,8,B.1.617.2,0.014861282895,0.0271912282325,0.008075979075,weekly,weighted,0.0,region_08
2021-05-08,8,B.1.617.2,0.028920831136746986,0.047313075377831325,0.016335214342289156,weekly,weighted,0.0,region_08
2021-05-15,8,B.1.617.2,0.06942727219804597,0.10560581618977012,0.04298546978747127,weekly,weighted,0.0,region_08
2021-05-22,8,B.1.617.2,0.08171017133931036,0.11064696037931035,0.058703512339425286,weekly,weighted,0.0,region_08
2021-05-29,8,B.1.617.2,0.21843081626081395,0.29544559918139535,0.15458514610686047,weekly,weighted,0.0,region_08
2021-06-05,8,B.1.617.2,0.3244686934144186,0.4259831163769767,0.23462718222709303,weekly,weighted,0.0,region_08
2021-06-12,8,B.1.617.2,0.5213160131167816,0.6242111318408046,0.41689257786206896,weekly,weighted,0.0,region_08
2021-06-19,8,B.1.617.2,0.6151289400216217,0.7529573666082432,0.4613003493164865,weekly,weighted,0.0,region_08
2021-06-26,8,B.1.617.2,0.7760592865390697,0.8686430620593023,0.6571528544256977,weekly,weighted,0.0,region_08
2021-07-03,8,B.1.617.2,0.8579242318532184,0.9026318233587356,0.8022790331945977,weekly,weighted,0.0,region_08
2021-07-10,8,B.1.617.2,0.8711025929726744,0.9042157932763952,0.8314123860625582,weekly,weighted,0.0,region_08
2021-07-17,8,B.1.617.2,0.9278289115142856,0.9558283104783334,0.8895779649414286,weekly,weighted,0.0,region_08
2021-07-24,8,B.1.617.2,0.9589735190553013,0.970917435296024,0.9438046260054216,weekly,weighted,0.0,region_08
2021-07-31,8,B.1.617.2,0.9671767722623684,0.9794726316867105,0.950276923806842,weekly,weighted,0.0,region_08
2021-08-07,8,B.1.617.2,0.9815995984130953,0.9929177654641667,0.960930512065238,weekly,weighted,0.0,region_08
2021-08-14,8,B.1.617.2,0.9802207523079519,0.9923192729432531,0.9575811179280723,weekly,weighted,0.0,region_08
2021-08-21,8,B.1.617.2,0.9946218066746914,0.9983786683020988,0.9865060367698766,weekly,weighted,0.0,region_08
2021-08-28,8,B.1.617.2,0.9884568935344047,0.9980873128020482,0.9620970487595182,weekly,weighted,0.0,region_08
2021-09-04,8,B.1.617.2,0.9904584513085715,0.9975289183776623,0.9744638398101299,weekly,weighted,0.0,region_08
2021-09-11,8,B.1.617.2,0.9929973781104999,0.9976885139937499,0.982941979169875,weekly,weighted,0.0,region_08
2021-09-18,8,B.1.617.2,0.9916437640785001,0.997629710287,0.9790893107652501,weekly,weighted,0.0,region_08
2021-09-25,8,B.1.617.2,0.9946301336356579,0.9986116164610526,0.9857677448735526,weekly,weighted,0.0,region_08
2021-10-02,8,B.1.617.2,0.9953662646121796,0.9987347836675641,0.9879045654564101,weekly,weighted,0.0,region_08
2021-10-09,8,B.1.617.2,0.9917243673244872,0.998301313474359,0.9758880428778206,weekly,weighted,0.0,region_08
2021-10-16,8,B.1.617.2,0.9920666635811688,0.9975846750394805,0.980554694478961,weekly,weighted,0.0,region_08
2021-10-23,8,B.1.617.2,0.9930171762640789,0.9985440585168421,0.9796071601540789,weekly,weighted,0.0,region_08
2021-10-30,8,B.1.617.2,0.9960049796103999,0.9995494318006667,0.9848819224038667,weekly,weighted,0.0,region_08
2021-11-06,8,B.1.617.2,0.9913248525905479,0.9986353492082192,0.9713690950446575,weekly,weighted,0.0,region_08
2021-11-13,8,B.1.617.2,0.9895412786809333,0.9983262435596,0.9652887765566667,weekly,weighted,0.0,region_08
2021-11-20,8,B.1.617.2,0.9903761761052778,0.9991044435233333,0.9623615162240279,weekly,weighted,0.0,region_08
2021-11-27,8,B.1.617.2,0.995360629426111,0.9982154120998611,0.9896788059004167,weekly,weighted,0.0,region_08
2021-12-04,8,B.1.617.2,0.9981662786527535,0.9993617128637682,0.9956252514456522,weekly,weighted,0.0,region_08
2021-12-11,8,B.1.617.2,0.9827511751136233,0.9912267845611594,0.9684494371000001,weekly,weighted,0.0,region_08
2021-12-18,8,B.1.617.2,0.7660894327697222,0.8848204778294444,0.6042394588388889,weekly,weighted,0.0,region_08
2021-12-25,8,B.1.617.2,0.3257385267496491,0.4831688440689474,0.19267668823350878,weekly,weighted,0.0,region_08
2022-01-01,8,B.1.617.2,0.11772675022686567,0.18621890780626865,0.06771852754373135,weekly,weighted,0.0,region_08
2022-01-08,8,B.1.617.2,0.03815798444515151,0.053140453204393936,0.026445970842121212,weekly,weighted,0.0,region_08
2022-01-15,8,B.1.617.2,0.011211912731791045,0.01674688233552239,0.007142673455373135,weekly,weighted,0.0,region_08
2022-01-22,8,B.1.617.2,0.005742878108333333,0.010273257271666668,0.0028616982366666665,weekly,weighted,0.0,region_08
2022-01-29,8,B.1.617.2,0.008335017596666668,0.014305218743333334,0.0044051702133333336,weekly,weighted,0.0,region_08
2021-05-22,8,B.1.621,0.031349691376,0.21669782102,0.003771987932,weekly,weighted,0.0,region_08
2021-05-29,8,B.1.621,0.0292207584725,0.197228342295,0.003674402075,weekly,weighted,0.0,region_08
2021-06-05,8,B.1.621,0.027971458123511907,0.17017848763107143,0.005252766323690476,weekly,weighted,,region_08
2021-06-12,8,B.1.621,0.02672215777452381,0.14312863296714284,0.006831130572380953,weekly,weighted,,region_08
2021-06-19,8,B.1.621,0.025472857425535716,0.11607877830321428,0.00840949482107143,weekly,weighted,,region_08
2021-06-26,8,B.1.621,0.024223557076547622,0.0890289236392857,0.009987859069761906,weekly,weighted,,region_08
2021-07-03,8,B.1.621,0.022974256727559525,0.06197906897535713,0.011566223318452383,weekly,weighted,,region_08
2021-07-10,8,B.1.621,0.02172495637857143,0.03492921431142857,0.013144587567142858,weekly,weighted,0.0,region_08
2021-07-17,8,B.1.621,0.01157060359,0.01686281897,0.00792590436,weekly,weighted,0.0,region_08
2021-07-24,8,B.1.621,0.014903089965000001,0.03485487308375,0.0070377415425,weekly,weighted,,region_08
2021-07-31,8,B.1.621,0.01823557634,0.0528469271975,0.006149578725,weekly,weighted,0.0,region_08
2021-05-15,8,B.1.637,0.02566030249,0.06847067177,0.009347938,weekly,weighted,0.0,region_08
2021-05-22,8,B.1.637,0.01697758771,0.04892075062,0.005765507,weekly,weighted,0.0,region_08
2021-05-29,8,B.1.637,0.02460057847,0.07202394307,0.00812906679,weekly,weighted,0.0,region_08
2022-01-01,8,BA.1.1,0.5511422613088235,0.6825429569273529,0.41425632992235295,weekly,weighted,0.0,region_08
2022-01-08,8,BA.1.1,0.6488179143735294,0.7335044689032353,0.5565321866205882,weekly,weighted,0.0,region_08
2022-01-15,8,BA.1.1,0.7332247267750001,0.7839870330164705,0.67748027514,weekly,weighted,0.0,region_08
2022-01-22,8,BA.1.1,0.7827232743011765,0.8125175675932352,0.7505598524029411,weekly,weighted,0.0,region_08
2022-01-29,8,BA.1.1,0.8074559411591177,0.8360923160523529,0.7761855248132353,weekly,weighted,0.0,region_08
2022-02-05,8,BA.1.1,0.8165250105008823,0.8401400113799999,0.791013060247353,weekly,weighted,0.0,region_08
2022-02-12,8,BA.1.1,0.8341421539139393,0.85249997269,0.8144756790360606,weekly,weighted,0.0,region_08
2022-02-19,8,BA.1.1,0.8416453798603031,0.8680182225775758,0.8123247063518182,weekly,weighted,0.0,region_08
2022-02-26,8,BA.1.1,0.8214936852463637,0.8495896512821213,0.7905641649709091,weekly,weighted,0.0,region_08
2022-03-05,8,BA.1.1,0.7449434820344117,0.8315577349241177,0.6413671637282353,weekly,weighted,0.0,region_08
2022-03-12,8,BA.1.1,0.6943439578302941,0.7318355335905882,0.6548365775279411,weekly,weighted,0.0,region_08
2022-03-19,8,BA.1.1,0.6216979359879412,0.66764571211,0.5740686953067646,weekly,weighted,0.0,region_08
2022-03-26,8,BA.1.1,0.4188748361429412,0.46430756414647056,0.37444169556411766,weekly,weighted,0.0,region_08
2022-04-02,8,BA.1.1,0.27534361709588234,0.3534464318952941,0.2061949043597059,weekly,weighted,0.0,region_08
2022-04-09,8,BA.1.1,0.17095401181882353,0.22214105988264707,0.12739554091382355,weekly,weighted,0.0,region_08
2022-04-16,8,BA.1.1,0.09470660239,0.16711960733,0.04642631859,weekly,weighted,0.0,region_08
2022-04-23,8,BA.1.1,0.04381343459382353,0.0767107656332353,0.022213675903823532,weekly,weighted,0.0,region_08
2022-01-22,8,BA.2,0.0025579594833333333,0.004242189226666667,0.0014209982500000002,weekly,weighted,0.0,region_08
2022-01-29,8,BA.2,0.0033501486092307694,0.005575718546346154,0.0018530609598076922,weekly,weighted,0.0,region_08
2022-02-05,8,BA.2,0.00663805044904762,0.008598751965238094,0.005028900512539683,weekly,weighted,0.0,region_08
2022-02-12,8,BA.2,0.011379651832459016,0.01730960112819672,0.007099278416393443,weekly,weighted,0.0,region_08
2022-02-19,8,BA.2,0.015581688688666667,0.019967902606333333,0.011942824969000001,weekly,weighted,0.0,region_08
2022-02-26,8,BA.2,0.02886502839,0.0386864415675,0.021011471872666665,weekly,weighted,0.0,region_08
2022-03-05,8,BA.2,0.1035574640617544,0.16303653596701753,0.060201722736140356,weekly,weighted,0.0,region_08
2022-03-12,8,BA.2,0.1894082189620339,0.24132021630186443,0.1448126450433898,weekly,weighted,0.0,region_08
2022-03-19,8,BA.2,0.29816824300551725,0.3675223779063793,0.23521182172310345,weekly,weighted,0.0,region_08
2022-03-26,8,BA.2,0.4690388896245455,0.5447779297827272,0.3943923847241818,weekly,weighted,0.0,region_08
2022-04-02,8,BA.2,0.6348050995305455,0.7034840085287273,0.5618419376290908,weekly,weighted,0.0,region_08
2022-04-09,8,BA.2,0.7043100985614545,0.7938076712863636,0.6013617786492728,weekly,weighted,0.0,region_08
2022-04-16,8,BA.2,0.7478095079367925,0.8056620798013208,0.6825640089109434,weekly,weighted,0.0,region_08
2022-04-23,8,BA.2,0.682053750415849,0.7162961015162264,0.6454401589784906,weekly,weighted,0.0,region_08
2022-04-30,8,BA.2,0.6482005072572549,0.7033486693509804,0.5895946002464706,weekly,weighted,0.0,region_08
2022-05-07,8,BA.2,0.48256095392387754,0.5424366033804082,0.4228791959432653,weekly,weighted,0.0,region_08
2022-05-14,8,BA.2,0.44047979575958335,0.5039219812802084,0.3784922286870833,weekly,weighted,0.0,region_08
2022-05-21,8,BA.2,0.3908941155920833,0.4486851071314583,0.335352946073125,weekly,weighted,0.0,region_08
2022-05-28,8,BA.2,0.3087910870282979,0.3671912912357447,0.25457470784765956,weekly,weighted,0.0,region_08
2022-06-04,8,BA.2,0.24495065115108697,0.28328575453086957,0.20946372915913042,weekly,weighted,0.0,region_08
2022-06-11,8,BA.2,0.16963915526869566,0.20441771136630435,0.1386941914326087,weekly,weighted,0.0,region_08
2022-06-18,8,BA.2,0.1273746197534091,0.18220753188863636,0.08423754699863636,weekly,weighted,0.0,region_08
2022-06-25,8,BA.2,0.10696483282209303,0.14779167119860465,0.07427481882465116,weekly,weighted,0.0,region_08
2022-07-02,8,BA.2,0.06843590346488372,0.09409757079744185,0.04810973897906976,weekly,weighted,0.0,region_08
2022-07-09,8,BA.2,0.0284214858,0.04893058538,0.01485318411,weekly,weighted,0.0,region_08
2022-07-16,8,BA.2,0.027823092163216375,0.047759062475760235,0.01460890674131579,weekly,weighted,,region_08
2022-07-23,8,BA.2,0.02722469852643275,0.04658753957152047,0.014364629372631579,weekly,weighted,,region_08
2022-07-30,8,BA.2,0.02662630488964912,0.045416016667280706,0.01412035200394737,weekly,weighted,,region_08
2022-08-06,8,BA.2,0.026027911252865497,0.04424449376304094,0.013876074635263158,weekly,weighted,,region_08
2022-08-13,8,BA.2,0.02542951761608187,0.04307297085880117,0.013631797266578947,weekly,weighted,,region_08
2022-08-20,8,BA.2,0.024831123979298243,0.041901447954561404,0.013387519897894738,weekly,weighted,,region_08
2022-08-27,8,BA.2,0.02423273034251462,0.04072992505032164,0.013143242529210527,weekly,weighted,,region_08
2022-09-03,8,BA.2,0.023634336705730993,0.039558402146081875,0.012898965160526316,weekly,weighted,,region_08
2022-09-10,8,BA.2,0.02303594306894737,0.03838687924184211,0.012654687791842105,weekly,weighted,,region_08
2022-09-17,8,BA.2,0.022437549432163743,0.03721535633760234,0.012410410423157894,weekly,weighted,,region_08
2022-09-24,8,BA.2,0.021839155795380115,0.03604383343336257,0.012166133054473685,weekly,weighted,,region_08
2022-10-01,8,BA.2,0.02124076215859649,0.03487231052912281,0.011921855685789474,weekly,weighted,,region_08
2022-10-08,8,BA.2,0.020642368521812865,0.033700787624883044,0.011677578317105263,weekly,weighted,,region_08
2022-10-15,8,BA.2,0.020043974885029237,0.032529264720643276,0.011433300948421054,weekly,weighted,,region_08
2022-10-22,8,BA.2,0.01944558124824561,0.03135774181640351,0.011189023579736843,weekly,weighted,,region_08
2022-10-29,8,BA.2,0.018847187611461987,0.030186218912163745,0.010944746211052632,weekly,weighted,,region_08
2022-11-05,8,BA.2,0.01824879397467836,0.029014696007923977,0.010700468842368421,weekly,weighted,,region_08
2022-11-12,8,BA.2,0.017650400337894737,0.027843173103684213,0.01045619147368421,weekly,weighted,,region_08
2022-11-19,8,BA.2,0.017052006701111108,0.026671650199444445,0.010211914105,weekly,weighted,0.0,region_08
2022-03-26,8,BA.2.12.1,0.025266534803958334,0.040960241885416665,0.014394163483125,weekly,weighted,0.0,region_08
2022-04-02,8,BA.2.12.1,0.05565402067509091,0.07921080040654546,0.037453576211272724,weekly,weighted,0.0,region_08
2022-04-09,8,BA.2.12.1,0.07678168391333333,0.10778157537333333,0.05249120792,weekly,weighted,0.0,region_08
2022-04-16,8,BA.2.12.1,0.14192838025018867,0.19958748232622642,0.09595501324471699,weekly,weighted,0.0,region_08
2022-04-23,8,BA.2.12.1,0.24532683137452832,0.2905936207409434,0.2042474076154717,weekly,weighted,0.0,region_08
2022-04-30,8,BA.2.12.1,0.3190922342682353,0.39490795077039215,0.24992820825058823,weekly,weighted,0.0,region_08
2022-05-07,8,BA.2.12.1,0.45631420065000006,0.5347158659477551,0.37964352722,weekly,weighted,0.0,region_08
2022-05-14,8,BA.2.12.1,0.5202580729254348,0.5975566545263044,0.4422075327319565,weekly,weighted,0.0,region_08
2022-05-21,8,BA.2.12.1,0.5653417736893878,0.6244373662126531,0.5048956347965305,weekly,weighted,0.0,region_08
2022-05-28,8,BA.2.12.1,0.6023008442940425,0.6495677143968085,0.5535533821334043,weekly,weighted,0.0,region_08
2022-06-04,8,BA.2.12.1,0.6033506665536956,0.6473288186223913,0.5579818487165218,weekly,weighted,0.0,region_08
2022-06-11,8,BA.2.12.1,0.5741910001506522,0.604101896286087,0.5438317552856521,weekly,weighted,0.0,region_08
2022-06-18,8,BA.2.12.1,0.4612615975475,0.5074710263443182,0.4155384065070455,weekly,weighted,0.0,region_08
2022-06-25,8,BA.2.12.1,0.34575855596522725,0.38432190838227276,0.30852349170204546,weekly,weighted,0.0,region_08
2022-07-02,8,BA.2.12.1,0.20545552532418604,0.24530968173953485,0.16944707167744186,weekly,weighted,0.0,region_08
2022-07-09,8,BA.2.12.1,0.13853383064292682,0.18334566565512195,0.10126710028829268,weekly,weighted,0.0,region_08
2022-07-16,8,BA.2.12.1,0.08781908125463415,0.10213598972463414,0.07500419620268292,weekly,weighted,0.0,region_08
2022-07-23,8,BA.2.12.1,0.04118177615472222,0.06402096245444444,0.024742849170833334,weekly,weighted,0.0,region_08
2022-07-30,8,BA.2.12.1,0.03061743453,0.05476884916,0.01511102822,weekly,weighted,0.0,region_08
2022-11-12,8,BA.2.75,0.009580579689444445,0.017059142391666667,0.004799960645555556,weekly,weighted,0.0,region_08
2023-11-25,8,BA.2.86,0.018273869322222223,0.030996503255555554,0.00980118209361111,biweekly,weighted,0.0,region_08
2023-12-02,8,BA.2.86,0.0241903937425,0.04182775702708333,0.012575389060208334,biweekly,weighted,,region_08
2023-12-09,8,BA.2.86,0.03010691816277778,0.052659010798611114,0.015349596026805556,biweekly,weighted,,region_08
2023-12-16,8,BA.2.86,0.03602344258305556,0.06349026457013889,0.018123802993402778,biweekly,weighted,,region_08
2023-12-23,8,BA.2.86,0.041939967003333335,0.07432151834166667,0.020898009960000002,biweekly,weighted,0.0,region_08
2022-06-04,8,BA.4,0.05089751031695653,0.07401496544413043,0.03335791214847826,weekly,weighted,0.0,region_08
2022-06-11,8,BA.4,0.09887573932782608,0.13401949600065216,0.07046002514043478,weekly,weighted,0.0,region_08
2022-06-18,8,BA.4,0.08289432102318182,0.09943687356977272,0.06833323302977273,weekly,weighted,0.0,region_08
2022-06-25,8,BA.4,0.10716814700113636,0.152782951905,0.07142414863863636,weekly,weighted,0.0,region_08
2022-07-02,8,BA.4,0.1505688525911628,0.21038465340441861,0.10235246808093024,weekly,weighted,0.0,region_08
2022-07-09,8,BA.4,0.15214216927219512,0.21783136449146343,0.10002556534097562,weekly,weighted,0.0,region_08
2022-07-16,8,BA.4,0.11652190892536585,0.15159822019146343,0.08723215104560976,weekly,weighted,0.0,region_08
2022-07-23,8,BA.4,0.082250812277,0.11985361967250001,0.053475655615499995,weekly,weighted,0.0,region_08
2022-07-30,8,BA.4,0.08634956886842106,0.11511226586657895,0.06283110056605264,weekly,weighted,0.0,region_08
2022-08-06,8,BA.4,0.06493045482861111,0.08598439540194444,0.047712490376944444,weekly,weighted,0.0,region_08
2022-08-13,8,BA.4,0.044149606075,0.06283613956694445,0.029754120753055557,weekly,weighted,0.0,region_08
2022-08-20,8,BA.4,0.0384270527369697,0.058945689802727276,0.023531853927878786,weekly,weighted,0.0,region_08
2022-08-27,8,BA.4,0.033690159395999994,0.055094234397,0.018918005873,weekly,weighted,0.0,region_08
2022-09-03,8,BA.4,0.025659476716999998,0.042967845623333334,0.013964572487333333,weekly,weighted,0.0,region_08
2022-09-10,8,BA.4,0.021403280862083332,0.03486980823791667,0.012117123231666665,weekly,weighted,0.0,region_08
2022-07-16,8,BA.4.6,0.015093713392749999,0.022139298124500002,0.00983874106325,weekly,weighted,0.0,region_08
2022-07-23,8,BA.4.6,0.01643069377255147,0.02641839103872059,0.009555565266625,weekly,weighted,,region_08
2022-07-30,8,BA.4.6,0.017767674152352943,0.03069748395294118,0.00927238947,weekly,weighted,0.0,region_08
2022-08-06,8,BA.4.6,0.03533041425444444,0.057763651944722216,0.01986102853,weekly,weighted,0.0,region_08
2022-08-13,8,BA.4.6,0.045854331056,0.08174483627133333,0.022606736671333335,weekly,weighted,0.0,region_08
2022-08-20,8,BA.4.6,0.05619532439588235,0.08164232355705882,0.03685215937294117,weekly,weighted,0.0,region_08
2022-08-27,8,BA.4.6,0.06198667619241379,0.10602584866586208,0.03234081240034483,weekly,weighted,0.0,region_08
2022-09-03,8,BA.4.6,0.03787761392733333,0.06507233443366667,0.019792050558333333,weekly,weighted,0.0,region_08
2022-09-10,8,BA.4.6,0.074135734141,0.11486799096000001,0.04440953272166667,weekly,weighted,0.0,region_08
2022-09-17,8,BA.4.6,0.04761280479466667,0.08011269693499999,0.025565746054000003,weekly,weighted,0.0,region_08
2022-09-24,8,BA.4.6,0.07941864406,0.118978035202,0.049783646439000004,weekly,weighted,0.0,region_08
2022-10-01,8,BA.4.6,0.055611246675999995,0.0884972518692,0.032245087325999996,weekly,weighted,0.0,region_08
2022-10-08,8,BA.4.6,0.097915044428,0.1695412457,0.049400927128,weekly,weighted,0.0,region_08
2022-10-15,8,BA.4.6,0.08052227464061111,0.13681633474583332,0.042048872304638885,weekly,weighted,,region_08
2022-10-22,8,BA.4.6,0.06312950485322222,0.10409142379166667,0.03469681748127777,weekly,weighted,,region_08
2022-10-29,8,BA.4.6,0.04573673506583333,0.07136651283749999,0.027344762657916664,weekly,weighted,0.0,region_08
2022-11-05,8,BA.4.6,0.04359234510443841,0.06439280117874999,0.02812363662178442,weekly,weighted,,region_08
2022-11-12,8,BA.4.6,0.04144795514304348,0.057419089519999994,0.028902510585652175,weekly,weighted,0.0,region_08
2022-11-19,8,BA.4.6,0.0399420207365,0.058065131492,0.02634649342,weekly,weighted,0.0,region_08
2022-05-21,8,BA.5,0.01439406265,0.025612348846666664,0.007205830187500001,weekly,weighted,0.0,region_08
2022-05-28,8,BA.5,0.05495357746184783,0.08490457664865941,0.03311901711125,weekly,weighted,,region_08
2022-06-04,8,BA.5,0.09551309227369566,0.14419680445065217,0.059032204035,weekly,weighted,0.0,region_08
2022-06-11,8,BA.5,0.1535120350502174,0.18359459904195652,0.12666916782391305,weekly,weighted,0.0,region_08
2022-06-18,8,BA.5,0.32632551410068183,0.3696115206584091,0.2851383306763636,weekly,weighted,0.0,region_08
2022-06-25,8,BA.5,0.43600395050977275,0.4842503768481818,0.38878304680636366,weekly,weighted,0.0,region_08
2022-07-02,8,BA.5,0.5573749230014285,0.5932592125169047,0.5210345430038095,weekly,weighted,0.0,region_08
2022-07-09,8,BA.5,0.6546423028151219,0.734095121302439,0.568271648592439,weekly,weighted,0.0,region_08
2022-07-16,8,BA.5,0.7532562206431708,0.7864216638782926,0.7176911830902439,weekly,weighted,0.0,region_08
2022-07-23,8,BA.5,0.84325425475775,0.88333205729675,0.7958581328395,weekly,weighted,0.0,region_08
2022-07-30,8,BA.5,0.8468620667339474,0.87597066164,0.8139420481105264,weekly,weighted,0.0,region_08
2022-08-06,8,BA.5,0.8424987544619444,0.8955880552536111,0.7760262572108334,weekly,weighted,0.0,region_08
2022-08-13,8,BA.5,0.8656962977519445,0.8996451844777779,0.8253379232355555,weekly,weighted,0.0,region_08
2022-08-20,8,BA.5,0.8777361461102857,0.9065963404522858,0.8433946405139999,weekly,weighted,0.0,region_08
2022-08-27,8,BA.5,0.8817760769058823,0.9276644499864706,0.8201448707020588,weekly,weighted,0.0,region_08
2022-09-03,8,BA.5,0.8993634798306062,0.9327527862609091,0.8561809604818181,weekly,weighted,0.0,region_08
2022-09-10,8,BA.5,0.8820529699326667,0.913727335135,0.8430842081696667,weekly,weighted,0.0,region_08
2022-09-17,8,BA.5,0.895908547986129,0.92096041864,0.8660787786216129,weekly,weighted,0.0,region_08
2022-09-24,8,BA.5,0.8330754061546667,0.8737620949743333,0.7853875557583333,weekly,weighted,0.0,region_08
2022-10-01,8,BA.5,0.8800607132060714,0.9275904127535713,0.8150255722660714,weekly,weighted,0.0,region_08
2022-10-08,8,BA.5,0.8090910634821429,0.8617371491028571,0.7459896121707142,weekly,weighted,0.0,region_08
2022-10-15,8,BA.5,0.6990440602492308,0.7667617408134616,0.6243126231888462,weekly,weighted,0.0,region_08
2022-10-22,8,BA.5,0.68489515323,0.7443605592619231,0.6201241153942308,weekly,weighted,0.0,region_08
2022-10-29,8,BA.5,0.6493967150645833,0.73188168803875,0.5597689002766667,weekly,weighted,0.0,region_08
2022-11-05,8,BA.5,0.5397335588950001,0.676083117725,0.398886293175,weekly,weighted,0.0,region_08
2022-11-12,8,BA.5,0.4846938472730435,0.579292494317826,0.3910939460213044,weekly,weighted,0.0,region_08
2022-11-19,8,BA.5,0.3916462632740909,0.46209154074954545,0.32450277019636364,weekly,weighted,0.0,region_08
2022-11-26,8,BA.5,0.34703200558833336,0.4850483710575,0.22557852044666668,weekly,weighted,0.0,region_08
2022-12-03,8,BA.5,0.316240307688,0.3591503947975,0.2755861148225,weekly,weighted,0.0,region_08
2022-12-10,8,BA.5,0.2927315440025,0.372660381719375,0.22127899155,weekly,weighted,0.0,region_08
2022-12-17,8,BA.5,0.20812489705882353,0.3134951188270588,0.12552898333294116,weekly,weighted,0.0,region_08
2022-12-24,8,BA.5,0.18071436005470587,0.2377391852,0.13256701914529412,weekly,weighted,0.0,region_08
2022-12-31,8,BA.5,0.1700742577123077,0.2940896313923077,0.08304101228692308,weekly,weighted,0.0,region_08
2023-01-07,8,BA.5,0.1461743945157967,0.23151943623758242,0.0838642918631044,weekly,weighted,,region_08
2023-01-14,8,BA.5,0.12227453131928571,0.16894924108285717,0.08468757143928572,weekly,weighted,0.0,region_08
2023-01-21,8,BA.5,0.07356443256,0.12525935471,0.03845656663,weekly,weighted,0.0,region_08
2023-01-28,8,BA.5,0.04588463390125,0.07461237162374999,0.02587716188375,weekly,weighted,0.0,region_08
2022-11-05,8,BA.5.2.6,0.03109115921,0.054756168275,0.015702215025,weekly,weighted,0.0,region_08
2022-11-12,8,BA.5.2.6,0.015241704758666668,0.024089668816,0.00900598038,weekly,weighted,0.0,region_08
2022-10-22,8,BF.7,0.053683972553043476,0.09220003952130436,0.027925269679130435,weekly,weighted,0.0,region_08
2022-10-29,8,BF.7,0.06288729592541667,0.08627112613375,0.044269022842916665,weekly,weighted,0.0,region_08
2022-11-05,8,BF.7,0.05314704822416667,0.06998923110416667,0.03941583974916667,weekly,weighted,0.0,region_08
2022-11-12,8,BF.7,0.05712581276999999,0.0999612242,0.028840348868,weekly,weighted,0.0,region_08
2022-11-19,8,BF.7,0.0572609566147619,0.07999463379380953,0.03942989646714286,weekly,weighted,0.0,region_08
2022-11-26,8,BF.7,0.05054154364473684,0.08020826389842106,0.029530940577368422,weekly,weighted,0.0,region_08
2022-12-03,8,BF.7,0.03593493704052632,0.05063115119263158,0.024546319521052632,weekly,weighted,0.0,region_08
2022-11-26,8,BN.1,0.017453309150000002,0.028980414070000002,0.00966847222,weekly,weighted,0.0,region_08
2022-10-22,8,BQ.1,0.0435089628825,0.07482508600958333,0.02268454572125,weekly,weighted,0.0,region_08
2022-10-29,8,BQ.1,0.06947721115142858,0.12254414281571428,0.03447486832714286,weekly,weighted,0.0,region_08
2022-11-05,8,BQ.1,0.10959475371745342,0.15902170374524843,0.07283104640270185,weekly,weighted,,region_08
2022-11-12,8,BQ.1,0.14971229628347826,0.1954992646747826,0.11118722447826086,weekly,weighted,0.0,region_08
2022-11-19,8,BQ.1,0.2026294767859091,0.26891613006454546,0.1466811885218182,weekly,weighted,0.0,region_08
2022-11-26,8,BQ.1,0.19377958348809524,0.30357170388761906,0.11237230151809524,weekly,weighted,0.0,region_08
2022-12-03,8,BQ.1,0.1991056293245,0.270336797833,0.13974014408899998,weekly,weighted,0.0,region_08
2022-12-10,8,BQ.1,0.2827448606486667,0.42242904305533335,0.16816795666933335,weekly,weighted,0.0,region_08
2022-12-17,8,BQ.1,0.25202313278285715,0.3929294901235714,0.14120145248642857,weekly,weighted,0.0,region_08
2022-12-24,8,BQ.1,0.19384302198777778,0.3379332555655556,0.09186093012444445,weekly,weighted,0.0,region_08
2022-12-31,8,BQ.1,0.21993499994214286,0.36826956059285715,0.11038795911857144,weekly,weighted,0.0,region_08
2023-01-07,8,BQ.1,0.24194852893153845,0.37818518968692305,0.13553553475846153,weekly,weighted,0.0,region_08
2023-01-14,8,BQ.1,0.16784664119333334,0.2603114247333333,0.09792481921583333,weekly,weighted,0.0,region_08
2023-01-21,8,BQ.1,0.13937138020923076,0.2198640394653846,0.08000461470615385,weekly,weighted,0.0,region_08
2023-01-28,8,BQ.1,0.09854279234999999,0.155462984741,0.057306639106,weekly,weighted,0.0,region_08
2023-02-04,8,BQ.1,0.06935279984062499,0.10878488877800001,0.040805426636125,weekly,weighted,,region_08
2023-02-11,8,BQ.1,0.04016280733125,0.062106792815,0.024304214166249997,weekly,weighted,0.0,region_08
2022-10-29,8,BQ.1.1,0.062306241287083335,0.10187455887583334,0.034716641221250004,weekly,weighted,0.0,region_08
2022-11-05,8,BQ.1.1,0.13487506999333335,0.22103035015291664,0.07307568844375,weekly,weighted,0.0,region_08
2022-11-12,8,BQ.1.1,0.20898965065913042,0.2841943619047826,0.14604809232304347,weekly,weighted,0.0,region_08
2022-11-19,8,BQ.1.1,0.2166700918572727,0.28892781111318183,0.155300450595,weekly,weighted,0.0,region_08
2022-11-26,8,BQ.1.1,0.2515049437233864,0.3395951686935909,0.17603463767575,weekly,weighted,,region_08
2022-12-03,8,BQ.1.1,0.2863397955895,0.390262526274,0.19676882475649998,weekly,weighted,0.0,region_08
2022-12-10,8,BQ.1.1,0.31235663821293336,0.4238924608632,0.21419722149803333,weekly,weighted,,region_08
2022-12-17,8,BQ.1.1,0.33837348083636665,0.4575223954524,0.23162561823956665,weekly,weighted,,region_08
2022-12-24,8,BQ.1.1,0.3643903234598,0.49115233004159997,0.2490540149811,weekly,weighted,,region_08
2022-12-31,8,BQ.1.1,0.39040716608323334,0.5247822646308,0.2664824117226333,weekly,weighted,,region_08
2023-01-07,8,BQ.1.1,0.4164240087066666,0.55841219922,0.28391080846416666,weekly,weighted,0.0,region_08
2023-01-14,8,BQ.1.1,0.346421251695,0.48719031115333333,0.22290704523583335,weekly,weighted,0.0,region_08
2023-01-21,8,BQ.1.1,0.28752146088076924,0.40174489067076924,0.19058186962,weekly,weighted,0.0,region_08
2023-01-28,8,BQ.1.1,0.2733858376733333,0.3552132298533333,0.20161979272916666,weekly,weighted,0.0,region_08
2023-02-04,8,BQ.1.1,0.178399382532,0.257012805342,0.115743847935,weekly,weighted,0.0,region_08
2023-02-11,8,BQ.1.1,0.162015210093,0.254761555791,0.092919225247,weekly,weighted,0.0,region_08
2023-02-18,8,BQ.1.1,0.10374263177333333,0.17822016278666666,0.05285554255,weekly,weighted,0.0,region_08
2023-02-25,8,BQ.1.1,0.07144526924428572,0.12393556322285715,0.036338192012857144,weekly,weighted,0.0,region_08
2023-07-08,8,EG.5,0.08765683323076923,0.1532929402130769,0.04373312712769231,biweekly,weighted,0.0,region_08
2023-07-15,8,EG.5,0.1278097464568132,0.22389434016010984,0.06189669494598901,biweekly,weighted,,region_08
2023-07-22,8,EG.5,0.16796265968285715,0.2944957401071428,0.08006026276428571,biweekly,weighted,0.0,region_08
2023-07-29,8,EG.5,0.19532532862718943,0.31957959647520184,0.10394225142257764,biweekly,weighted,,region_08
2023-08-05,8,EG.5,0.22268799757152175,0.34466345284326083,0.12782424008086957,biweekly,weighted,0.0,region_08
2023-08-12,8,EG.5,0.22754692156652173,0.32431689487858695,0.1497104614973913,biweekly,weighted,,region_08
2023-08-19,8,EG.5,0.23240584556152172,0.30397033691391306,0.17159668291391303,biweekly,weighted,0.0,region_08
2023-08-26,8,EG.5,0.23310157486387195,0.306275736623401,0.1708892935748454,biweekly,weighted,,region_08
2023-09-02,8,EG.5,0.23379730416622221,0.3085811363328889,0.17018190423577778,biweekly,weighted,0.0,region_08
2023-09-09,8,EG.5,0.23294977530652022,0.2864229830642854,0.1861638974957298,biweekly,weighted,,region_08
2023-09-16,8,EG.5,0.2321022464468182,0.26426482979568183,0.20214589075568182,biweekly,weighted,0.0,region_08
2023-09-23,8,EG.5,0.23413610924608352,0.2692305394517944,0.2016382128879572,biweekly,weighted,,region_08
2023-09-30,8,EG.5,0.2361699720453488,0.27419624910790696,0.20113053502023256,biweekly,weighted,0.0,region_08
2023-10-07,8,EG.5,0.2113531369299363,0.2587597945275249,0.17062389997499722,biweekly,weighted,,region_08
2023-10-14,8,EG.5,0.1865363018145238,0.24332333994714286,0.1401172649297619,biweekly,weighted,0.0,region_08
2023-10-21,8,EG.5,0.1888019107993869,0.23891090082782146,0.14643855021300595,biweekly,weighted,,region_08
2023-10-28,8,EG.5,0.19106751978425002,0.23449846170850003,0.15275983549625,biweekly,weighted,0.0,region_08
2023-11-04,8,EG.5,0.17370706318199342,0.22262656497530264,0.13289663792588816,biweekly,weighted,,region_08
2023-11-11,8,EG.5,0.15634660657973684,0.21075466824210523,0.11303344035552632,biweekly,weighted,0.0,region_08
2023-11-18,8,EG.5,0.1498548972757895,0.19747878905197366,0.11119581376631579,biweekly,weighted,,region_08
2023-11-25,8,EG.5,0.1433631879718421,0.1842029098618421,0.10935818717710526,biweekly,weighted,0.0,region_08
2023-12-02,8,EG.5,0.12687137984369884,0.16571433096036547,0.09519697934424708,biweekly,weighted,,region_08
2023-12-09,8,EG.5,0.11037957171555556,0.14722575205888888,0.0810357715113889,biweekly,weighted,0.0,region_08
2023-12-16,8,EG.5,0.08577989031416666,0.11574880168249999,0.06198199853944445,biweekly,weighted,,region_08
2023-12-23,8,EG.5,0.061180208912777784,0.0842718513061111,0.042928225567500006,biweekly,weighted,0.0,region_08
2023-12-30,8,EG.5,0.05039319308013889,0.0700271170744618,0.03500165762859375,biweekly,weighted,,region_08
2024-01-06,8,EG.5,0.0396061772475,0.0557823828428125,0.0270750896896875,biweekly,weighted,0.0,region_08
2024-01-13,8,EG.5,0.0293567673071875,0.0429279055684375,0.01920803290015625,biweekly,weighted,,region_08
2024-01-20,8,EG.5,0.019107357366875,0.0300734282940625,0.011340976110625,biweekly,weighted,0.0,region_08
2023-09-16,8,EG.6.1,0.00944590126107143,0.016474108278928572,0.004876398714642857,biweekly,weighted,0.0,region_08
2023-08-19,8,FL.1.5.1,0.045212112189523805,0.07804799895952381,0.02340347710238095,biweekly,weighted,0.0,region_08
2023-08-26,8,FL.1.5.1,0.048697652293017715,0.07898160374243632,0.027664392582934662,biweekly,weighted,,region_08
2023-09-02,8,FL.1.5.1,0.052183192396511625,0.07991520852534884,0.031925308063488374,biweekly,weighted,0.0,region_08
2023-09-09,8,FL.1.5.1,0.06398088828988081,0.09644449118879941,0.040155672986369184,biweekly,weighted,,region_08
2023-09-16,8,FL.1.5.1,0.07577858418325,0.11297377385225,0.04838603790925,biweekly,weighted,0.0,region_08
2023-09-23,8,FL.1.5.1,0.085458856901625,0.13041521276255358,0.052431248408017855,biweekly,weighted,,region_08
2023-09-30,8,FL.1.5.1,0.09513912962,0.14785665167285716,0.056476458906785716,biweekly,weighted,0.0,region_08
2023-10-07,8,FL.1.5.1,0.09356806507089285,0.13910195391089286,0.05920581100535714,biweekly,weighted,,region_08
2023-10-14,8,FL.1.5.1,0.09199700052178572,0.13034725614892856,0.06193516310392857,biweekly,weighted,0.0,region_08
2023-10-21,8,FL.1.5.1,0.09400680080662457,0.13833612643604964,0.060345471257817945,biweekly,weighted,,region_08
2023-10-28,8,FL.1.5.1,0.09601660109146341,0.14632499672317073,0.05875577941170732,biweekly,weighted,0.0,region_08
2023-11-04,8,FL.1.5.1,0.08653655536588323,0.136847365322949,0.05043688642191427,biweekly,weighted,,region_08
2023-11-11,8,FL.1.5.1,0.07705650964030303,0.1273697339227273,0.04211799343212121,biweekly,weighted,0.0,region_08
2023-11-18,8,FL.1.5.1,0.09157019133945707,0.14584978741414142,0.05274207040550505,biweekly,weighted,,region_08
2023-11-25,8,FL.1.5.1,0.10608387303861111,0.16432984090555555,0.06336614737888889,biweekly,weighted,0.0,region_08
2023-12-02,8,FL.1.5.1,0.08804406096354167,0.13660711008652776,0.05254345653666667,biweekly,weighted,,region_08
2023-12-09,8,FL.1.5.1,0.07000424888847222,0.1088843792675,0.041720765694444446,biweekly,weighted,,region_08
2023-12-16,8,FL.1.5.1,0.05196443681340277,0.08116164844847222,0.030898074852222224,biweekly,weighted,,region_08
2023-12-23,8,FL.1.5.1,0.03392462473833333,0.05343891762944444,0.02007538401,biweekly,weighted,0.0,region_08
2023-12-30,8,FL.1.5.1,0.02977950187139706,0.04711450964120098,0.017527545318382354,biweekly,weighted,,region_08
2024-01-06,8,FL.1.5.1,0.025634379004460785,0.04079010165295752,0.014979706626764705,biweekly,weighted,,region_08
2024-01-13,8,FL.1.5.1,0.021489256137524507,0.03446569366471405,0.01243186793514706,biweekly,weighted,,region_08
2024-01-20,8,FL.1.5.1,0.017344133270588234,0.02814128567647059,0.009884029243529413,biweekly,weighted,0.0,region_08
2023-10-28,8,GE.1,0.012608564532307694,0.021947365397692306,0.00652032453,biweekly,weighted,0.0,region_08
2023-09-16,8,GK.1.1,0.009453269653214287,0.016483451705714285,0.004881679678214286,biweekly,weighted,0.0,region_08
2023-09-23,8,GK.1.1,0.010229752432440477,0.017698428760119046,0.005342907590059524,biweekly,weighted,,region_08
2023-09-30,8,GK.1.1,0.011006235211666668,0.01891340581452381,0.005804135501904762,biweekly,weighted,,region_08
2023-10-07,8,GK.1.1,0.011782717990892857,0.02012838286892857,0.006265363413750001,biweekly,weighted,,region_08
2023-10-14,8,GK.1.1,0.012559200770119048,0.021343359923333333,0.006726591325595239,biweekly,weighted,,region_08
2023-10-21,8,GK.1.1,0.013335683549345239,0.022558336977738097,0.007187819237440477,biweekly,weighted,,region_08
2023-10-28,8,GK.1.1,0.01411216632857143,0.023773314032142858,0.007649047149285715,biweekly,weighted,0.0,region_08
2023-11-04,8,GK.1.1,0.013820321743730159,0.022685650674219578,0.007777952953531746,biweekly,weighted,,region_08
2023-11-11,8,GK.1.1,0.013528477158888889,0.021597987316296297,0.007906858757777777,biweekly,weighted,0.0,region_08
2023-09-30,8,HF.1,0.015392525154642856,0.025246816354642855,0.008647162500357143,biweekly,weighted,0.0,region_08
2023-10-07,8,HF.1,0.014846737704845238,0.024449929000706347,0.008297539555404762,biweekly,weighted,,region_08
2023-10-14,8,HF.1,0.014300950255047618,0.02365304164676984,0.00794791661045238,biweekly,weighted,,region_08
2023-10-21,8,HF.1,0.01375516280525,0.02285615429283333,0.0075982936655,biweekly,weighted,,region_08
2023-10-28,8,HF.1,0.013209375355452382,0.022059266938896822,0.0072486707205476186,biweekly,weighted,,region_08
2023-11-04,8,HF.1,0.012663587905654762,0.021262379584960314,0.006899047775595238,biweekly,weighted,,region_08
2023-11-11,8,HF.1,0.012117800455857143,0.02046549223102381,0.006549424830642857,biweekly,weighted,,region_08
2023-11-18,8,HF.1,0.011572013006059523,0.0196686048770873,0.006199801885690476,biweekly,weighted,,region_08
2023-11-25,8,HF.1,0.011026225556261905,0.018871717523150793,0.005850178940738095,biweekly,weighted,,region_08
2023-12-02,8,HF.1,0.010480438106464287,0.018074830169214285,0.005500555995785714,biweekly,weighted,,region_08
2023-12-09,8,HF.1,0.009934650656666667,0.017277942815277777,0.005150933050833333,biweekly,weighted,0.0,region_08
2023-10-28,8,HK.3,0.045463632795,0.07357229478749999,0.0258303931925,biweekly,weighted,0.0,region_08
2023-11-04,8,HK.3,0.039376104964558824,0.06399170588727941,0.022288059747720586,biweekly,weighted,,region_08
2023-11-11,8,HK.3,0.03328857713411765,0.054411116987058826,0.018745726302941176,biweekly,weighted,0.0,region_08
2023-11-18,8,HK.3,0.03939341837826572,0.06696767263628804,0.020932066257505072,biweekly,weighted,,region_08
2023-11-25,8,HK.3,0.045498259622413786,0.07952422828551725,0.023118406212068964,biweekly,weighted,0.0,region_08
2023-12-02,8,HK.3,0.04158841790051245,0.06637513582636974,0.024438694087006704,biweekly,weighted,,region_08
2023-12-09,8,HK.3,0.03767857617861112,0.053226043367222226,0.025758981961944444,biweekly,weighted,0.0,region_08
2023-12-16,8,HK.3,0.031397989413638895,0.04784084674394445,0.019650288365305555,biweekly,weighted,,region_08
2023-12-23,8,HK.3,0.02511740264866667,0.04245565012066667,0.013541594768666667,biweekly,weighted,0.0,region_08
2023-12-30,8,HK.3,0.018484267172568628,0.031421147846215684,0.0098889701387451,biweekly,weighted,,region_08
2024-01-06,8,HK.3,0.011851131696470589,0.020386645571764703,0.006236345508823529,biweekly,weighted,0.0,region_08
2023-08-19,8,HV.1,0.04275804758,0.07605799288,0.02117742784,biweekly,weighted,0.0,region_08
2023-08-26,8,HV.1,0.04822663266511905,0.07761509166833333,0.02798436499904762,biweekly,weighted,,region_08
2023-09-02,8,HV.1,0.0536952177502381,0.07917219045666667,0.03479130215809524,biweekly,weighted,0.0,region_08
2023-09-09,8,HV.1,0.05785258604942138,0.0884115094296124,0.035665693197303436,biweekly,weighted,,region_08
2023-09-16,8,HV.1,0.06200995434860466,0.09765082840255815,0.03654008423651163,biweekly,weighted,0.0,region_08
2023-09-23,8,HV.1,0.08755780787223337,0.12356133751817563,0.0598480722030834,biweekly,weighted,,region_08
2023-09-30,8,HV.1,0.11310566139586208,0.14947184663379312,0.08315606016965517,biweekly,weighted,0.0,region_08
2023-10-07,8,HV.1,0.13712540620638342,0.17529131290403943,0.10483326200066093,biweekly,weighted,,region_08
2023-10-14,8,HV.1,0.16114515101690477,0.20111077917428571,0.12651046383166667,biweekly,weighted,0.0,region_08
2023-10-21,8,HV.1,0.18212629472625727,0.23187862465092335,0.1393782627264431,biweekly,weighted,,region_08
2023-10-28,8,HV.1,0.20310743843560977,0.262646470127561,0.1522460616212195,biweekly,weighted,0.0,region_08
2023-11-04,8,HV.1,0.23575595813480488,0.2927910904877805,0.18592275730448476,biweekly,weighted,,region_08
2023-11-11,8,HV.1,0.268404477834,0.322935710848,0.21959945298775,biweekly,weighted,0.0,region_08
2023-11-18,8,HV.1,0.28145713080148715,0.3380934289064359,0.2301285525118237,biweekly,weighted,,region_08
2023-11-25,8,HV.1,0.29450978376897435,0.3532511469648718,0.24065765203589742,biweekly,weighted,0.0,region_08
2023-12-02,8,HV.1,0.28626826341851497,0.33508211963299145,0.2411041042618376,biweekly,weighted,,region_08
2023-12-09,8,HV.1,0.2780267430680555,0.3169130923011111,0.2415505564877778,biweekly,weighted,0.0,region_08
2023-12-16,8,HV.1,0.23638684509527774,0.2805996423373611,0.1964976228773611,biweekly,weighted,,region_08
2023-12-23,8,HV.1,0.19474694712249999,0.2442861923736111,0.15144468926694443,biweekly,weighted,0.0,region_08
2023-12-30,8,HV.1,0.16699266915025,0.20764020407523412,0.13144607787561507,biweekly,weighted,,region_08
2024-01-06,8,HV.1,0.139238391178,0.17099421577685714,0.11144746648428572,biweekly,weighted,0.0,region_08
2024-01-13,8,HV.1,0.10763404205929411,0.1417135540240168,0.07999127382934874,biweekly,weighted,,region_08
2024-01-20,8,HV.1,0.07602969294058824,0.11243289227117648,0.048535081174411764,biweekly,weighted,0.0,region_08
2023-11-11,8,JD.1.1,0.031011004798214285,0.04311712458607143,0.021580489219285712,biweekly,weighted,0.0,region_08
2023-11-18,8,JD.1.1,0.03654211865964286,0.055349957330535715,0.022870216651785714,biweekly,weighted,,region_08
2023-11-25,8,JD.1.1,0.04207323252107143,0.067582790075,0.024159944084285713,biweekly,weighted,0.0,region_08
2023-12-02,8,JD.1.1,0.038916315617619046,0.05800372815236111,0.02490899553297619,biweekly,weighted,,region_08
2023-12-09,8,JD.1.1,0.03575939871416667,0.04842466622972222,0.02565804698166667,biweekly,weighted,0.0,region_08
2023-12-16,8,JD.1.1,0.03550194173364224,0.051123045301429595,0.023837333645301724,biweekly,weighted,,region_08
2023-12-23,8,JD.1.1,0.03524448475311782,0.05382142437313697,0.022016620308936783,biweekly,weighted,,region_08
2023-12-30,8,JD.1.1,0.034987027772593396,0.05651980344484435,0.020195906972571842,biweekly,weighted,,region_08
2024-01-06,8,JD.1.1,0.03472957079206897,0.059218182516551726,0.018375193636206898,biweekly,weighted,0.0,region_08
2023-09-30,8,JF.1,0.017267246123478262,0.030306465114782608,0.008810031835217391,biweekly,weighted,0.0,region_08
2023-10-07,8,JF.1,0.019190545353947982,0.033195740701354816,0.0099990968241809,biweekly,weighted,,region_08
2023-10-14,8,JF.1,0.0211138445844177,0.03608501628792702,0.01118816181314441,biweekly,weighted,,region_08
2023-10-21,8,JF.1,0.02303714381488742,0.038974291874499224,0.01237722680210792,biweekly,weighted,,region_08
2023-10-28,8,JF.1,0.02496044304535714,0.04186356746107143,0.013566291791071428,biweekly,weighted,0.0,region_08
2023-11-04,8,JF.1,0.02397361457642857,0.039229251310535715,0.013500631802857143,biweekly,weighted,,region_08
2023-11-11,8,JF.1,0.022986786107499997,0.03659493516,0.013434971814642857,biweekly,weighted,0.0,region_08
2023-11-18,8,JF.1,0.023142712002146737,0.037063726178695654,0.013425689238916926,biweekly,weighted,,region_08
2023-11-25,8,JF.1,0.023298637896793477,0.037532517197391306,0.013416406663190994,biweekly,weighted,,region_08
2023-12-02,8,JF.1,0.023454563791440217,0.03800130821608696,0.013407124087465062,biweekly,weighted,,region_08
2023-12-09,8,JF.1,0.023610489686086956,0.03847009923478261,0.01339784151173913,biweekly,weighted,0.0,region_08
2023-12-16,8,JF.1,0.021323190936908966,0.03488597775944633,0.012032763531148098,biweekly,weighted,,region_08
2023-12-23,8,JF.1,0.01903589218773098,0.03130185628411006,0.010667685550557065,biweekly,weighted,,region_08
2023-12-30,8,JF.1,0.016748593438552988,0.027717734808773778,0.009302607569966034,biweekly,weighted,,region_08
2024-01-06,8,JF.1,0.014461294689375,0.0241336133334375,0.007937529589375,biweekly,weighted,0.0,region_08
2023-10-28,8,JG.3,0.014170343242666666,0.025282789516666668,0.007065768322666667,biweekly,weighted,0.0,region_08
2023-11-04,8,JG.3,0.020045278733250002,0.035151739043750005,0.01021582211825,biweekly,weighted,,region_08
2023-11-11,8,JG.3,0.025920214223833334,0.045020688570833335,0.013365875913833331,biweekly,weighted,,region_08
2023-11-18,8,JG.3,0.031795149714416666,0.054889638097916665,0.016515929709416663,biweekly,weighted,,region_08
2023-11-25,8,JG.3,0.037670085205,0.064758587625,0.019665983504999998,biweekly,weighted,0.0,region_08
2023-12-02,8,JG.3,0.036602327051102945,0.061247852244632355,0.019944562836544118,biweekly,weighted,,region_08
2023-12-09,8,JG.3,0.03553456889720588,0.057737116864264706,0.020223142168088234,biweekly,weighted,,region_08
2023-12-16,8,JG.3,0.03446681074330882,0.05422638148389706,0.02050172149963235,biweekly,weighted,,region_08
2023-12-23,8,JG.3,0.03339905258941176,0.05071564610352941,0.02078030083117647,biweekly,weighted,0.0,region_08
2023-12-30,8,JG.3,0.03333921296409982,0.04906675441979501,0.02160789532392157,biweekly,weighted,,region_08
2024-01-06,8,JG.3,0.033279373338787874,0.047417862736060606,0.022435489816666668,biweekly,weighted,0.0,region_08
2023-11-11,8,JN.1,0.016170153295,0.02377012458464286,0.010498202838214286,biweekly,weighted,0.0,region_08
2023-11-18,8,JN.1,0.036667862598472226,0.05417838528940476,0.02354912621146825,biweekly,weighted,,region_08
2023-11-25,8,JN.1,0.05716557190194444,0.08458664599416667,0.03660004958472222,biweekly,weighted,0.0,region_08
2023-12-02,8,JN.1,0.09029043855299923,0.12423509514856981,0.06334530114100977,biweekly,weighted,,region_08
2023-12-09,8,JN.1,0.12341530520405404,0.16388354430297297,0.09009055269729731,biweekly,weighted,0.0,region_08
2023-12-16,8,JN.1,0.23800551820864863,0.2885616772072973,0.19277128234891894,biweekly,weighted,,region_08
2023-12-23,8,JN.1,0.3525957312132432,0.41323981011162164,0.29545201200054055,biweekly,weighted,0.0,region_08
2023-12-30,8,JN.1,0.4505305945990502,0.5236315611359537,0.378070256372556,biweekly,weighted,,region_08
2024-01-06,8,JN.1,0.5484654579848571,0.6340233121602857,0.46068850074457146,biweekly,weighted,0.0,region_08
2024-01-13,8,JN.1,0.6280590598577227,0.7208662321841135,0.525120364842727,biweekly,weighted,,region_08
2024-01-20,8,JN.1,0.7076526617305883,0.8077091522079412,0.5895522289408824,biweekly,weighted,0.0,region_08
2024-01-27,8,JN.1,0.7595921570763235,0.8261578065507352,0.6817520252036765,biweekly,weighted,,region_08
2024-02-03,8,JN.1,0.8115316524220588,0.8446064608935293,0.7739518214664706,biweekly,weighted,0.0,region_08
2024-02-10,8,JN.1,0.7887733589302719,0.8296037848887343,0.7420736516221746,biweekly,weighted,,region_08
2024-02-17,8,JN.1,0.7660150654384849,0.8146011088839394,0.7101954817778787,biweekly,weighted,0.0,region_08
2024-02-24,8,JN.1,0.7375926236718231,0.7842226533011633,0.6853219789849071,biweekly,weighted,,region_08
2024-03-02,8,JN.1,0.7091701819051613,0.7538441977183871,0.6604484761919355,biweekly,weighted,0.0,region_08
2024-03-09,8,JN.1,0.674774377113877,0.756504785415675,0.5840134433378196,biweekly,weighted,,region_08
2024-03-16,8,JN.1,0.6403785723225925,0.7591653731129631,0.5075784104837037,biweekly,weighted,0.0,region_08
2024-03-23,8,JN.1,0.6275278602639749,0.7222970388234458,0.5236196173404233,biweekly,weighted,,region_08
2024-03-30,8,JN.1,0.6146771482053571,0.6854287045339286,0.5396608241971429,biweekly,weighted,0.0,region_08
2024-04-06,8,JN.1,0.5474048932746428,0.6276376258044642,0.4655266441405357,biweekly,weighted,,region_08
2024-04-13,8,JN.1,0.48013263834392855,0.5698465470749999,0.3913924640839285,biweekly,weighted,0.0,region_08
2024-04-20,8,JN.1,0.3980341106651786,0.4882760218207143,0.31310546185285715,biweekly,weighted,,region_08
2024-04-27,8,JN.1,0.31593558298642854,0.40670549656642857,0.2348184596217857,biweekly,weighted,0.0,region_08
2024-05-04,8,JN.1,0.2652497407023447,0.35014917173973603,0.19177299596806677,biweekly,weighted,,region_08
2024-05-11,8,JN.1,0.21456389841826085,0.2935928469130435,0.14872753231434782,biweekly,weighted,0.0,region_08
2024-05-18,8,JN.1,0.1777328348026304,0.24909064348752175,0.12055698736867392,biweekly,weighted,,region_08
2024-05-25,8,JN.1,0.140901771187,0.204588440062,0.09238644242300001,biweekly,weighted,0.0,region_08
2024-06-01,8,JN.1,0.10960633369197827,0.15872999455686956,0.07207216665823914,biweekly,weighted,,region_08
2024-06-08,8,JN.1,0.07831089619695653,0.11287154905173914,0.05175789089347826,biweekly,weighted,0.0,region_08
2024-06-15,8,JN.1,0.06390592374847827,0.09846712810804348,0.03900638461586956,biweekly,weighted,,region_08
2024-06-22,8,JN.1,0.049500951300000005,0.08406270716434783,0.026254878338260866,biweekly,weighted,0.0,region_08
2024-06-29,8,JN.1,0.044459388469375,0.07532897825373641,0.023675215409755434,biweekly,weighted,,region_08
2024-07-06,8,JN.1,0.03941782563875,0.066595249343125,0.02109555248125,biweekly,weighted,0.0,region_08
2024-07-13,8,JN.1,0.037018123081875,0.06370110274322917,0.019313977253958337,biweekly,weighted,,region_08
2024-07-20,8,JN.1,0.034618420525,0.060806956143333334,0.017532402026666668,biweekly,weighted,0.0,region_08
2024-07-27,8,JN.1,0.031180590622499997,0.04990042420166667,0.018275843854583335,biweekly,weighted,,region_08
2024-08-03,8,JN.1,0.02774276072,0.03899389226,0.019019285682499998,biweekly,weighted,0.0,region_08
2024-08-10,8,JN.1,0.021345805738055557,0.03135261125888889,0.013906083173194443,biweekly,weighted,,region_08
2024-08-17,8,JN.1,0.01494885075611111,0.023711330257777778,0.008792880663888888,biweekly,weighted,0.0,region_08
2024-07-06,8,JN.1.16.1,0.02683083558,0.04301935434166667,0.015504075368333333,biweekly,weighted,0.0,region_08
2024-07-13,8,JN.1.16.1,0.02014406073575,0.03284702375483334,0.011395878468166667,biweekly,weighted,,region_08
2024-07-20,8,JN.1.16.1,0.013457285891500002,0.022674693168,0.007287681568,biweekly,weighted,0.0,region_08
2024-05-25,8,JN.1.18,0.04056308791,0.07105248421,0.02057704329,biweekly,weighted,0.0,region_08
2024-06-01,8,JN.1.18,0.03968962295214286,0.06887955351357143,0.020424013222857144,biweekly,weighted,,region_08
2024-06-08,8,JN.1.18,0.03881615799428571,0.06670662281714286,0.020270983155714288,biweekly,weighted,0.0,region_08
2024-06-15,8,JN.1.18,0.03808010765375,0.0650581642975,0.0200677559475,biweekly,weighted,,region_08
2024-06-22,8,JN.1.18,0.03734405731321429,0.06340970577785715,0.019864528739285715,biweekly,weighted,,region_08
2024-06-29,8,JN.1.18,0.03660800697267857,0.06176124725821429,0.01966130153107143,biweekly,weighted,,region_08
2024-07-06,8,JN.1.18,0.035871956632142855,0.06011278873857143,0.019458074322857143,biweekly,weighted,,region_08
2024-07-13,8,JN.1.18,0.03513590629160714,0.05846433021892857,0.01925484711464286,biweekly,weighted,,region_08
2024-07-20,8,JN.1.18,0.03439985595107142,0.05681587169928572,0.019051619906428573,biweekly,weighted,,region_08
2024-07-27,8,JN.1.18,0.03366380561053571,0.055167413179642855,0.018848392698214287,biweekly,weighted,,region_08
2024-08-03,8,JN.1.18,0.03292775527,0.05351895466,0.01864516549,biweekly,weighted,0.0,region_08
2024-08-10,8,JN.1.18,0.028823730887499996,0.046815495585,0.016346961785625,biweekly,weighted,,region_08
2024-08-17,8,JN.1.18,0.024719706504999998,0.040112036510000004,0.014048758081250001,biweekly,weighted,,region_08
2024-08-24,8,JN.1.18,0.0206156821225,0.033408577435,0.011750554376875,biweekly,weighted,,region_08
2024-08-31,8,JN.1.18,0.016511657739999998,0.026705118360000002,0.0094523506725,biweekly,weighted,0.0,region_08
2024-02-17,8,JN.1.7,0.032542377959,0.057546267782666666,0.016330574702,biweekly,weighted,0.0,region_08
2024-02-24,8,JN.1.7,0.049194325430824075,0.07764660640524074,0.029330267454185186,biweekly,weighted,,region_08
2024-03-02,8,JN.1.7,0.06584627290264815,0.09774694502781481,0.04232996020637037,biweekly,weighted,,region_08
2024-03-09,8,JN.1.7,0.08249822037447221,0.11784728365038888,0.05532965295855556,biweekly,weighted,,region_08
2024-03-16,8,JN.1.7,0.0991501678462963,0.13794762227296295,0.06832934571074074,biweekly,weighted,0.0,region_08
2024-03-23,8,JN.1.7,0.10717401776636243,0.16760705204541004,0.06351416239215608,biweekly,weighted,,region_08
2024-03-30,8,JN.1.7,0.11519786768642858,0.19726648181785714,0.058698979073571425,biweekly,weighted,0.0,region_08
2024-04-06,8,JN.1.7,0.12534241631089285,0.19973968528267858,0.07152027543642857,biweekly,weighted,,region_08
2024-04-13,8,JN.1.7,0.13548696493535714,0.2022128887475,0.08434157179928571,biweekly,weighted,0.0,region_08
2024-04-20,8,JN.1.7,0.1484779861223512,0.2335865984972917,0.08543985478946428,biweekly,weighted,,region_08
2024-04-27,8,JN.1.7,0.16146900730934524,0.26496030824708333,0.08653813777964285,biweekly,weighted,,region_08
2024-05-04,8,JN.1.7,0.1744600284963393,0.29633401799687503,0.08763642076982142,biweekly,weighted,,region_08
2024-05-11,8,JN.1.7,0.18745104968333334,0.3277077277466667,0.08873470375999999,biweekly,weighted,0.0,region_08
2024-05-18,8,JN.1.7,0.12558992739166666,0.21386604152833333,0.06321526309857142,biweekly,weighted,,region_08
2024-05-25,8,JN.1.7,0.0637288051,0.10002435531,0.03769582243714286,biweekly,weighted,0.0,region_08
2024-02-17,8,JN.1.8.1,0.03933808915266667,0.064360105992,0.022037176911666668,biweekly,weighted,0.0,region_08
2024-02-24,8,JN.1.8.1,0.05165736506305747,0.08087169132410345,0.03073545888083333,biweekly,weighted,,region_08
2024-03-02,8,JN.1.8.1,0.06397664097344827,0.0973832766562069,0.039433740849999996,biweekly,weighted,0.0,region_08
2024-03-09,8,JN.1.8.1,0.05302558126362068,0.08334458452396552,0.03137882609431034,biweekly,weighted,,region_08
2024-03-16,8,JN.1.8.1,0.042074521553793105,0.06930589239172415,0.02332391133862069,biweekly,weighted,0.0,region_08
2024-03-23,8,JN.1.8.1,0.058819122786539405,0.1013475166351478,0.030334170889310345,biweekly,weighted,,region_08
2024-03-30,8,JN.1.8.1,0.07556372401928571,0.13338914087857143,0.03734443044,biweekly,weighted,0.0,region_08
2024-06-22,8,KP.1.1,0.042788932366190476,0.06506997311333333,0.026490081544761904,biweekly,weighted,0.0,region_08
2024-06-29,8,KP.1.1,0.04182947622190476,0.06327015715845238,0.02608602063797619,biweekly,weighted,,region_08
2024-07-06,8,KP.1.1,0.04087002007761904,0.06147034120357142,0.025681959731190477,biweekly,weighted,,region_08
2024-07-13,8,KP.1.1,0.03991056393333333,0.05967052524869047,0.025277898824404763,biweekly,weighted,,region_08
2024-07-20,8,KP.1.1,0.03895110778904762,0.05787070929380952,0.02487383791761905,biweekly,weighted,0.0,region_08
2024-07-27,8,KP.1.1,0.03663547330446428,0.05472903326196428,0.02323734271375,biweekly,weighted,,region_08
2024-08-03,8,KP.1.1,0.03431983881988095,0.05158735723011905,0.021600847509880953,biweekly,weighted,,region_08
2024-08-10,8,KP.1.1,0.03200420433529762,0.04844568119827381,0.019964352306011904,biweekly,weighted,,region_08
2024-08-17,8,KP.1.1,0.029688569850714285,0.045304005166428574,0.018327857102142856,biweekly,weighted,0.0,region_08
2024-08-24,8,KP.1.1,0.02800918116976891,0.04202100172762605,0.017690754554012603,biweekly,weighted,,region_08
2024-08-31,8,KP.1.1,0.026329792488823528,0.03873799828882353,0.017053652005882353,biweekly,weighted,0.0,region_08
2024-06-22,8,KP.1.1.3,0.0301077162855,0.050817488506499996,0.0161827930245,biweekly,weighted,0.0,region_08
2024-06-29,8,KP.1.1.3,0.030578834949238635,0.049670476898056815,0.017443116840647727,biweekly,weighted,,region_08
2024-07-06,8,KP.1.1.3,0.03104995361297727,0.04852346528961363,0.018703440656795453,biweekly,weighted,,region_08
2024-07-13,8,KP.1.1.3,0.03152107227671591,0.04737645368117045,0.019963764472943183,biweekly,weighted,,region_08
2024-07-20,8,KP.1.1.3,0.031992190940454544,0.04622944207272727,0.02122408828909091,biweekly,weighted,0.0,region_08
2024-07-27,8,KP.1.1.3,0.030762180877840908,0.04616830047896853,0.019526545381048952,biweekly,weighted,,region_08
2024-08-03,8,KP.1.1.3,0.02953217081522727,0.04610715888520979,0.017829002473006995,biweekly,weighted,,region_08
2024-08-10,8,KP.1.1.3,0.028302160752613638,0.04604601729145105,0.016131459564965037,biweekly,weighted,,region_08
2024-08-17,8,KP.1.1.3,0.02707215069,0.04598487569769231,0.014433916656923078,biweekly,weighted,0.0,region_08
2024-08-24,8,KP.1.1.3,0.026099381635000002,0.042937447185610864,0.014589982133755657,biweekly,weighted,,region_08
2024-08-31,8,KP.1.1.3,0.025126612580000002,0.03989001867352941,0.014746047610588234,biweekly,weighted,0.0,region_08
2024-09-07,8,KP.1.1.3,0.023529370534411766,0.03791461643852941,0.013538164195588235,biweekly,weighted,,region_08
2024-09-14,8,KP.1.1.3,0.02193212848882353,0.03593921420352941,0.012330280780588235,biweekly,weighted,0.0,region_08
2024-09-21,8,KP.1.1.3,0.021052231289411763,0.03449117669143137,0.011834133343294117,biweekly,weighted,,region_08
2024-09-28,8,KP.1.1.3,0.02017233409,0.03304313917933333,0.011337985905999999,biweekly,weighted,0.0,region_08
2024-04-27,8,KP.2,0.09491135038190476,0.16225355012,0.04890971826,biweekly,weighted,0.0,region_08
2024-05-04,8,KP.2,0.09046344034497024,0.15068078869239585,0.048715189748541665,biweekly,weighted,,region_08
2024-05-11,8,KP.2,0.08601553030803571,0.13910802726479166,0.04852066123708333,biweekly,weighted,,region_08
2024-05-18,8,KP.2,0.08156762027110119,0.1275352658371875,0.048326132725625005,biweekly,weighted,,region_08
2024-05-25,8,KP.2,0.07711971023416667,0.11596250440958333,0.04813160421416667,biweekly,weighted,0.0,region_08
2024-06-01,8,KP.2,0.09072849489860507,0.1376261460269656,0.05587494072751811,biweekly,weighted,,region_08
2024-06-08,8,KP.2,0.10433727956304349,0.15928978764434784,0.06361827724086956,biweekly,weighted,0.0,region_08
2024-06-15,8,KP.2,0.08909720680061266,0.13708960817012847,0.05381359217020751,biweekly,weighted,,region_08
2024-06-22,8,KP.2,0.07385713403818182,0.1148894286959091,0.044008907099545455,biweekly,weighted,0.0,region_08
2024-06-29,8,KP.2,0.07852723596242425,0.12838414841795454,0.043637532826439396,biweekly,weighted,,region_08
2024-07-06,8,KP.2,0.08319733788666667,0.14187886813999998,0.04326615855333333,biweekly,weighted,0.0,region_08
2024-07-13,8,KP.2,0.08591417793287878,0.12616039750340907,0.056673609653030296,biweekly,weighted,,region_08
2024-07-20,8,KP.2,0.08863101797909091,0.11044192686681818,0.07008106075272727,biweekly,weighted,0.0,region_08
2024-07-27,8,KP.2,0.07309956258559809,0.09974576974025119,0.05249990429767942,biweekly,weighted,,region_08
2024-08-03,8,KP.2,0.05756810719210527,0.0890496126136842,0.03491874784263158,biweekly,weighted,0.0,region_08
2024-08-10,8,KP.2,0.05191064717491228,0.07964317634609648,0.03183344565364035,biweekly,weighted,,region_08
2024-08-17,8,KP.2,0.0462531871577193,0.07023674007850877,0.028748143464649125,biweekly,weighted,,region_08
2024-08-24,8,KP.2,0.04059572714052632,0.060830303810921055,0.025662841275657898,biweekly,weighted,,region_08
2024-08-31,8,KP.2,0.03493826712333333,0.051423867543333335,0.022577539086666668,biweekly,weighted,0.0,region_08
2024-09-07,8,KP.2,0.03039259161,0.04514453389333334,0.019427278273333334,biweekly,weighted,,region_08
2024-09-14,8,KP.2,0.02584691609666667,0.038865200243333335,0.016277017459999998,biweekly,weighted,0.0,region_08
2024-09-21,8,KP.2,0.026916719663333335,0.04226145613791667,0.01603297536125,biweekly,weighted,,region_08
2024-09-28,8,KP.2,0.02798652323,0.0456577120325,0.0157889332625,biweekly,weighted,0.0,region_08
2024-06-08,8,KP.2.3,0.13441325881052632,0.17280344037526318,0.10182733010368421,biweekly,weighted,0.0,region_08
2024-06-15,8,KP.2.3,0.12765990479276315,0.16996927245604068,0.09282731242616028,biweekly,weighted,,region_08
2024-06-22,8,KP.2.3,0.120906550775,0.16713510453681818,0.08382729474863636,biweekly,weighted,0.0,region_08
2024-06-29,8,KP.2.3,0.1316288496720652,0.18328777311884387,0.09028760846649209,biweekly,weighted,,region_08
2024-07-06,8,KP.2.3,0.14235114856913042,0.19944044170086955,0.09674792218434783,biweekly,weighted,0.0,region_08
2024-07-13,8,KP.2.3,0.14171257314751975,0.19305044396384385,0.10017259989490118,biweekly,weighted,,region_08
2024-07-20,8,KP.2.3,0.1410739977259091,0.18666044622681818,0.10359727760545455,biweekly,weighted,0.0,region_08
2024-07-27,8,KP.2.3,0.14217603329451706,0.2055118274874716,0.09329256872491477,biweekly,weighted,,region_08
2024-08-03,8,KP.2.3,0.143278068863125,0.224363208748125,0.082987859844375,biweekly,weighted,0.0,region_08
2024-08-10,8,KP.2.3,0.13981821851261514,0.20990286539616776,0.08658800950481908,biweekly,weighted,,region_08
2024-08-17,8,KP.2.3,0.13635836816210528,0.19544252204421053,0.09018815916526317,biweekly,weighted,0.0,region_08
2024-08-24,8,KP.2.3,0.12713305727327484,0.17697639406154972,0.08742062947902048,biweekly,weighted,,region_08
2024-08-31,8,KP.2.3,0.11790774638444443,0.1585102660788889,0.08465309979277778,biweekly,weighted,0.0,region_08
2024-09-07,8,KP.2.3,0.10906511592663398,0.14470068063415034,0.07974524670580066,biweekly,weighted,,region_08
2024-09-14,8,KP.2.3,0.10022248546882352,0.13089109518941178,0.07483739361882352,biweekly,weighted,0.0,region_08
2024-09-21,8,KP.2.3,0.09879278720294117,0.14043614312088237,0.06675919550735293,biweekly,weighted,,region_08
2024-09-28,8,KP.2.3,0.09736308893705882,0.14998119105235294,0.058680997395882346,biweekly,weighted,0.0,region_08
2024-05-11,8,KP.3,0.12413840092999999,0.17351658966173913,0.08473870514434782,biweekly,weighted,0.0,region_08
2024-05-18,8,KP.3,0.16836086619819998,0.24126233292646954,0.11033010586417391,biweekly,weighted,,region_08
2024-05-25,8,KP.3,0.2125833314664,0.30900807619119997,0.13592150658399998,biweekly,weighted,0.0,region_08
2024-06-01,8,KP.3,0.22224882900819998,0.3189045858406,0.144003554432,biweekly,weighted,,region_08
2024-06-08,8,KP.3,0.23191432655,0.32880109549,0.15208560228,biweekly,weighted,0.0,region_08
2024-06-15,8,KP.3,0.27226644268543476,0.3581304582586956,0.198391396065,biweekly,weighted,,region_08
2024-06-22,8,KP.3,0.3126185588208696,0.3874598210273913,0.24469718985,biweekly,weighted,0.0,region_08
2024-06-29,8,KP.3,0.2962936635895652,0.36114266644347826,0.23719339169913045,biweekly,weighted,,region_08
2024-07-06,8,KP.3,0.27996876835826084,0.3348255118595652,0.22968959354826088,biweekly,weighted,0.0,region_08
2024-07-13,8,KP.3,0.28358467532776677,0.3335475170681917,0.23786882253663044,biweekly,weighted,,region_08
2024-07-20,8,KP.3,0.28720058229727274,0.33226952227681816,0.24604805152499998,biweekly,weighted,0.0,region_08
2024-07-27,8,KP.3,0.2701644873262554,0.30832377353459955,0.2350484685427381,biweekly,weighted,,region_08
2024-08-03,8,KP.3,0.2531283923552381,0.28437802479238095,0.22404888556047617,biweekly,weighted,0.0,region_08
2024-08-10,8,KP.3,0.23773163607498748,0.29886671336697995,0.1861986400731328,biweekly,weighted,,region_08
2024-08-17,8,KP.3,0.22233487979473684,0.31335540194157896,0.14834839458578947,biweekly,weighted,0.0,region_08
2024-08-24,8,KP.3,0.22501906826709067,0.3099845039127339,0.1547896142895614,biweekly,weighted,,region_08
2024-08-31,8,KP.3,0.22770325673944447,0.3066136058838889,0.16123083399333335,biweekly,weighted,0.0,region_08
2024-09-07,8,KP.3,0.2130880177268651,0.3090005798476587,0.13706231146809525,biweekly,weighted,,region_08
2024-09-14,8,KP.3,0.1984727787142857,0.3113875538114286,0.11289378894285715,biweekly,weighted,0.0,region_08
2024-09-21,8,KP.3,0.1673801443064762,0.26607656627904763,0.0942025504647619,biweekly,weighted,,region_08
2024-09-28,8,KP.3,0.13628750989866667,0.22076557874666666,0.07551131198666666,biweekly,weighted,0.0,region_08
2024-10-05,8,KP.3,0.12700875062055555,0.20794722934555554,0.06943884077888889,biweekly,weighted,,region_08
2024-10-12,8,KP.3,0.11772999134244444,0.19512887994444444,0.06336636957111111,biweekly,weighted,,region_08
2024-10-19,8,KP.3,0.10845123206433332,0.18231053054333335,0.05729389836333333,biweekly,weighted,,region_08
2024-10-26,8,KP.3,0.09917247278622221,0.16949218114222223,0.051221427155555554,biweekly,weighted,,region_08
2024-11-02,8,KP.3,0.08989371350811111,0.1566738317411111,0.04514895594777778,biweekly,weighted,,region_08
2024-11-09,8,KP.3,0.08061495423,0.14385548234,0.03907648474,biweekly,weighted,0.0,region_08
2024-11-16,8,KP.3,0.07713511316833332,0.1350353480211111,0.038738615190555555,biweekly,weighted,,region_08
2024-11-23,8,KP.3,0.07365527210666667,0.12621521370222222,0.03840074564111111,biweekly,weighted,,region_08
2024-11-30,8,KP.3,0.070175431045,0.11739507938333335,0.03806287609166666,biweekly,weighted,,region_08
2024-12-07,8,KP.3,0.06669558998333333,0.10857494506444446,0.037725006542222224,biweekly,weighted,,region_08
2024-12-14,8,KP.3,0.06321574892166666,0.09975481074555556,0.03738713699277778,biweekly,weighted,,region_08
2024-12-21,8,KP.3,0.05973590786,0.09093467642666668,0.03704926744333333,biweekly,weighted,0.0,region_08
2024-12-28,8,KP.3,0.059058810895,0.09641450891833334,0.033311138861666666,biweekly,weighted,,region_08
2025-01-04,8,KP.3,0.05838171393,0.10189434141,0.02957301028,biweekly,weighted,0.0,region_08
2025-01-11,8,KP.3,0.04175951957357143,0.07315784134071429,0.02111691688785714,biweekly,weighted,,region_08
2025-01-18,8,KP.3,0.025137325217142854,0.04442134127142857,0.012660823495714287,biweekly,weighted,0.0,region_08
2024-07-06,8,KP.3.1.1,0.05013660962277778,0.07921438167555556,0.029595583987777778,biweekly,weighted,0.0,region_08
2024-07-13,8,KP.3.1.1,0.09276350898013888,0.1530755286427778,0.050194797260138896,biweekly,weighted,,region_08
2024-07-20,8,KP.3.1.1,0.1353904083375,0.22693667561,0.0707940105325,biweekly,weighted,0.0,region_08
2024-07-27,8,KP.3.1.1,0.17552647367125,0.25276753530025,0.116185436956,biweekly,weighted,,region_08
2024-08-03,8,KP.3.1.1,0.215662539005,0.2785983949905,0.1615768633795,biweekly,weighted,0.0,region_08
2024-08-10,8,KP.3.1.1,0.26715169474541667,0.37121593679025,0.1785936914385,biweekly,weighted,,region_08
2024-08-17,8,KP.3.1.1,0.31864085048583335,0.46383347859,0.1956105194975,biweekly,weighted,0.0,region_08
2024-08-24,8,KP.3.1.1,0.31950505494262255,0.44674117300764704,0.20993990133316176,biweekly,weighted,,region_08
2024-08-31,8,KP.3.1.1,0.32036925939941174,0.42964886742529407,0.22426928316882352,biweekly,weighted,0.0,region_08
2024-09-07,8,KP.3.1.1,0.3737125136947059,0.4870134629512834,0.27017430220032085,biweekly,weighted,,region_08
2024-09-14,8,KP.3.1.1,0.42705576799,0.5443780584772727,0.3160793212318182,biweekly,weighted,0.0,region_08
2024-09-21,8,KP.3.1.1,0.4478195219316667,0.5575845402299697,0.3422708296409091,biweekly,weighted,,region_08
2024-09-28,8,KP.3.1.1,0.46858327587333337,0.5707910219826666,0.36846233805,biweekly,weighted,0.0,region_08
2024-10-05,8,KP.3.1.1,0.47756489156128207,0.5919738743547949,0.36501686511846154,biweekly,weighted,,region_08
2024-10-12,8,KP.3.1.1,0.48654650724923076,0.613156726726923,0.3615713921869231,biweekly,weighted,0.0,region_08
2024-10-19,8,KP.3.1.1,0.48045704587532967,0.5899755994048901,0.3723544624141758,biweekly,weighted,,region_08
2024-10-26,8,KP.3.1.1,0.4743675845014286,0.5667944720828572,0.3831375326414285,biweekly,weighted,0.0,region_08
2024-11-02,8,KP.3.1.1,0.4796447945492857,0.5762558920046428,0.38413235651464284,biweekly,weighted,,region_08
2024-11-09,8,KP.3.1.1,0.48492200459714285,0.5857173119264285,0.38512718038785715,biweekly,weighted,0.0,region_08
2024-11-16,8,KP.3.1.1,0.4428444329706746,0.5428166604106348,0.3465199340716865,biweekly,weighted,,region_08
2024-11-23,8,KP.3.1.1,0.40076686134420636,0.4999160088948412,0.3079126877555159,biweekly,weighted,,region_08
2024-11-30,8,KP.3.1.1,0.3586892897177381,0.4570153573790476,0.26930544143934526,biweekly,weighted,,region_08
2024-12-07,8,KP.3.1.1,0.31661171809126987,0.41411470586325394,0.2306981951231746,biweekly,weighted,,region_08
2024-12-14,8,KP.3.1.1,0.2745341464648016,0.3712140543474603,0.19209094880700398,biweekly,weighted,,region_08
2024-12-21,8,KP.3.1.1,0.23245657483833335,0.32831340283166666,0.15348370249083335,biweekly,weighted,0.0,region_08
2024-12-28,8,KP.3.1.1,0.2179607622555303,0.28991261768128784,0.15724340086905303,biweekly,weighted,,region_08
2025-01-04,8,KP.3.1.1,0.20346494967272727,0.2515118325309091,0.16100309924727274,biweekly,weighted,0.0,region_08
2025-01-11,8,KP.3.1.1,0.20782351968136364,0.30222188952545453,0.13462733172363636,biweekly,weighted,,region_08
2025-01-18,8,KP.3.1.1,0.21218208969,0.35293194652,0.1082515642,biweekly,weighted,0.0,region_08
2025-01-25,8,KP.3.1.1,0.18374379351999998,0.31060817092750004,0.0923793911925,biweekly,weighted,,region_08
2025-02-01,8,KP.3.1.1,0.15530549735,0.26828439533500004,0.076507218185,biweekly,weighted,0.0,region_08
2025-02-08,8,KP.3.1.1,0.11995712242071428,0.19811283797035717,0.06440954229821429,biweekly,weighted,,region_08
2025-02-15,8,KP.3.1.1,0.08460874749142858,0.12794128060571427,0.05231186641142858,biweekly,weighted,0.0,region_08
2025-02-22,8,KP.3.1.1,0.06877397196071429,0.10913861418785714,0.040059650405714284,biweekly,weighted,,region_08
2025-03-01,8,KP.3.1.1,0.05293919643,0.09033594777,0.027807434399999997,biweekly,weighted,0.0,region_08
2025-03-08,8,KP.3.1.1,0.06181329830375,0.1032331098475,0.03341099821625,biweekly,weighted,,region_08
2025-03-15,8,KP.3.1.1,0.0706874001775,0.116130271925,0.0390145620325,biweekly,weighted,0.0,region_08
2024-06-08,8,LB.1,0.0770913399759091,0.11995180967227272,0.04613414068090909,biweekly,weighted,0.0,region_08
2024-06-15,8,LB.1,0.08816159216991107,0.12541061629526679,0.05970148111241107,biweekly,weighted,,region_08
2024-06-22,8,LB.1,0.09923184436391304,0.13086942291826087,0.07326882154391305,biweekly,weighted,0.0,region_08
2024-06-29,8,LB.1,0.10494997352369564,0.14053442588369564,0.07593335640500001,biweekly,weighted,,region_08
2024-07-06,8,LB.1,0.11066810268347826,0.15019942884913043,0.07859789126608696,biweekly,weighted,0.0,region_08
2024-07-13,8,LB.1,0.11184058948459627,0.15400941808813665,0.07795644218256728,biweekly,weighted,,region_08
2024-07-20,8,LB.1,0.11301307628571429,0.15781940732714286,0.07731499309904762,biweekly,weighted,0.0,region_08
2024-07-27,8,LB.1,0.10685433180385714,0.14173907297032146,0.07839401891127382,biweekly,weighted,,region_08
2024-08-03,8,LB.1,0.10069558732199999,0.12565873861350002,0.0794730447235,biweekly,weighted,0.0,region_08
2024-08-10,8,LB.1,0.0919134209128421,0.12188196017569738,0.06784787479964474,biweekly,weighted,,region_08
2024-08-17,8,LB.1,0.08313125450368422,0.11810518173789475,0.056222704875789474,biweekly,weighted,0.0,region_08
2024-08-24,8,LB.1,0.08225273314419505,0.11596072808924149,0.05600636377407121,biweekly,weighted,,region_08
2024-08-31,8,LB.1,0.08137421178470589,0.11381627444058824,0.055790022672352946,biweekly,weighted,0.0,region_08
2024-09-07,8,LB.1,0.07696290379941176,0.10779411477294118,0.05269523151205882,biweekly,weighted,,region_08
2024-09-14,8,LB.1,0.07255159581411764,0.10177195510529412,0.0496004403517647,biweekly,weighted,0.0,region_08
2024-09-21,8,LB.1,0.07048169950794117,0.09694795683088235,0.049528335056470585,biweekly,weighted,,region_08
2024-09-28,8,LB.1,0.06841180320176471,0.09212395855647058,0.04945622976117647,biweekly,weighted,0.0,region_08
2024-07-20,8,LF.3.1,0.023039343900952382,0.03401665141238095,0.014858747787619047,biweekly,weighted,0.0,region_08
2024-07-27,8,LF.3.1,0.01635188742077031,0.025609314514719886,0.009851404073221288,biweekly,weighted,,region_08
2024-08-03,8,LF.3.1,0.009664430940588234,0.017201977617058824,0.00484406035882353,biweekly,weighted,0.0,region_08
2024-08-03,8,LP.1,0.012880938825,0.0212476877475,0.0071840595925,biweekly,weighted,0.0,region_08
2024-08-10,8,LP.1,0.013961654254038463,0.02341195070375,0.00761142544125,biweekly,weighted,,region_08
2024-08-17,8,LP.1,0.015042369683076925,0.02557621366,0.00803879129,biweekly,weighted,0.0,region_08
2025-01-04,8,LP.8.1,0.03507281298,0.05275034904636364,0.022046185693636363,biweekly,weighted,0.0,region_08
2025-01-11,8,LP.8.1,0.045459590004999995,0.07425934635318182,0.025560005864318183,biweekly,weighted,,region_08
2025-01-18,8,LP.8.1,0.055846367029999996,0.09576834366,0.029073826035,biweekly,weighted,0.0,region_08
2025-01-25,8,LP.8.1,0.09028712722071427,0.1405254156307143,0.05370085236130952,biweekly,weighted,,region_08
2025-02-01,8,LP.8.1,0.12472788741142857,0.18528248760142857,0.07832787868761903,biweekly,weighted,,region_08
2025-02-08,8,LP.8.1,0.15916864760214286,0.23003955957214287,0.10295490501392857,biweekly,weighted,,region_08
2025-02-15,8,LP.8.1,0.19360940779285712,0.27479663154285716,0.1275819313402381,biweekly,weighted,,region_08
2025-02-22,8,LP.8.1,0.22805016798357142,0.31955370351357143,0.1522089576665476,biweekly,weighted,,region_08
2025-03-01,8,LP.8.1,0.2624909281742857,0.36431077548428575,0.17683598399285713,biweekly,weighted,0.0,region_08
2025-03-08,8,LP.8.1,0.29125617444464286,0.39138028238589284,0.20445567928392855,biweekly,weighted,,region_08
2025-03-15,8,LP.8.1,0.320021420715,0.4184497892875,0.232075374575,biweekly,weighted,0.0,region_08
2025-03-22,8,LP.8.1,0.3552885502575,0.47239927947375,0.2491071429125,biweekly,weighted,,region_08
2025-03-29,8,LP.8.1,0.3905556798,0.52634876966,0.26613891125,biweekly,weighted,0.0,region_08
2025-04-05,8,LP.8.1,0.407521057131,0.536838853355,0.288195788863,biweekly,weighted,,region_08
2025-04-12,8,LP.8.1,0.424486434462,0.54732893705,0.31025266647599997,biweekly,weighted,,region_08
2025-04-19,8,LP.8.1,0.441451811793,0.557819020745,0.332309544089,biweekly,weighted,,region_08
2025-04-26,8,LP.8.1,0.458417189124,0.5683091044399999,0.354366421702,biweekly,weighted,,region_08
2025-05-03,8,LP.8.1,0.475382566455,0.578799188135,0.37642329931499996,biweekly,weighted,,region_08
2025-05-10,8,LP.8.1,0.492347943786,0.58928927183,0.398480176928,biweekly,weighted,,region_08
2025-05-17,8,LP.8.1,0.509313321117,0.599779355525,0.420537054541,biweekly,weighted,,region_08
2025-05-24,8,LP.8.1,0.526278698448,0.61026943922,0.442593932154,biweekly,weighted,,region_08
2025-05-31,8,LP.8.1,0.543244075779,0.6207595229149999,0.46465080976699996,biweekly,weighted,,region_08
2025-06-07,8,LP.8.1,0.56020945311,0.63124960661,0.48670768738,4_week,empiric,0.0,region_08
2025-06-14,8,LP.8.1,0.5173240024633333,0.5840173456825,0.4488051005966667,4_week,empiric,,region_08
2025-06-21,8,LP.8.1,0.4744385518166667,0.536785084755,0.4109025138133333,4_week,empiric,,region_08
2025-06-28,8,LP.8.1,0.43155310117000006,0.4895528238275,0.37299992702999996,4_week,empiric,,region_08
2025-07-05,8,LP.8.1,0.3886676505233334,0.4423205629,0.33509734024666665,4_week,empiric,,region_08
2025-07-12,8,LP.8.1,0.3457821998766667,0.3950883019725,0.29719475346333335,4_week,empiric,,region_08
2025-07-19,8,LP.8.1,0.30289674923000004,0.347856041045,0.25929216668,4_week,empiric,,region_08
2025-07-26,8,LP.8.1,0.2600112985833334,0.3006237801175,0.22138957989666666,4_week,empiric,,region_08
2025-08-02,8,LP.8.1,0.21712584793666673,0.25339151919,0.18348699311333333,4_week,empiric,,region_08
2025-08-09,8,LP.8.1,0.17424039729000007,0.20615925826250003,0.14558440633,4_week,empiric,,region_08
2025-08-16,8,LP.8.1,0.13135494664333341,0.15892699733500004,0.10768181954666667,4_week,empiric,,region_08
2025-08-23,8,LP.8.1,0.08846949599666673,0.11169473640750005,0.06977923276333334,4_week,empiric,,region_08
2025-08-30,8,LP.8.1,0.04558404535,0.06446247548,0.03187664598,4_week,empiric,0.0,region_08
2024-09-28,8,MC.1,0.025526235873333334,0.03957322935266667,0.01543886407,biweekly,weighted,0.0,region_08
2024-10-05,8,MC.1,0.03014356639833333,0.048018422847,0.01757801763416667,biweekly,weighted,,region_08
2024-10-12,8,MC.1,0.03476089692333333,0.05646361634133333,0.019717171198333334,biweekly,weighted,,region_08
2024-10-19,8,MC.1,0.03937822744833333,0.06490880983566667,0.0218563247625,biweekly,weighted,,region_08
2024-10-26,8,MC.1,0.04399555797333333,0.07335400333,0.023995478326666667,biweekly,weighted,0.0,region_08
2024-11-02,8,MC.1,0.045520394626111106,0.07562321465833333,0.024936395903888887,biweekly,weighted,,region_08
2024-11-09,8,MC.1,0.047045231278888884,0.07789242598666667,0.025877313481111112,biweekly,weighted,,region_08
2024-11-16,8,MC.1,0.04857006793166666,0.080161637315,0.026818231058333333,biweekly,weighted,,region_08
2024-11-23,8,MC.1,0.05009490458444445,0.08243084864333333,0.027759148635555553,biweekly,weighted,,region_08
2024-11-30,8,MC.1,0.051619741237222225,0.08470005997166666,0.028700066212777778,biweekly,weighted,,region_08
2024-12-07,8,MC.1,0.05314457789,0.0869692713,0.02964098379,biweekly,weighted,0.0,region_08
2024-12-14,8,MC.1,0.05409699877066667,0.08676920942766667,0.031101808324333333,biweekly,weighted,,region_08
2024-12-21,8,MC.1,0.05504941965133334,0.08656914755533333,0.03256263285866667,biweekly,weighted,,region_08
2024-12-28,8,MC.1,0.056001840532000004,0.086369085683,0.034023457393,biweekly,weighted,,region_08
2025-01-04,8,MC.1,0.05695426141266667,0.08616902381066666,0.035484281927333335,biweekly,weighted,,region_08
2025-01-11,8,MC.1,0.05790668229333334,0.08596896193833332,0.03694510646166667,biweekly,weighted,,region_08
2025-01-18,8,MC.1,0.058859103174000005,0.08576890006599999,0.038405930996,biweekly,weighted,0.0,region_08
2024-11-23,8,MC.10.1,0.037390308455,0.06359718693375,0.01983325951625,biweekly,weighted,0.0,region_08
2024-11-30,8,MC.10.1,0.03825367470734849,0.06308194939130682,0.021316294468996213,biweekly,weighted,,region_08
2024-12-07,8,MC.10.1,0.039117040959696966,0.06256671184886363,0.022799329421742422,biweekly,weighted,,region_08
2024-12-14,8,MC.10.1,0.03998040721204545,0.062051474306420454,0.024282364374488635,biweekly,weighted,,region_08
2024-12-21,8,MC.10.1,0.04084377346439394,0.06153623676397727,0.025765399327234848,biweekly,weighted,,region_08
2024-12-28,8,MC.10.1,0.04170713971674242,0.061020999221534096,0.027248434279981058,biweekly,weighted,,region_08
2025-01-04,8,MC.10.1,0.042570505969090906,0.060505761679090914,0.02873146923272727,biweekly,weighted,0.0,region_08
2025-01-11,8,MC.10.1,0.05723012458954545,0.09090790474454546,0.033423312091363636,biweekly,weighted,,region_08
2025-01-18,8,MC.10.1,0.07188974321,0.12131004781,0.03811515495,biweekly,weighted,0.0,region_08
2025-01-25,8,MC.10.1,0.0709755435828125,0.1166260235509375,0.039248710496875,biweekly,weighted,,region_08
2025-02-01,8,MC.10.1,0.070061343955625,0.11194199929187501,0.040382266043750004,biweekly,weighted,,region_08
2025-02-08,8,MC.10.1,0.06914714432843751,0.10725797503281251,0.041515821590625,biweekly,weighted,,region_08
2025-02-15,8,MC.10.1,0.06823294470125,0.10257395077375,0.0426493771375,biweekly,weighted,0.0,region_08
2025-02-22,8,MC.10.1,0.06477691943343751,0.1009714279778125,0.03875788895,biweekly,weighted,,region_08
2025-03-01,8,MC.10.1,0.061320894165625,0.099368905181875,0.0348664007625,biweekly,weighted,,region_08
2025-03-08,8,MC.10.1,0.057864868897812505,0.0977663823859375,0.030974912575,biweekly,weighted,,region_08
2025-03-15,8,MC.10.1,0.05440884363,0.09616385959,0.0270834243875,biweekly,weighted,0.0,region_08
2025-06-07,8,NB.1.8.1,0.08376963436666666,0.13480986654666668,0.050202692550000004,4_week,empiric,0.0,region_08
2025-06-14,8,NB.1.8.1,0.1061945743875,0.15996126458,0.0688197370625,4_week,empiric,,region_08
2025-06-21,8,NB.1.8.1,0.12861951440833333,0.18511266261333334,0.08743678157500001,4_week,empiric,,region_08
2025-06-28,8,NB.1.8.1,0.15104445442916667,0.21026406064666667,0.1060538260875,4_week,empiric,,region_08
2025-07-05,8,NB.1.8.1,0.17346939445,0.23541545868,0.1246708706,4_week,empiric,0.0,region_08
2025-07-12,8,NB.1.8.1,0.16290672930958333,0.22012995835416665,0.11776672272458333,4_week,empiric,,region_08
2025-07-19,8,NB.1.8.1,0.15234406416916668,0.20484445802833334,0.11086257484916667,4_week,empiric,,region_08
2025-07-26,8,NB.1.8.1,0.14178139902875,0.1895589577025,0.10395842697375,4_week,empiric,,region_08
2025-08-02,8,NB.1.8.1,0.13121873388833333,0.17427345737666666,0.09705427909833333,4_week,empiric,,region_08
2025-08-09,8,NB.1.8.1,0.12065606874791668,0.15898795705083335,0.09015013122291667,4_week,empiric,,region_08
2025-08-16,8,NB.1.8.1,0.1100934036075,0.143702456725,0.0832459833475,4_week,empiric,,region_08
2025-08-23,8,NB.1.8.1,0.09953073846708334,0.12841695639916667,0.07634183547208334,4_week,empiric,,region_08
2025-08-30,8,NB.1.8.1,0.08896807332666667,0.11313145607333334,0.06943768759666667,4_week,empiric,0.0,region_08
2025-09-06,8,NB.1.8.1,0.08809556082333334,0.11475958861104167,0.06723948071458334,4_week,empiric,,region_08
2025-09-13,8,NB.1.8.1,0.08722304832,0.11638772114875001,0.06504127383250001,4_week,empiric,,region_08
2025-09-20,8,NB.1.8.1,0.08635053581666667,0.11801585368645834,0.06284306695041667,4_week,empiric,,region_08
2025-09-27,8,NB.1.8.1,0.08547802331333333,0.11964398622416667,0.060644860068333334,4_week,empiric,,region_08
2025-10-04,8,NB.1.8.1,0.08460551080999999,0.121272118761875,0.05844665318625,4_week,empiric,,region_08
2025-10-11,8,NB.1.8.1,0.08373299830666667,0.12290025129958333,0.05624844630416667,4_week,empiric,,region_08
2025-10-18,8,NB.1.8.1,0.08286048580333333,0.12452838383729167,0.054050239422083333,4_week,empiric,,region_08
2025-10-25,8,NB.1.8.1,0.08198797329999999,0.126156516375,0.05185203254,4_week,empiric,0.0,region_08
2025-08-30,8,NW.1,0.031428826970000004,0.047974996265,0.02027400024,4_week,empiric,0.0,region_08
2021-01-30,8,Other,0.4525677886881818,0.5516427050936363,0.36531153592000004,biweekly,weighted,0.0,region_08
2021-02-06,8,Other,0.45207139307863636,0.5467968217354545,0.37038291177863636,biweekly,weighted,,region_08
2021-02-13,8,Other,0.4515749974690909,0.5419509383772727,0.3754542876372727,biweekly,weighted,0.0,region_08
2021-02-20,8,Other,0.41432199491727273,0.49849482828999997,0.3456035222513636,biweekly,weighted,,region_08
2021-02-27,8,Other,0.37706899236545455,0.45503871820272723,0.31575275686545456,biweekly,weighted,0.0,region_08
2021-03-06,8,Other,0.725049465895,0.77076087892,0.6715274825675,weekly,weighted,0.0,region_08
2021-03-13,8,Other,0.7263015285150001,0.8440878987325,0.5451967269175,weekly,weighted,0.0,region_08
2021-03-20,8,Other,0.5988869369025001,0.72402712703,0.44908015430000003,weekly,weighted,0.0,region_08
2021-03-27,8,Other,0.45372719317750004,0.5558471679675,0.359084088355,weekly,weighted,0.0,region_08
2021-04-03,8,Other,0.37439937517,0.501519083975,0.2632591985175,weekly,weighted,0.0,region_08
2021-04-10,8,Other,0.30203744024,0.41989866644249996,0.21655188128250002,weekly,weighted,0.0,region_08
2021-04-17,8,Other,0.2566038891675,0.3553253263225,0.18189061992,weekly,weighted,0.0,region_08
2021-04-24,8,Other,0.201997155325,0.27112467587,0.146751444785,weekly,weighted,0.0,region_08
2021-05-01,8,Other,0.110096550545,0.22740581632,0.05366822658,weekly,weighted,0.0,region_08
2021-05-08,8,Other,0.9108451413576828,0.9318352334389024,0.8886296986258536,weekly,weighted,0.0,region_08
2021-05-15,8,Other,0.8577989776217857,0.897908668787619,0.8170167799332143,weekly,weighted,0.0,region_08
2021-05-22,8,Other,0.8427854244013953,0.870648019622093,0.8134286810725581,weekly,weighted,0.0,region_08
2021-05-29,8,Other,0.7197909889695349,0.7926611635227906,0.647236303589186,weekly,weighted,0.0,region_08
2021-06-05,8,Other,0.6181614370688235,0.7014453458431765,0.5276703215370588,weekly,weighted,0.0,region_08
2021-06-12,8,Other,0.4616451788154878,0.561806428087195,0.36376683986426833,weekly,weighted,0.0,region_08
2021-06-19,8,Other,0.3689694970122222,0.513111968317639,0.23902184813680552,weekly,weighted,0.0,region_08
2021-06-26,8,Other,0.2187540939522785,0.33469738528341775,0.12814475381405063,weekly,weighted,0.0,region_08
2021-07-03,8,Other,0.13697860852088609,0.19069218380962025,0.09378067253088608,weekly,weighted,0.0,region_08
2021-07-10,8,Other,0.12413438508240963,0.16271494216795182,0.09204958469084337,weekly,weighted,0.0,region_08
2021-07-17,8,Other,0.06858150131670732,0.10547817007804877,0.04158454236207317,weekly,weighted,0.0,region_08
2021-07-24,8,Other,0.038501768349375,0.052897479688125006,0.027129998326,weekly,weighted,0.0,region_08
2021-07-31,8,Other,0.03169264240039474,0.04841945972355263,0.019551874334078945,weekly,weighted,0.0,region_08
2021-08-07,8,Other,0.014078504716666667,0.032628778989999996,0.006158900443333334,weekly,weighted,0.0,region_08
2021-08-14,8,Other,0.01736213411777778,0.059256531713333324,0.00567878968888889,weekly,weighted,,region_08
2021-08-21,8,Other,0.020645763518888888,0.08588428443666665,0.0051986789344444445,weekly,weighted,,region_08
2021-08-28,8,Other,0.02392939292,0.11251203716,0.00471856818,weekly,weighted,0.0,region_08
2021-09-04,8,Other,0.0197269097,0.03229294345,0.01199006476,weekly,weighted,0.0,region_08
2021-09-11,8,Other,0.01956176929804625,0.03204778604794258,0.011858932791586922,weekly,weighted,,region_08
2021-09-18,8,Other,0.019396628896092505,0.031802628645885164,0.011727800823173843,weekly,weighted,,region_08
2021-09-25,8,Other,0.019231488494138756,0.03155747124382775,0.011596668854760767,weekly,weighted,,region_08
2021-10-02,8,Other,0.019066348092185006,0.031312313841770335,0.011465536886347688,weekly,weighted,,region_08
2021-10-09,8,Other,0.01890120769023126,0.031067156439712917,0.01133440491793461,weekly,weighted,,region_08
2021-10-16,8,Other,0.01873606728827751,0.030821999037655503,0.011203272949521531,weekly,weighted,,region_08
2021-10-23,8,Other,0.018570926886323762,0.030576841635598085,0.011072140981108454,weekly,weighted,,region_08
2021-10-30,8,Other,0.018405786484370017,0.03033168423354067,0.010941009012695376,weekly,weighted,,region_08
2021-11-06,8,Other,0.018240646082416268,0.030086526831483253,0.010809877044282297,weekly,weighted,,region_08
2021-11-13,8,Other,0.018075505680462522,0.029841369429425838,0.010678745075869219,weekly,weighted,,region_08
2021-11-20,8,Other,0.017910365278508773,0.02959621202736842,0.01054761310745614,weekly,weighted,,region_08
2021-11-27,8,Other,0.017745224876555023,0.029351054625311006,0.010416481139043064,weekly,weighted,,region_08
2021-12-04,8,Other,0.017580084474601278,0.029105897223253588,0.010285349170629985,weekly,weighted,,region_08
2021-12-11,8,Other,0.01741494407264753,0.028860739821196173,0.010154217202216907,weekly,weighted,,region_08
2021-12-18,8,Other,0.01724980367069378,0.028615582419138755,0.010023085233803828,weekly,weighted,,region_08
2021-12-25,8,Other,0.017084663268740034,0.02837042501708134,0.00989195326539075,weekly,weighted,,region_08
2022-01-01,8,Other,0.016919522866786284,0.028125267615023923,0.009760821296977673,weekly,weighted,,region_08
2022-01-08,8,Other,0.016754382464832535,0.02788011021296651,0.009629689328564594,weekly,weighted,,region_08
2022-01-15,8,Other,0.01658924206287879,0.02763495281090909,0.009498557360151516,weekly,weighted,,region_08
2022-01-22,8,Other,0.01642410166092504,0.027389795408851676,0.009367425391738437,weekly,weighted,,region_08
2022-01-29,8,Other,0.01625896125897129,0.02714463800679426,0.00923629342332536,weekly,weighted,,region_08
2022-02-05,8,Other,0.016093820857017545,0.026899480604736844,0.009105161454912282,weekly,weighted,,region_08
2022-02-12,8,Other,0.015928680455063796,0.026654323202679426,0.008974029486499203,weekly,weighted,,region_08
2022-02-19,8,Other,0.015763540053110047,0.02640916580062201,0.008842897518086125,weekly,weighted,,region_08
2022-02-26,8,Other,0.015598399651156301,0.026164008398564594,0.008711765549673046,weekly,weighted,,region_08
2022-03-05,8,Other,0.015433259249202552,0.02591885099650718,0.00858063358125997,weekly,weighted,,region_08
2022-03-12,8,Other,0.015268118847248805,0.02567369359444976,0.008449501612846891,weekly,weighted,,region_08
2022-03-19,8,Other,0.015102978445295057,0.025428536192392347,0.008318369644433813,weekly,weighted,,region_08
2022-03-26,8,Other,0.014937838043341308,0.02518337879033493,0.008187237676020734,weekly,weighted,,region_08
2022-04-02,8,Other,0.01477269764138756,0.024938221388277514,0.008056105707607657,weekly,weighted,,region_08
2022-04-09,8,Other,0.014607557239433813,0.024693063986220096,0.007924973739194579,weekly,weighted,,region_08
2022-04-16,8,Other,0.014442416837480064,0.024447906584162682,0.0077938417707815,weekly,weighted,,region_08
2022-04-23,8,Other,0.014277276435526317,0.024202749182105264,0.007662709802368422,weekly,weighted,0.0,region_08
2022-04-30,8,Other,0.014188374856445744,0.024059093582696558,0.0076120825409811575,weekly,weighted,,region_08
2022-05-07,8,Other,0.014099473277365174,0.02391543798328785,0.007561455279593893,weekly,weighted,,region_08
2022-05-14,8,Other,0.014010571698284601,0.023771782383879142,0.007510828018206629,weekly,weighted,,region_08
2022-05-21,8,Other,0.01392167011920403,0.023628126784470436,0.007460200756819364,weekly,weighted,,region_08
2022-05-28,8,Other,0.013832768540123457,0.02348447118506173,0.0074095734954321,weekly,weighted,,region_08
2022-06-04,8,Other,0.013743866961042886,0.023340815585653023,0.0073589462340448355,weekly,weighted,,region_08
2022-06-11,8,Other,0.013654965381962314,0.023197159986244314,0.007308318972657571,weekly,weighted,,region_08
2022-06-18,8,Other,0.013566063802881742,0.023053504386835608,0.007257691711270306,weekly,weighted,,region_08
2022-06-25,8,Other,0.013477162223801171,0.0229098487874269,0.007207064449883041,weekly,weighted,,region_08
2022-07-02,8,Other,0.013388260644720599,0.022766193188018195,0.007156437188495777,weekly,weighted,,region_08
2022-07-09,8,Other,0.013299359065640027,0.02262253758860949,0.007105809927108513,weekly,weighted,,region_08
2022-07-16,8,Other,0.013210457486559454,0.02247888198920078,0.007055182665721248,weekly,weighted,,region_08
2022-07-23,8,Other,0.013121555907478884,0.022335226389792073,0.007004555404333984,weekly,weighted,,region_08
2022-07-30,8,Other,0.013032654328398311,0.022191570790383367,0.006953928142946719,weekly,weighted,,region_08
2022-08-06,8,Other,0.01294375274931774,0.02204791519097466,0.006903300881559455,weekly,weighted,,region_08
2022-08-13,8,Other,0.012854851170237169,0.02190425959156595,0.006852673620172191,weekly,weighted,,region_08
2022-08-20,8,Other,0.012765949591156596,0.021760603992157245,0.006802046358784926,weekly,weighted,,region_08
2022-08-27,8,Other,0.012677048012076024,0.02161694839274854,0.006751419097397662,weekly,weighted,,region_08
2022-09-03,8,Other,0.012588146432995452,0.021473292793339833,0.006700791836010397,weekly,weighted,,region_08
2022-09-10,8,Other,0.012499244853914881,0.021329637193931123,0.006650164574623133,weekly,weighted,,region_08
2022-09-17,8,Other,0.012410343274834309,0.021185981594522417,0.006599537313235869,weekly,weighted,,region_08
2022-09-24,8,Other,0.012321441695753737,0.02104232599511371,0.006548910051848603,weekly,weighted,,region_08
2022-10-01,8,Other,0.012232540116673164,0.020898670395705005,0.006498282790461339,weekly,weighted,,region_08
2022-10-08,8,Other,0.012143638537592594,0.0207550147962963,0.0064476555290740745,weekly,weighted,,region_08
2022-10-15,8,Other,0.012054736958512021,0.02061135919688759,0.00639702826768681,weekly,weighted,,region_08
2022-10-22,8,Other,0.011965835379431449,0.020467703597478883,0.006346401006299546,weekly,weighted,,region_08
2022-10-29,8,Other,0.011876933800350879,0.020324047998070176,0.006295773744912281,weekly,weighted,,region_08
2022-11-05,8,Other,0.011788032221270306,0.02018039239866147,0.006245146483525017,weekly,weighted,,region_08
2022-11-12,8,Other,0.011699130642189734,0.02003673679925276,0.0061945192221377525,weekly,weighted,,region_08
2022-11-19,8,Other,0.011610229063109162,0.019893081199844054,0.006143891960750488,weekly,weighted,,region_08
2022-11-26,8,Other,0.011521327484028591,0.01974942560043535,0.006093264699363224,weekly,weighted,,region_08
2022-12-03,8,Other,0.011432425904948019,0.019605770001026642,0.006042637437975959,weekly,weighted,,region_08
2022-12-10,8,Other,0.011343524325867447,0.019462114401617936,0.005992010176588695,weekly,weighted,,region_08
2022-12-17,8,Other,0.011254622746786876,0.019318458802209226,0.0059413829152014305,weekly,weighted,,region_08
2022-12-24,8,Other,0.011165721167706304,0.01917480320280052,0.005890755653814166,weekly,weighted,,region_08
2022-12-31,8,Other,0.011076819588625731,0.019031147603391814,0.005840128392426901,weekly,weighted,,region_08
2023-01-07,8,Other,0.010987918009545159,0.018887492003983108,0.0057895011310396365,weekly,weighted,,region_08
2023-01-14,8,Other,0.010899016430464589,0.018743836404574398,0.005738873869652372,weekly,weighted,,region_08
2023-01-21,8,Other,0.010810114851384016,0.018600180805165692,0.005688246608265108,weekly,weighted,,region_08
2023-01-28,8,Other,0.010721213272303444,0.018456525205756986,0.005637619346877843,weekly,weighted,,region_08
2023-02-04,8,Other,0.010632311693222873,0.01831286960634828,0.005586992085490579,weekly,weighted,,region_08
2023-02-11,8,Other,0.010543410114142301,0.01816921400693957,0.0055363648241033145,weekly,weighted,,region_08
2023-02-18,8,Other,0.010454508535061729,0.018025558407530864,0.00548573756271605,weekly,weighted,,region_08
2023-02-25,8,Other,0.010365606955981157,0.017881902808122158,0.005435110301328786,weekly,weighted,,region_08
2023-03-04,8,Other,0.010276705376900586,0.01773824720871345,0.005384483039941521,weekly,weighted,,region_08
2023-03-11,8,Other,0.010187803797820014,0.017594591609304745,0.005333855778554257,weekly,weighted,,region_08
2023-03-18,8,Other,0.010098902218739441,0.017450936009896036,0.0052832285171669924,weekly,weighted,,region_08
2023-03-25,8,Other,0.010010000639658869,0.01730728041048733,0.005232601255779728,weekly,weighted,,region_08
2023-04-01,8,Other,0.009921099060578299,0.017163624811078623,0.005181973994392464,weekly,weighted,,region_08
2023-04-08,8,Other,0.009832197481497726,0.017019969211669917,0.005131346733005198,weekly,weighted,,region_08
2023-04-15,8,Other,0.009743295902417154,0.016876313612261207,0.005080719471617934,weekly,weighted,,region_08
2023-04-22,8,Other,0.009654394323336583,0.0167326580128525,0.00503009221023067,weekly,weighted,,region_08
2023-04-29,8,Other,0.009565492744256011,0.016589002413443795,0.004979464948843405,weekly,weighted,,region_08
2023-05-06,8,Other,0.009476591165175439,0.01644534681403509,0.004928837687456141,weekly,weighted,,region_08
2023-05-13,8,Other,0.009387689586094866,0.016301691214626383,0.004878210426068876,weekly,weighted,,region_08
2023-05-20,8,Other,0.009298788007014296,0.016158035615217673,0.004827583164681612,weekly,weighted,,region_08
2023-05-27,8,Other,0.009209886427933724,0.016014380015808967,0.004776955903294348,weekly,weighted,,region_08
2023-06-03,8,Other,0.009120984848853151,0.01587072441640026,0.004726328641907083,weekly,weighted,,region_08
2023-06-10,8,Other,0.00903208326977258,0.015727068816991555,0.004675701380519819,weekly,weighted,,region_08
2023-06-17,8,Other,0.008943181690692008,0.015583413217582847,0.004625074119132554,weekly,weighted,,region_08
2023-06-24,8,Other,0.008854280111611436,0.015439757618174139,0.00457444685774529,weekly,weighted,,region_08
2023-07-01,8,Other,0.008765378532530864,0.015296102018765433,0.0045238195963580256,weekly,weighted,,region_08
2023-07-08,8,Other,0.008676476953450293,0.015152446419356725,0.004473192334970761,weekly,weighted,,region_08
2023-07-15,8,Other,0.008587575374369721,0.015008790819948018,0.004422565073583497,weekly,weighted,,region_08
2023-07-22,8,Other,0.008498673795289149,0.014865135220539312,0.0043719378121962315,weekly,weighted,,region_08
2023-07-29,8,Other,0.008409772216208578,0.014721479621130604,0.004321310550808967,weekly,weighted,,region_08
2023-08-05,8,Other,0.008320870637128006,0.014577824021721898,0.004270683289421703,weekly,weighted,,region_08
2023-08-12,8,Other,0.008231969058047434,0.01443416842231319,0.004220056028034438,weekly,weighted,,region_08
2023-08-19,8,Other,0.008143067478966861,0.014290512822904484,0.004169428766647174,weekly,weighted,,region_08
2023-08-26,8,Other,0.00805416589988629,0.014146857223495776,0.0041188015052599095,weekly,weighted,,region_08
2023-09-02,8,Other,0.007965264320805718,0.01400320162408707,0.004068174243872645,weekly,weighted,,region_08
2023-09-09,8,Other,0.007876362741725146,0.013859546024678362,0.004017546982485381,weekly,weighted,,region_08
2023-09-16,8,Other,0.007787461162644575,0.013715890425269656,0.003966919721098116,weekly,weighted,,region_08
2023-09-23,8,Other,0.007698559583564003,0.013572234825860948,0.003916292459710852,weekly,weighted,,region_08
2023-09-30,8,Other,0.007609658004483431,0.013428579226452242,0.003865665198323587,weekly,weighted,,region_08
2023-10-07,8,Other,0.00752075642540286,0.013284923627043536,0.0038150379369363227,weekly,weighted,,region_08
2023-10-14,8,Other,0.007431854846322287,0.013141268027634828,0.0037644106755490583,weekly,weighted,,region_08
2023-10-21,8,Other,0.007342953267241716,0.012997612428226122,0.003713783414161794,weekly,weighted,,region_08
2023-10-28,8,Other,0.007254051688161144,0.012853956828817414,0.0036631561527745294,weekly,weighted,,region_08
2023-11-04,8,Other,0.007165150109080572,0.012710301229408708,0.003612528891387265,weekly,weighted,,region_08
2023-11-11,8,Other,0.00707624853,0.01256664563,0.00356190163,biweekly,weighted,0.0,region_08
2023-11-18,8,Other,0.008968113433660715,0.015775476099910715,0.004572794953750001,biweekly,weighted,,region_08
2023-11-25,8,Other,0.010859978337321429,0.01898430656982143,0.0055836882775,biweekly,weighted,,region_08
2023-12-02,8,Other,0.012751843240982143,0.022193137039732143,0.00659458160125,biweekly,weighted,,region_08
2023-12-09,8,Other,0.014643708144642857,0.025401967509642857,0.007605474925,biweekly,weighted,0.0,region_08
2023-12-16,8,Other,0.017542072030654762,0.029368130404404766,0.009587087922500001,biweekly,weighted,,region_08
2023-12-23,8,Other,0.020440435916666666,0.03333429329916667,0.011568700920000001,biweekly,weighted,0.0,region_08
2023-12-30,8,Other,0.02084115145083333,0.03562220879333333,0.01106386609875,biweekly,weighted,,region_08
2024-01-06,8,Other,0.021241866985,0.0379101242875,0.0105590312775,biweekly,weighted,0.0,region_08
2024-01-13,8,Other,0.021091274681710525,0.03762898138326754,0.010489773478179825,biweekly,weighted,,region_08
2024-01-20,8,Other,0.020940682378421054,0.037347838479035084,0.010420515678859649,biweekly,weighted,,region_08
2024-01-27,8,Other,0.02079009007513158,0.03706669557480263,0.010351257879539473,biweekly,weighted,,region_08
2024-02-03,8,Other,0.020639497771842104,0.036785552670570175,0.0102820000802193,biweekly,weighted,,region_08
2024-02-10,8,Other,0.020488905468552632,0.03650440976633772,0.010212742280899124,biweekly,weighted,,region_08
2024-02-17,8,Other,0.020338313165263158,0.036223266862105266,0.010143484481578948,biweekly,weighted,,region_08
2024-02-24,8,Other,0.020187720861973683,0.03594212395787281,0.010074226682258772,biweekly,weighted,,region_08
2024-03-02,8,Other,0.02003712855868421,0.03566098105364035,0.010004968882938597,biweekly,weighted,,region_08
2024-03-09,8,Other,0.019886536255394736,0.03537983814940789,0.009935711083618421,biweekly,weighted,,region_08
2024-03-16,8,Other,0.01973594395210526,0.035098695245175435,0.009866453284298245,biweekly,weighted,,region_08
2024-03-23,8,Other,0.01958535164881579,0.034817552340942984,0.00979719548497807,biweekly,weighted,,region_08
2024-03-30,8,Other,0.019434759345526315,0.034536409436710526,0.009727937685657896,biweekly,weighted,,region_08
2024-04-06,8,Other,0.01928416704223684,0.03425526653247807,0.00965867988633772,biweekly,weighted,,region_08
2024-04-13,8,Other,0.01913357473894737,0.03397412362824562,0.009589422087017544,biweekly,weighted,,region_08
2024-04-20,8,Other,0.018982982435657894,0.03369298072401316,0.009520164287697369,biweekly,weighted,,region_08
2024-04-27,8,Other,0.01883239013236842,0.0334118378197807,0.009450906488377193,biweekly,weighted,,region_08
2024-05-04,8,Other,0.018681797829078948,0.033130694915548244,0.009381648689057017,biweekly,weighted,,region_08
2024-05-11,8,Other,0.018531205525789473,0.032849552011315786,0.009312390889736842,biweekly,weighted,,region_08
2024-05-18,8,Other,0.0183806132225,0.032568409107083335,0.009243133090416668,biweekly,weighted,,region_08
2024-05-25,8,Other,0.018230020919210527,0.03228726620285088,0.009173875291096492,biweekly,weighted,,region_08
2024-06-01,8,Other,0.018079428615921052,0.03200612329861842,0.009104617491776316,biweekly,weighted,,region_08
2024-06-08,8,Other,0.01792883631263158,0.03172498039438597,0.00903535969245614,biweekly,weighted,,region_08
2024-06-15,8,Other,0.017778244009342106,0.03144383749015351,0.008966101893135965,biweekly,weighted,,region_08
2024-06-22,8,Other,0.01762765170605263,0.031162694585921052,0.00889684409381579,biweekly,weighted,,region_08
2024-06-29,8,Other,0.01747705940276316,0.030881551681688595,0.008827586294495614,biweekly,weighted,,region_08
2024-07-06,8,Other,0.017326467099473684,0.03060040877745614,0.008758328495175438,biweekly,weighted,,region_08
2024-07-13,8,Other,0.01717587479618421,0.030319265873223686,0.008689070695855264,biweekly,weighted,,region_08
2024-07-20,8,Other,0.017025282492894738,0.030038122968991228,0.008619812896535088,biweekly,weighted,,region_08
2024-07-27,8,Other,0.016874690189605263,0.02975698006475877,0.008550555097214913,biweekly,weighted,,region_08
2024-08-03,8,Other,0.01672409788631579,0.029475837160526316,0.008481297297894737,biweekly,weighted,,region_08
2024-08-10,8,Other,0.016573505583026317,0.02919469425629386,0.008412039498574561,biweekly,weighted,,region_08
2024-08-17,8,Other,0.016422913279736842,0.028913551352061403,0.008342781699254386,biweekly,weighted,,region_08
2024-08-24,8,Other,0.016272320976447367,0.028632408447828946,0.00827352389993421,biweekly,weighted,,region_08
2024-08-31,8,Other,0.016121728673157896,0.02835126554359649,0.008204266100614036,biweekly,weighted,,region_08
2024-09-07,8,Other,0.01597113636986842,0.028070122639364037,0.00813500830129386,biweekly,weighted,,region_08
2024-09-14,8,Other,0.015820544066578946,0.02778897973513158,0.008065750501973685,biweekly,weighted,,region_08
2024-09-21,8,Other,0.015669951763289475,0.02750783683089912,0.00799649270265351,biweekly,weighted,,region_08
2024-09-28,8,Other,0.01551935946,0.027226693926666667,0.007927234903333333,biweekly,weighted,0.0,region_08
2021-04-10,8,P.1,0.014477026649999999,0.0311697153375,0.0066820275975,weekly,weighted,0.0,region_08
2021-04-17,8,P.1,0.0372344879425,0.06455885619,0.0212220056,weekly,weighted,0.0,region_08
2021-04-24,8,P.1,0.038154020905,0.0800833292325,0.017766525502499998,weekly,weighted,0.0,region_08
2021-05-01,8,P.1,0.034539233895,0.0525752678525,0.022668012415,weekly,weighted,0.0,region_08
2021-05-08,8,P.1,0.0222940328525,0.052936095745,0.00921630068,weekly,weighted,0.0,region_08
2021-05-15,8,P.1,0.03212231929857143,0.06334337325999999,0.015919164221428573,weekly,weighted,0.0,region_08
2021-05-22,8,P.1,0.058728694918,0.155366119742,0.020741262288000002,weekly,weighted,0.0,region_08
2021-05-29,8,P.1,0.025462354718000003,0.08512070029999999,0.007729898858000001,weekly,weighted,0.0,region_08
2021-06-05,8,P.1,0.036005977541,0.08765561878699998,0.015721697407,weekly,weighted,,region_08
2021-06-12,8,P.1,0.046549600364,0.09019053727399999,0.023713495956,weekly,weighted,0.0,region_08
2021-06-19,8,P.1,0.041656368224,0.096976418792,0.017289680241999998,weekly,weighted,0.0,region_08
2021-06-26,8,P.1,0.036387448755999995,0.054937043042,0.024037798495999997,weekly,weighted,0.0,region_08
2021-07-03,8,P.1,0.036176095904,0.061186514794,0.021198874712,weekly,weighted,0.0,region_08
2021-07-10,8,P.1,0.017595249974,0.03021839112,0.010241784528,weekly,weighted,0.0,region_08
2021-07-17,8,P.1,0.010946740398000001,0.026005574314000003,0.004568758328,weekly,weighted,0.0,region_08
2022-12-24,8,XBB,0.039323999545,0.0698128808275,0.01956132101,weekly,weighted,0.0,region_08
2022-12-31,8,XBB,0.040021114178787204,0.07099781365690849,0.01992219323157738,weekly,weighted,,region_08
2023-01-07,8,XBB,0.040718228812574406,0.07218274648631696,0.020283065453154763,weekly,weighted,,region_08
2023-01-14,8,XBB,0.04141534344636161,0.07336767931572545,0.020643937674732143,weekly,weighted,,region_08
2023-01-21,8,XBB,0.04211245808014881,0.07455261214513394,0.021004809896309522,weekly,weighted,,region_08
2023-01-28,8,XBB,0.04280957271393601,0.07573754497454241,0.021365682117886906,weekly,weighted,,region_08
2023-02-04,8,XBB,0.043506687347723214,0.0769224778039509,0.021726554339464285,weekly,weighted,,region_08
2023-02-11,8,XBB,0.044203801981510416,0.07810741063335938,0.022087426561041665,weekly,weighted,,region_08
2023-02-18,8,XBB,0.04490091661529762,0.07929234346276787,0.022448298782619048,weekly,weighted,,region_08
2023-02-25,8,XBB,0.045598031249084826,0.08047727629217634,0.022809171004196428,weekly,weighted,,region_08
2023-03-04,8,XBB,0.04629514588287203,0.08166220912158483,0.023170043225773807,weekly,weighted,,region_08
2023-03-11,8,XBB,0.04699226051665923,0.08284714195099331,0.02353091544735119,weekly,weighted,,region_08
2023-03-18,8,XBB,0.04768937515044643,0.08403207478040178,0.02389178766892857,weekly,weighted,,region_08
2023-03-25,8,XBB,0.048386489784233634,0.08521700760981027,0.02425265989050595,weekly,weighted,,region_08
2023-04-01,8,XBB,0.049083604418020836,0.08640194043921876,0.024613532112083333,weekly,weighted,,region_08
2023-04-08,8,XBB,0.04978071905180804,0.08758687326862723,0.024974404333660712,weekly,weighted,,region_08
2023-04-15,8,XBB,0.05047783368559524,0.08877180609803571,0.025335276555238095,weekly,weighted,,region_08
2023-04-22,8,XBB,0.05117494831938244,0.0899567389274442,0.025696148776815475,weekly,weighted,,region_08
2023-04-29,8,XBB,0.051872062953169644,0.09114167175685267,0.026057020998392855,weekly,weighted,,region_08
2023-05-06,8,XBB,0.052569177586956846,0.09232660458626116,0.026417893219970238,weekly,weighted,,region_08
2023-05-13,8,XBB,0.05326629222074405,0.09351153741566964,0.026778765441547617,weekly,weighted,,region_08
2023-05-20,8,XBB,0.05396340685453125,0.09469647024507812,0.027139637663124997,weekly,weighted,,region_08
2023-05-27,8,XBB,0.05466052148831845,0.0958814030744866,0.02750050988470238,weekly,weighted,,region_08
2023-06-03,8,XBB,0.055357636122105654,0.09706633590389509,0.02786138210627976,weekly,weighted,,region_08
2023-06-10,8,XBB,0.05605475075589286,0.09825126873330356,0.02822225432785714,weekly,weighted,,region_08
2023-06-17,8,XBB,0.056751865389680065,0.09943620156271205,0.028583126549434523,weekly,weighted,,region_08
2023-06-24,8,XBB,0.057448980023467267,0.10062113439212053,0.028943998771011902,weekly,weighted,,region_08
2023-07-01,8,XBB,0.05814609465725447,0.10180606722152902,0.029304870992589282,weekly,weighted,,region_08
2023-07-08,8,XBB,0.05884320929104167,0.10299100005093749,0.029665743214166665,weekly,weighted,,region_08
2023-07-15,8,XBB,0.05954032392482887,0.10417593288034598,0.030026615435744045,weekly,weighted,,region_08
2023-07-22,8,XBB,0.060237438558616074,0.10536086570975446,0.030387487657321424,weekly,weighted,,region_08
2023-07-29,8,XBB,0.060934553192403276,0.10654579853916293,0.030748359878898807,weekly,weighted,,region_08
2023-08-05,8,XBB,0.06163166782619048,0.10773073136857142,0.031109232100476187,biweekly,weighted,0.0,region_08
2023-08-12,8,XBB,0.05306132783017857,0.09176815214741071,0.02727901888991071,biweekly,weighted,,region_08
2023-08-19,8,XBB,0.04449098783416667,0.07580557292625,0.023448805679345236,biweekly,weighted,,region_08
2023-08-26,8,XBB,0.03592064783815477,0.05984299370508928,0.019618592468779762,biweekly,weighted,,region_08
2023-09-02,8,XBB,0.027350307842142856,0.04388041448392858,0.015788379258214285,biweekly,weighted,0.0,region_08
2023-09-09,8,XBB,0.028771596196071426,0.042537759590178574,0.01862482596875,biweekly,weighted,,region_08
2023-09-16,8,XBB,0.03019288455,0.04119510469642857,0.021461272679285714,biweekly,weighted,0.0,region_08
2023-09-23,8,XBB,0.028565679877142855,0.04048501307625,0.01941130939,biweekly,weighted,,region_08
2023-09-30,8,XBB,0.026938475204285713,0.03977492145607143,0.017361346100714287,biweekly,weighted,0.0,region_08
2023-10-07,8,XBB,0.026910571941992478,0.040541113434533205,0.0169364659654198,biweekly,weighted,,region_08
2023-10-14,8,XBB,0.026882668679699247,0.04130730541299499,0.016511585830125314,biweekly,weighted,,region_08
2023-10-21,8,XBB,0.026854765417406015,0.042073497391456764,0.016086705694830828,biweekly,weighted,,region_08
2023-10-28,8,XBB,0.02682686215511278,0.04283968936991854,0.01566182555953634,biweekly,weighted,,region_08
2023-11-04,8,XBB,0.026798958892819545,0.043605881348380324,0.015236945424241855,biweekly,weighted,,region_08
2023-11-11,8,XBB,0.026771055630526314,0.0443720733268421,0.014812065288947369,biweekly,weighted,0.0,region_08
2023-11-18,8,XBB,0.02284033138047286,0.037619229035756575,0.012755931912257401,biweekly,weighted,,region_08
2023-11-25,8,XBB,0.018909607130419406,0.03086638474467105,0.010699798535567434,biweekly,weighted,,region_08
2023-12-02,8,XBB,0.014978882880365953,0.024113540453585526,0.008643665158877467,biweekly,weighted,,region_08
2023-12-09,8,XBB,0.011048158630312499,0.0173606961625,0.0065875317821875,biweekly,weighted,0.0,region_08
2023-12-16,8,XBB,0.011308592278865926,0.01883325029528226,0.006250805644319557,biweekly,weighted,,region_08
2023-12-23,8,XBB,0.011569025927419355,0.020305804428064515,0.005914079506451613,biweekly,weighted,0.0,region_08
2023-08-05,8,XBB.1.16,0.117242833599375,0.205458373763125,0.05751643469625,biweekly,weighted,0.0,region_08
2023-08-12,8,XBB.1.16,0.09989348572790178,0.16923843716674108,0.052189390075625,biweekly,weighted,,region_08
2023-08-19,8,XBB.1.16,0.08254413785642857,0.13301850057035716,0.046862345455,biweekly,weighted,0.0,region_08
2023-08-26,8,XBB.1.16,0.08341753163464286,0.12661049900803573,0.051598268428214286,biweekly,weighted,,region_08
2023-09-02,8,XBB.1.16,0.08429092541285714,0.12020249744571429,0.05633419140142858,biweekly,weighted,0.0,region_08
2023-09-09,8,XBB.1.16,0.07478618173892856,0.10472883492511906,0.05154709189809524,biweekly,weighted,,region_08
2023-09-16,8,XBB.1.16,0.065281438065,0.08925517240452381,0.046759992394761904,biweekly,weighted,0.0,region_08
2023-09-23,8,XBB.1.16,0.05792899527321428,0.08470813819154763,0.038143397020595236,biweekly,weighted,,region_08
2023-09-30,8,XBB.1.16,0.05057655248142857,0.08016110397857143,0.029526801646428572,biweekly,weighted,0.0,region_08
2023-10-07,8,XBB.1.16,0.03644230775482143,0.05675538576071429,0.021842271971071428,biweekly,weighted,,region_08
2023-10-14,8,XBB.1.16,0.022308063028214285,0.03334966754285714,0.014157742295714286,biweekly,weighted,0.0,region_08
2023-10-21,8,XBB.1.16,0.027853979363214286,0.04311876285035714,0.016886262572142857,biweekly,weighted,,region_08
2023-10-28,8,XBB.1.16,0.033399895698214284,0.05288785815785714,0.01961478284857143,biweekly,weighted,0.0,region_08
2023-11-04,8,XBB.1.16,0.02183333967210714,0.03550853640192857,0.012409833825285713,biweekly,weighted,,region_08
2023-11-11,8,XBB.1.16,0.010266783646,0.018129214646,0.005204884801999999,biweekly,weighted,0.0,region_08
2023-11-18,8,XBB.1.16,0.009338251925125,0.016502994753875,0.004729757377749999,biweekly,weighted,,region_08
2023-11-25,8,XBB.1.16,0.00840972020425,0.01487677486175,0.0042546299535,biweekly,weighted,,region_08
2023-12-02,8,XBB.1.16,0.007481188483375,0.013250554969625001,0.00377950252925,biweekly,weighted,,region_08
2023-12-09,8,XBB.1.16,0.0065526567625,0.0116243350775,0.003304375105,biweekly,weighted,0.0,region_08
2023-08-19,8,XBB.1.16.1,0.05193638402464285,0.07951560483428573,0.03177144079107143,biweekly,weighted,0.0,region_08
2023-08-26,8,XBB.1.16.1,0.04864538161675137,0.07480145045686815,0.029604346539072804,biweekly,weighted,,region_08
2023-09-02,8,XBB.1.16.1,0.04535437920885989,0.07008729607945055,0.027437252287074176,biweekly,weighted,,region_08
2023-09-09,8,XBB.1.16.1,0.0420633768009684,0.06537314170203297,0.025270158035075548,biweekly,weighted,,region_08
2023-09-16,8,XBB.1.16.1,0.03877237439307692,0.06065898732461539,0.023103063783076923,biweekly,weighted,0.0,region_08
2023-09-23,8,XBB.1.16.1,0.03478566083567307,0.05461366304461539,0.0206438955525,biweekly,weighted,,region_08
2023-09-30,8,XBB.1.16.1,0.030798947278269227,0.04856833876461539,0.018184727321923076,biweekly,weighted,,region_08
2023-10-07,8,XBB.1.16.1,0.02681223372086538,0.04252301448461539,0.015725559091346153,biweekly,weighted,,region_08
2023-10-14,8,XBB.1.16.1,0.022825520163461534,0.03647769020461539,0.013266390860769231,biweekly,weighted,,region_08
2023-10-21,8,XBB.1.16.1,0.01883880660605769,0.030432365924615387,0.010807222630192308,biweekly,weighted,,region_08
2023-10-28,8,XBB.1.16.1,0.014852093048653843,0.024387041644615387,0.008348054399615387,biweekly,weighted,,region_08
2023-11-04,8,XBB.1.16.1,0.010865379491249997,0.018341717364615387,0.005888886169038463,biweekly,weighted,,region_08
2023-11-11,8,XBB.1.16.1,0.006878665933846154,0.012296393084615385,0.0034297179384615386,biweekly,weighted,0.0,region_08
2023-08-19,8,XBB.1.16.11,0.039890667763181814,0.0661668404934091,0.021962410897272727,biweekly,weighted,0.0,region_08
2023-08-26,8,XBB.1.16.11,0.04617120351939123,0.07532129995494724,0.025962689653417206,biweekly,weighted,,region_08
2023-09-02,8,XBB.1.16.11,0.05245173927560065,0.08447575941648539,0.029962968409561686,biweekly,weighted,,region_08
2023-09-09,8,XBB.1.16.11,0.05873227503181006,0.09363021887802354,0.033963247165706166,biweekly,weighted,,region_08
2023-09-16,8,XBB.1.16.11,0.06501281078801949,0.10278467833956169,0.03796352592185065,biweekly,weighted,,region_08
2023-09-23,8,XBB.1.16.11,0.07129334654422889,0.11193913780109983,0.041963804677995126,biweekly,weighted,,region_08
2023-09-30,8,XBB.1.16.11,0.07757388230043831,0.12109359726263799,0.0459640834341396,biweekly,weighted,,region_08
2023-10-07,8,XBB.1.16.11,0.08385441805664773,0.13024805672417614,0.049964362190284085,biweekly,weighted,,region_08
2023-10-14,8,XBB.1.16.11,0.09013495381285715,0.13940251618571428,0.05396464094642857,biweekly,weighted,0.0,region_08
2023-10-21,8,XBB.1.16.11,0.07111824432013228,0.11453927763656084,0.0404934001817328,biweekly,weighted,,region_08
2023-10-28,8,XBB.1.16.11,0.05210153482740741,0.0896760390874074,0.027022159417037037,biweekly,weighted,0.0,region_08
2023-11-04,8,XBB.1.16.11,0.04573616174388227,0.0766581669087037,0.02475230643155423,biweekly,weighted,,region_08
2023-11-11,8,XBB.1.16.11,0.03937078866035714,0.06364029473,0.022482453446071426,biweekly,weighted,0.0,region_08
2023-11-18,8,XBB.1.16.11,0.04157513704251191,0.07017546184833334,0.022327263857369047,biweekly,weighted,,region_08
2023-11-25,8,XBB.1.16.11,0.04377948542466667,0.07671062896666667,0.02217207426866667,biweekly,weighted,0.0,region_08
2023-12-02,8,XBB.1.16.11,0.034803424277333336,0.061354224878333335,0.017513579904333335,biweekly,weighted,,region_08
2023-12-09,8,XBB.1.16.11,0.02582736313,0.04599782079,0.01285508554,biweekly,weighted,0.0,region_08
2023-12-16,8,XBB.1.16.11,0.02888904299638889,0.046183200913055555,0.016944294974166666,biweekly,weighted,,region_08
2023-12-23,8,XBB.1.16.11,0.03195072286277778,0.046368581036111106,0.021033504408333334,biweekly,weighted,0.0,region_08
2023-12-30,8,XBB.1.16.11,0.02316148882305556,0.03553457383272222,0.014299216597833333,biweekly,weighted,,region_08
2024-01-06,8,XBB.1.16.11,0.014372254783333335,0.024700566629333332,0.007564928787333333,biweekly,weighted,0.0,region_08
2023-10-14,8,XBB.1.16.15,0.016585989787857143,0.026446397284285713,0.009679485212142857,biweekly,weighted,0.0,region_08
2023-10-21,8,XBB.1.16.15,0.0142657760625,0.023176006042321427,0.008126403338035715,biweekly,weighted,,region_08
2023-10-28,8,XBB.1.16.15,0.011945562337142859,0.01990561480035714,0.006573321463928571,biweekly,weighted,0.0,region_08
2023-11-04,8,XBB.1.16.15,0.01768160885783069,0.030344289570178568,0.009316640299556877,biweekly,weighted,,region_08
2023-11-11,8,XBB.1.16.15,0.023417655378518518,0.04078296434,0.012059959135185185,biweekly,weighted,0.0,region_08
2023-11-18,8,XBB.1.16.15,0.02288371759159722,0.038118280457430556,0.012674367495694444,biweekly,weighted,,region_08
2023-11-25,8,XBB.1.16.15,0.022349779804675923,0.03545359657486111,0.013288775856203704,biweekly,weighted,,region_08
2023-12-02,8,XBB.1.16.15,0.02181584201775463,0.032788912692291665,0.013903184216712963,biweekly,weighted,,region_08
2023-12-09,8,XBB.1.16.15,0.021281904230833332,0.030124228809722223,0.014517592577222222,biweekly,weighted,0.0,region_08
2023-08-05,8,XBB.1.16.6,0.06344334679568181,0.10590244253886363,0.03427912599727272,biweekly,weighted,0.0,region_08
2023-08-12,8,XBB.1.16.6,0.06054797884105519,0.10098253660961039,0.03278579924827922,biweekly,weighted,,region_08
2023-08-19,8,XBB.1.16.6,0.057652610886428576,0.09606263068035714,0.03129247249928572,biweekly,weighted,0.0,region_08
2023-08-26,8,XBB.1.16.6,0.09496525278421428,0.1434937344327341,0.05896532289742064,biweekly,weighted,,region_08
2023-09-02,8,XBB.1.16.6,0.132277894682,0.1909248381851111,0.08663817329555555,biweekly,weighted,0.0,region_08
2023-09-09,8,XBB.1.16.6,0.1252381037507727,0.1793451588599419,0.08294153266220959,biweekly,weighted,,region_08
2023-09-16,8,XBB.1.16.6,0.11819831281954545,0.16776547953477272,0.07924489202886363,biweekly,weighted,0.0,region_08
2023-09-23,8,XBB.1.16.6,0.10978459415508522,0.15916381729754261,0.07176678827271307,biweekly,weighted,,region_08
2023-09-30,8,XBB.1.16.6,0.101370875490625,0.1505621550603125,0.0642886845165625,biweekly,weighted,0.0,region_08
2023-10-07,8,XBB.1.16.6,0.10599738766888392,0.143066264489561,0.07659041945625744,biweekly,weighted,,region_08
2023-10-14,8,XBB.1.16.6,0.11062389984714285,0.13557037391880952,0.08889215439595238,biweekly,weighted,0.0,region_08
2023-10-21,8,XBB.1.16.6,0.09776907504959706,0.12647963136517398,0.07447945293130953,biweekly,weighted,,region_08
2023-10-28,8,XBB.1.16.6,0.08491425025205128,0.11738888881153847,0.06006675146666667,biweekly,weighted,0.0,region_08
2023-11-04,8,XBB.1.16.6,0.08139498082415064,0.10994424996414424,0.05894584575758333,biweekly,weighted,,region_08
2023-11-11,8,XBB.1.16.6,0.07787571139625,0.10249961111675002,0.057824940048499994,biweekly,weighted,0.0,region_08
2023-11-18,8,XBB.1.16.6,0.06432544953707237,0.08470440147626974,0.047806481914381575,biweekly,weighted,,region_08
2023-11-25,8,XBB.1.16.6,0.05077518767789474,0.06690919183578947,0.03778802378026316,biweekly,weighted,0.0,region_08
2023-12-02,8,XBB.1.16.6,0.05607451212283626,0.0788850560344225,0.03849112673013158,biweekly,weighted,,region_08
2023-12-09,8,XBB.1.16.6,0.06137383656777778,0.09086092023305554,0.03919422968,biweekly,weighted,0.0,region_08
2023-12-16,8,XBB.1.16.6,0.04703097329972222,0.06833147293763889,0.03084195167236111,biweekly,weighted,,region_08
2023-12-23,8,XBB.1.16.6,0.03268811003166667,0.04580202564222222,0.022489673664722223,biweekly,weighted,0.0,region_08
2022-12-31,8,XBB.1.5,0.049888872309375,0.081372336019375,0.027997227734999998,weekly,weighted,0.0,region_08
2023-01-07,8,XBB.1.5,0.08042177451428571,0.13778841548714285,0.041558594309999995,weekly,weighted,0.0,region_08
2023-01-14,8,XBB.1.5,0.22635286425583334,0.33927670617916666,0.13661699990166667,weekly,weighted,0.0,region_08
2023-01-21,8,XBB.1.5,0.3611439168458333,0.4838272432475,0.25063277781,weekly,weighted,0.0,region_08
2023-01-28,8,XBB.1.5,0.48448834906818183,0.6088538657527273,0.36140827970181816,weekly,weighted,0.0,region_08
2023-02-04,8,XBB.1.5,0.5642779309937879,0.6866690013740404,0.43331220505287876,weekly,weighted,,region_08
2023-02-11,8,XBB.1.5,0.644067512919394,0.7644841369953536,0.5052161304039394,weekly,weighted,,region_08
2023-02-18,8,XBB.1.5,0.723857094845,0.8422992726166667,0.577120055755,weekly,weighted,0.0,region_08
2023-02-25,8,XBB.1.5,0.7896250834075,0.8891541659833333,0.6527775873741666,weekly,weighted,,region_08
2023-03-04,8,XBB.1.5,0.85539307197,0.93600905935,0.7284351189933332,weekly,weighted,0.0,region_08
2023-03-11,8,XBB.1.5,0.8692795634283332,0.9500225633383333,0.7333852847416666,weekly,weighted,,region_08
2023-03-18,8,XBB.1.5,0.8831660548866666,0.9640360673266667,0.73833545049,weekly,weighted,0.0,region_08
2023-03-25,8,XBB.1.5,0.79159796238,0.9041773080866666,0.63281863928,weekly,weighted,0.0,region_08
2023-04-01,8,XBB.1.5,0.878923922775,0.964397609235,0.7238873243349999,weekly,weighted,0.0,region_08
2023-04-08,8,XBB.1.5,0.857511590555409,0.9338139517747727,0.7356729247358635,weekly,weighted,,region_08
2023-04-15,8,XBB.1.5,0.8360992583358181,0.9032302943145454,0.7474585251367273,biweekly,weighted,0.0,region_08
2023-04-22,8,XBB.1.5,0.7952791039287423,0.8688198406689394,0.7030997286639191,biweekly,weighted,,region_08
2023-04-29,8,XBB.1.5,0.7544589495216667,0.8344093870233332,0.6587409321911111,biweekly,weighted,0.0,region_08
2023-05-06,8,XBB.1.5,0.7106492500227941,0.8002610039737255,0.6070418768529084,biweekly,weighted,,region_08
2023-05-13,8,XBB.1.5,0.6668395505239215,0.7661126209241177,0.5553428215147058,biweekly,weighted,0.0,region_08
2023-05-20,8,XBB.1.5,0.6173485738836294,0.7173643463500059,0.5091665906334353,biweekly,weighted,,region_08
2023-05-27,8,XBB.1.5,0.5678575972433372,0.6686160717758941,0.4629903597521646,biweekly,weighted,,region_08
2023-06-03,8,XBB.1.5,0.5183666206030451,0.6198677972017824,0.4168141288708941,biweekly,weighted,,region_08
2023-06-10,8,XBB.1.5,0.46887564396275294,0.5711195226276706,0.3706378979896235,biweekly,weighted,,region_08
2023-06-17,8,XBB.1.5,0.41938466732246077,0.5223712480535588,0.3244616671083529,biweekly,weighted,,region_08
2023-06-24,8,XBB.1.5,0.3698936906821686,0.47362297347944704,0.27828543622708235,biweekly,weighted,,region_08
2023-07-01,8,XBB.1.5,0.3204027140418765,0.4248746989053353,0.23210920534581175,biweekly,weighted,,region_08
2023-07-08,8,XBB.1.5,0.2709117374015843,0.3761264243312235,0.18593297446454116,biweekly,weighted,,region_08
2023-07-15,8,XBB.1.5,0.22142076076129216,0.3273781497571117,0.13975674358327056,biweekly,weighted,,region_08
2023-07-22,8,XBB.1.5,0.171929784121,0.278629875183,0.093580512702,biweekly,weighted,0.0,region_08
2023-07-29,8,XBB.1.5,0.13965889558896427,0.22692153550930355,0.07597883525935714,biweekly,weighted,,region_08
2023-08-05,8,XBB.1.5,0.10738800705692857,0.17521319583560713,0.058377157816714285,biweekly,weighted,,region_08
2023-08-12,8,XBB.1.5,0.07511711852489286,0.1235048561619107,0.04077548037407143,biweekly,weighted,,region_08
2023-08-19,8,XBB.1.5,0.04284622999285714,0.07179651648821428,0.02317380293142857,biweekly,weighted,0.0,region_08
2023-08-26,8,XBB.1.5,0.04378720524307309,0.07168260361627699,0.024542787178687707,biweekly,weighted,,region_08
2023-09-02,8,XBB.1.5,0.04472818049328904,0.07156869074433969,0.025911771425946844,biweekly,weighted,,region_08
2023-09-09,8,XBB.1.5,0.04566915574350498,0.07145477787240241,0.02728075567320598,biweekly,weighted,,region_08
2023-09-16,8,XBB.1.5,0.04661013099372093,0.07134086500046512,0.028649739920465118,biweekly,weighted,0.0,region_08
2023-09-23,8,XBB.1.5,0.03738811597703288,0.05697373334247394,0.02312536084833601,biweekly,weighted,,region_08
2023-09-30,8,XBB.1.5,0.028166100960344827,0.042606601684482756,0.0176009817762069,biweekly,weighted,0.0,region_08
2023-10-07,8,XBB.1.5,0.0220801667208867,0.03481030191099138,0.013118237302567736,biweekly,weighted,,region_08
2023-10-14,8,XBB.1.5,0.01599423248142857,0.0270140021375,0.008635492828928571,biweekly,weighted,0.0,region_08
2023-10-21,8,XBB.1.5,0.015862267005,0.026528994796785714,0.008687265056488095,biweekly,weighted,,region_08
2023-10-28,8,XBB.1.5,0.01573030152857143,0.026043987456071428,0.008739037284047619,biweekly,weighted,,region_08
2023-11-04,8,XBB.1.5,0.015598336052142857,0.025558980115357142,0.008790809511607144,biweekly,weighted,,region_08
2023-11-11,8,XBB.1.5,0.015466370575714285,0.025073972774642857,0.008842581739166668,biweekly,weighted,,region_08
2023-11-18,8,XBB.1.5,0.015334405099285714,0.02458896543392857,0.008894353966726191,biweekly,weighted,,region_08
2023-11-25,8,XBB.1.5,0.015202439622857142,0.024103958093214285,0.008946126194285715,biweekly,weighted,0.0,region_08
2023-11-25,8,XBB.1.5.70,0.007327512505000001,0.012501522200357143,0.0039055001353571427,biweekly,weighted,0.0,region_08
2023-05-27,8,XBB.1.9.1,0.0995542289316,0.15675662577160002,0.0580988939108,biweekly,weighted,0.0,region_08
2023-06-03,8,XBB.1.9.1,0.1050834790210303,0.1682407459524697,0.05974670027710606,biweekly,weighted,,region_08
2023-06-10,8,XBB.1.9.1,0.1106127291104606,0.1797248661333394,0.06139450664341212,biweekly,weighted,,region_08
2023-06-17,8,XBB.1.9.1,0.11614197919989092,0.19120898631420907,0.06304231300971817,biweekly,weighted,,region_08
2023-06-24,8,XBB.1.9.1,0.12167122928932121,0.20269310649507877,0.06469011937602423,biweekly,weighted,,region_08
2023-07-01,8,XBB.1.9.1,0.1272004793787515,0.21417722667594846,0.0663379257423303,biweekly,weighted,,region_08
2023-07-08,8,XBB.1.9.1,0.13272972946818182,0.22566134685681816,0.06798573210863636,biweekly,weighted,0.0,region_08
2023-07-15,8,XBB.1.9.1,0.12538586592569698,0.2127295114492697,0.06452143079303939,biweekly,weighted,,region_08
2023-07-22,8,XBB.1.9.1,0.11804200238321212,0.1997976760417212,0.06105712947744242,biweekly,weighted,,region_08
2023-07-29,8,XBB.1.9.1,0.11069813884072727,0.18686584063417272,0.05759282816184545,biweekly,weighted,,region_08
2023-08-05,8,XBB.1.9.1,0.10335427529824243,0.17393400522662422,0.054128526846248484,biweekly,weighted,,region_08
2023-08-12,8,XBB.1.9.1,0.09601041175575757,0.16100216981907575,0.05066422553065151,biweekly,weighted,,region_08
2023-08-19,8,XBB.1.9.1,0.08866654821327272,0.14807033441152728,0.04719992421505454,biweekly,weighted,,region_08
2023-08-26,8,XBB.1.9.1,0.08132268467078788,0.13513849900397878,0.04373562289945757,biweekly,weighted,,region_08
2023-09-02,8,XBB.1.9.1,0.07397882112830302,0.12220666359643031,0.040271321583860605,biweekly,weighted,,region_08
2023-09-09,8,XBB.1.9.1,0.06663495758581817,0.10927482818888183,0.036807020268263636,biweekly,weighted,,region_08
2023-09-16,8,XBB.1.9.1,0.05929109404333333,0.09634299278133333,0.03334271895266667,biweekly,weighted,0.0,region_08
2023-09-23,8,XBB.1.9.1,0.05257300326625,0.08579194817751785,0.02942663247155357,biweekly,weighted,,region_08
2023-09-30,8,XBB.1.9.1,0.04585491248916666,0.07524090357370239,0.025510545990440475,biweekly,weighted,,region_08
2023-10-07,8,XBB.1.9.1,0.03913682171208333,0.06468985896988691,0.021594459509327382,biweekly,weighted,,region_08
2023-10-14,8,XBB.1.9.1,0.032418730935,0.05413881436607143,0.017678373028214286,biweekly,weighted,0.0,region_08
2023-10-21,8,XBB.1.9.1,0.031002853619836956,0.05109506287466227,0.017279833428986802,biweekly,weighted,,region_08
2023-10-28,8,XBB.1.9.1,0.029586976304673912,0.04805131138325311,0.016881293829759315,biweekly,weighted,,region_08
2023-11-04,8,XBB.1.9.1,0.02817109898951087,0.04500755989184394,0.016482754230531832,biweekly,weighted,,region_08
2023-11-11,8,XBB.1.9.1,0.026755221674347827,0.04196380840043478,0.01608421463130435,biweekly,weighted,0.0,region_08
2023-11-18,8,XBB.1.9.1,0.020534994922173914,0.032938012801288816,0.011974577306187888,biweekly,weighted,,region_08
2023-11-25,8,XBB.1.9.1,0.01431476817,0.023912217202142854,0.007864939981071429,biweekly,weighted,0.0,region_08
2023-12-02,8,XBB.1.9.1,0.0158864962525,0.026103468411607142,0.008923074930803571,biweekly,weighted,,region_08
2023-12-09,8,XBB.1.9.1,0.017458224335,0.028294719621071426,0.009981209880535715,biweekly,weighted,,region_08
2023-12-16,8,XBB.1.9.1,0.0190299524175,0.030485970830535714,0.011039344830267857,biweekly,weighted,,region_08
2023-12-23,8,XBB.1.9.1,0.0206016805,0.03267722204,0.01209747978,biweekly,weighted,0.0,region_08
2023-08-19,8,XBB.2.3,0.10757101005454546,0.15974368832363636,0.06803233930022727,biweekly,weighted,0.0,region_08
2023-08-26,8,XBB.2.3,0.09365047966171718,0.14645424914926264,0.0554302790937803,biweekly,weighted,,region_08
2023-09-02,8,XBB.2.3,0.07972994926888889,0.1331648099748889,0.04282821888733333,biweekly,weighted,0.0,region_08
2023-09-09,8,XBB.2.3,0.09265368099801588,0.15532043161690873,0.04924356798152381,biweekly,weighted,,region_08
2023-09-16,8,XBB.2.3,0.10557741272714286,0.17747605325892857,0.055658917075714284,biweekly,weighted,0.0,region_08
2023-09-23,8,XBB.2.3,0.08851612073124585,0.14408785829399917,0.049256213000415286,biweekly,weighted,,region_08
2023-09-30,8,XBB.2.3,0.07145482873534884,0.11069966332906976,0.04285350892511628,biweekly,weighted,0.0,region_08
2023-10-07,8,XBB.2.3,0.06372405280255537,0.09288954563620155,0.04173127334803434,biweekly,weighted,,region_08
2023-10-14,8,XBB.2.3,0.0559932768697619,0.07507942794333333,0.040609037770952386,biweekly,weighted,0.0,region_08
2023-10-21,8,XBB.2.3,0.050564714786880946,0.07548366476333333,0.03244270267280953,biweekly,weighted,,region_08
2023-10-28,8,XBB.2.3,0.045136152703999996,0.07588790158333333,0.02427636757466667,biweekly,weighted,0.0,region_08
2023-11-04,8,XBB.2.3,0.04312828404648214,0.06964079504080357,0.024753645651089288,biweekly,weighted,,region_08
2023-11-11,8,XBB.2.3,0.041120415388964285,0.06339368849827381,0.025230923727511907,biweekly,weighted,,region_08
2023-11-18,8,XBB.2.3,0.03911254673144643,0.05714658195574404,0.025708201803934523,biweekly,weighted,,region_08
2023-11-25,8,XBB.2.3,0.037104678073928574,0.05089947541321428,0.026185479880357142,biweekly,weighted,0.0,region_08
2023-12-02,8,XBB.2.3,0.03364914833821429,0.04721210514771825,0.023132571788373017,biweekly,weighted,,region_08
2023-12-09,8,XBB.2.3,0.030193618602500003,0.04352473488222222,0.02007966369638889,biweekly,weighted,0.0,region_08
2023-12-16,8,XBB.2.3,0.031134180660000003,0.04551200782736111,0.020332007277881946,biweekly,weighted,,region_08
2023-12-23,8,XBB.2.3,0.0320747427175,0.0474992807725,0.020584350859375,biweekly,weighted,0.0,region_08
2024-09-28,8,XEC,0.04940146091375,0.06799245369625,0.034749921994375,biweekly,weighted,0.0,region_08
2024-10-05,8,XEC,0.0985102903796875,0.138942778226875,0.06658460892562501,biweekly,weighted,,region_08
2024-10-12,8,XEC,0.147619119845625,0.2098931027575,0.098419295856875,biweekly,weighted,0.0,region_08
2024-10-19,8,XEC,0.1683506670408125,0.22719051456041667,0.12022242973710418,biweekly,weighted,,region_08
2024-10-26,8,XEC,0.189082214236,0.24448792636333336,0.14202556361733334,biweekly,weighted,0.0,region_08
2024-11-02,8,XEC,0.19492965957907143,0.24538987821809527,0.1511873673472381,biweekly,weighted,,region_08
2024-11-09,8,XEC,0.20077710492214287,0.24629183007285715,0.16034917107714283,biweekly,weighted,0.0,region_08
2024-11-16,8,XEC,0.24144418939662698,0.29747461640031747,0.19118765197579363,biweekly,weighted,,region_08
2024-11-23,8,XEC,0.2821112738711111,0.3486574027277778,0.22202613287444445,biweekly,weighted,0.0,region_08
2024-11-30,8,XEC,0.34079887800555553,0.40787705944888886,0.27830980386722226,biweekly,weighted,,region_08
2024-12-07,8,XEC,0.39948648214,0.46709671617,0.33459347486,biweekly,weighted,0.0,region_08
2024-12-14,8,XEC,0.3816629834458333,0.43869521717416665,0.32694316530958334,biweekly,weighted,,region_08
2024-12-21,8,XEC,0.36383948475166666,0.4102937181783333,0.31929285575916666,biweekly,weighted,0.0,region_08
2024-12-28,8,XEC,0.3858499943535606,0.4436298247541667,0.3303274709841288,biweekly,weighted,,region_08
2025-01-04,8,XEC,0.40786050395545453,0.47696593133,0.3413620862090909,biweekly,weighted,0.0,region_08
2025-01-11,8,XEC,0.39432129890397727,0.478921643035625,0.31457725404329545,biweekly,weighted,,region_08
2025-01-18,8,XEC,0.3807820938525,0.48087735474125,0.2877924218775,biweekly,weighted,0.0,region_08
2025-01-25,8,XEC,0.37595965030208334,0.49072418361729164,0.2709717179345833,biweekly,weighted,,region_08
2025-02-01,8,XEC,0.37113720675166667,0.5005710124933334,0.2541510139916667,biweekly,weighted,0.0,region_08
2025-02-08,8,XEC,0.33248435767958334,0.4580547157654167,0.22267801842458335,biweekly,weighted,,region_08
2025-02-15,8,XEC,0.2938315086075,0.4155384190375,0.1912050228575,biweekly,weighted,0.0,region_08
2025-02-22,8,XEC,0.3229845839430357,0.41444777457875004,0.24276673275017857,biweekly,weighted,,region_08
2025-03-01,8,XEC,0.3521376592785714,0.41335713012,0.2943284426428571,biweekly,weighted,0.0,region_08
2025-03-08,8,XEC,0.33196455080678566,0.40357582963125005,0.26607612281017856,biweekly,weighted,,region_08
2025-03-15,8,XEC,0.311791442335,0.3937945291425,0.2378238029775,biweekly,weighted,0.0,region_08
2025-03-22,8,XEC,0.3558348529025,0.46473413333625,0.25615535117875,biweekly,weighted,,region_08
2025-03-29,8,XEC,0.39987826347,0.53567373753,0.27448689938,biweekly,weighted,0.0,region_08
2025-03-01,8,XEQ,0.09128589928200001,0.135453732312,0.057946313918,biweekly,weighted,0.0,region_08
2025-08-30,8,XFC,0.01566951536,0.02874123305,0.0082614189,4_week,empiric,0.0,region_08
2025-06-07,8,XFG,0.25789472461,0.32724317908,0.19854284823,4_week,empiric,0.0,region_08
2025-06-14,8,XFG,0.29646300028,0.3627529864483333,0.23913147673083335,4_week,empiric,,region_08
2025-06-21,8,XFG,0.33503127595000004,0.3982627938166667,0.2797201052316667,4_week,empiric,,region_08
2025-06-28,8,XFG,0.37359955162,0.43377260118500005,0.3203087337325,4_week,empiric,,region_08
2025-07-05,8,XFG,0.41216782729,0.46928240855333336,0.36089736223333335,4_week,empiric,,region_08
2025-07-12,8,XFG,0.45073610296,0.5047922159216667,0.4014859907341667,4_week,empiric,,region_08
2025-07-19,8,XFG,0.48930437863,0.54030202329,0.442074619235,4_week,empiric,,region_08
2025-07-26,8,XFG,0.5278726543,0.5758118306583334,0.48266324773583336,4_week,empiric,,region_08
2025-08-02,8,XFG,0.56644092997,0.6113216380266667,0.5232518762366667,4_week,empiric,,region_08
2025-08-09,8,XFG,0.60500920564,0.646831445395,0.5638405047375,4_week,empiric,,region_08
2025-08-16,8,XFG,0.64357748131,0.6823412527633335,0.6044291332383334,4_week,empiric,,region_08
2025-08-23,8,XFG,0.68214575698,0.7178510601316668,0.6450177617391667,4_week,empiric,,region_08
2025-08-30,8,XFG,0.72071403265,0.7533608675000001,0.68560639024,4_week,empiric,0.0,region_08
2025-09-06,8,XFG,0.7324916422375,0.765551924705,0.696627892555,4_week,empiric,,region_08
2025-09-13,8,XFG,0.744269251825,0.77774298191,0.70764939487,4_week,empiric,,region_08
2025-09-20,8,XFG,0.7560468614125,0.789934039115,0.718670897185,4_week,empiric,,region_08
2025-09-27,8,XFG,0.767824471,0.80212509632,0.7296923995,4_week,empiric,0.0,region_08
2025-10-04,8,XFG,0.7629726529149999,0.8018873333925,0.719140708445,4_week,empiric,,region_08
2025-10-11,8,XFG,0.7581208348299999,0.801649570465,0.70858901739,4_week,empiric,,region_08
2025-10-18,8,XFG,0.753269016745,0.8014118075375,0.698037326335,4_week,empiric,,region_08
2025-10-25,8,XFG,0.74841719866,0.80117404461,0.6874856352800001,4_week,empiric,0.0,region_08
2025-11-01,8,XFG,0.73689429462,0.7912823706875,0.6745325475925,4_week,empiric,,region_08
2025-11-08,8,XFG,0.72537139058,0.781390696765,0.661579459905,4_week,empiric,,region_08
2025-11-15,8,XFG,0.71384848654,0.7714990228425,0.6486263722175001,4_week,empiric,,region_08
2025-11-22,8,XFG,0.7023255825,0.76160734892,0.63567328453,4_week,empiric,0.0,region_08
2025-09-27,8,XFG.14.1,0.06398537755,0.08872869611,0.04559057578,4_week,empiric,0.0,region_08
2021-03-20,9,A.2.5,0.00284559862,0.00858081132,0.00094003283,weekly,weighted,0.0,region_09
2021-03-27,9,A.2.5,0.0038819943810000004,0.009513346477,0.0018192908809999998,weekly,weighted,,region_09
2021-04-03,9,A.2.5,0.004918390142,0.010445881633999999,0.002698548932,weekly,weighted,,region_09
2021-04-10,9,A.2.5,0.005954785903,0.011378416791,0.0035778069829999998,weekly,weighted,,region_09
2021-04-17,9,A.2.5,0.006991181664,0.012310951948,0.0044570650339999995,weekly,weighted,,region_09
2021-04-24,9,A.2.5,0.008027577425,0.013243487105,0.005336323085,weekly,weighted,,region_09
2021-05-01,9,A.2.5,0.009063973186,0.014176022262,0.006215581136,weekly,weighted,,region_09
2021-05-08,9,A.2.5,0.010100368947000001,0.015108557419,0.007094839187,weekly,weighted,,region_09
2021-05-15,9,A.2.5,0.011136764708000001,0.016041092576,0.007974097238,weekly,weighted,,region_09
2021-05-22,9,A.2.5,0.012173160469000001,0.016973627733,0.008853355289,weekly,weighted,,region_09
2021-05-29,9,A.2.5,0.01320955623,0.01790616289,0.00973261334,weekly,weighted,0.0,region_09
2021-06-05,9,A.2.5,0.012568225463333334,0.023130488893333332,0.007733653843333334,weekly,weighted,,region_09
2021-06-12,9,A.2.5,0.011926894696666667,0.028354814896666664,0.005734694346666667,weekly,weighted,,region_09
2021-06-19,9,A.2.5,0.01128556393,0.0335791409,0.00373573485,weekly,weighted,0.0,region_09
2021-06-26,9,A.2.5,0.01439943537,0.15398746729,0.00117130904,weekly,weighted,0.0,region_09
2021-06-26,9,AY.1,0.00463396404,0.02442383766,0.00086499,weekly,weighted,0.0,region_09
2021-07-03,9,AY.1,0.006430118715999999,0.029500765726,0.00137595886,weekly,weighted,0.0,region_09
2021-07-10,9,AY.1,0.005511917452,0.021241831034,0.00141334741,weekly,weighted,0.0,region_09
2021-07-17,9,AY.1,0.002328838564,0.005015584454666667,0.0010702352120000001,weekly,weighted,0.0,region_09
2021-07-24,9,AY.1,0.0027788648839999998,0.007813565992000001,0.001010604842,weekly,weighted,0.0,region_09
2021-07-31,9,AY.1,0.007215589905,0.025559734555,0.0022645298166666665,weekly,weighted,0.0,region_09
2021-08-07,9,AY.1,0.007364363043571429,0.014549667947857142,0.00360483485,weekly,weighted,0.0,region_09
2021-08-14,9,AY.1,0.0062962143366666655,0.016158902396666664,0.0024918175366666667,weekly,weighted,0.0,region_09
2021-08-21,9,AY.1,0.0050537474050000005,0.014296295741666666,0.0019111347583333335,weekly,weighted,0.0,region_09
2021-08-28,9,AY.1,0.01541450713,0.210796575995,0.00120813132,weekly,weighted,0.0,region_09
2021-09-04,9,AY.1,0.005775187968181819,0.008451228707272728,0.0038253158672727273,weekly,weighted,0.0,region_09
2021-09-11,9,AY.1,0.005140792705151515,0.00761834766939394,0.0033561684443939393,weekly,weighted,,region_09
2021-09-18,9,AY.1,0.0045063974421212126,0.006785466631515152,0.0028870210215151517,weekly,weighted,,region_09
2021-09-25,9,AY.1,0.0038720021790909095,0.005952585593636364,0.0024178735986363636,weekly,weighted,,region_09
2021-10-02,9,AY.1,0.0032376069160606064,0.005119704555757576,0.0019487261757575758,weekly,weighted,,region_09
2021-10-09,9,AY.1,0.0026032116530303032,0.004286823517878788,0.001479578752878788,weekly,weighted,,region_09
2021-10-16,9,AY.1,0.00196881639,0.00345394248,0.00101043133,weekly,weighted,0.0,region_09
2021-05-29,9,AY.2,0.014264105448,0.085482639074,0.0022350904560000003,weekly,weighted,0.0,region_09
2021-06-05,9,AY.2,0.064188291132,0.30891835093599995,0.010467361472,weekly,weighted,0.0,region_09
2021-06-12,9,AY.2,0.0449958564725,0.1160171106475,0.016632845625,weekly,weighted,0.0,region_09
2021-06-19,9,AY.2,0.056602183357,0.134145707637,0.022678994017,weekly,weighted,0.0,region_09
2021-06-26,9,AY.2,0.05107514088266667,0.09337160338866667,0.027893830959999998,weekly,weighted,0.0,region_09
2021-07-03,9,AY.2,0.040623641014666666,0.06598874777666668,0.023638534048666667,weekly,weighted,0.0,region_09
2021-07-10,9,AY.2,0.030196944376666666,0.05811418791466667,0.014612076307999999,weekly,weighted,0.0,region_09
2021-07-17,9,AY.2,0.021050162241333333,0.026396132508666667,0.016615117216,weekly,weighted,0.0,region_09
2021-07-24,9,AY.2,0.01572703359,0.027124980217333332,0.008917608235333333,weekly,weighted,0.0,region_09
2021-07-31,9,AY.2,0.007821534395,0.013303896811428571,0.004541461421428571,weekly,weighted,0.0,region_09
2021-08-07,9,AY.2,0.008125777025714286,0.012450969379285715,0.00523900264,weekly,weighted,0.0,region_09
2021-08-14,9,AY.2,0.004300144573076923,0.005830979332307692,0.0031058726515384616,weekly,weighted,0.0,region_09
2021-08-21,9,AY.2,0.00523388984,0.008287162733846155,0.0033891756576923076,weekly,weighted,0.0,region_09
2021-08-28,9,AY.2,0.0030951538350000004,0.009916089475,0.00099800536,weekly,weighted,0.0,region_09
2021-09-04,9,AY.2,0.00250245607,0.00598924095,0.00104345905,weekly,weighted,0.0,region_09
2021-09-11,9,AY.2,0.00446829712,0.01618198305,0.00122327905,weekly,weighted,0.0,region_09
2021-06-26,9,AY.3,0.00957486499,0.01821803674,0.00501133734,weekly,weighted,0.0,region_09
2021-07-03,9,AY.3,0.01644903421,0.03790415451,0.0070493049,weekly,weighted,0.0,region_09
2021-07-10,9,AY.3,0.04077624157,0.06200910732,0.02660759538,weekly,weighted,0.0,region_09
2021-07-17,9,AY.3,0.03234438971,0.04161822051,0.02508297004,weekly,weighted,0.0,region_09
2021-07-24,9,AY.3,0.03614831343,0.04450659826,0.02931155078,weekly,weighted,0.0,region_09
2021-01-30,9,B.1,0.06315414690333333,0.07943352684444444,0.050610248205555555,biweekly,weighted,0.0,region_09
2021-02-06,9,B.1,0.047946833385,0.06936685161499999,0.034510573785555554,biweekly,weighted,,region_09
2021-02-13,9,B.1,0.032739519866666664,0.05930017638555555,0.018410899365555553,biweekly,weighted,0.0,region_09
2021-02-20,9,B.1,0.030200889334444442,0.05449602628722222,0.016908841931666665,biweekly,weighted,,region_09
2021-02-27,9,B.1,0.02766225880222222,0.049691876188888894,0.015406784497777777,biweekly,weighted,0.0,region_09
2021-02-13,9,B.1.1,0.01037439983,0.01648808084,0.00651262002,biweekly,weighted,0.0,region_09
2021-02-20,9,B.1.1,0.009642026849999999,0.01381397061,0.00681766891,biweekly,weighted,,region_09
2021-02-27,9,B.1.1,0.00890965387,0.01113986038,0.0071227178,biweekly,weighted,0.0,region_09
2021-01-30,9,B.1.1.519,0.01806392520625,0.03549646073875,0.0091825888375,biweekly,weighted,0.0,region_09
2021-02-06,9,B.1.1.519,0.025052583078125003,0.0393628287125,0.016452031180625,biweekly,weighted,,region_09
2021-02-13,9,B.1.1.519,0.03204124095,0.04322919668625,0.02372147352375,biweekly,weighted,0.0,region_09
2021-02-20,9,B.1.1.519,0.035791234579375,0.04205279494625,0.030986182508125,biweekly,weighted,,region_09
2021-02-27,9,B.1.1.519,0.03954122820875,0.04087639320625,0.0382508914925,biweekly,weighted,0.0,region_09
2021-12-04,9,B.1.1.529,0.00169752561,0.00304207415,0.00084495707,weekly,weighted,0.0,region_09
2021-12-11,9,B.1.1.529,0.03905863734,0.06363683194,0.0221453683925,weekly,weighted,0.0,region_09
2021-12-18,9,B.1.1.529,0.2179172463146154,0.35034659504846155,0.11809792140384616,weekly,weighted,0.0,region_09
2021-12-25,9,B.1.1.529,0.5809251173686957,0.6686374463036232,0.47374719035753626,weekly,weighted,0.0,region_09
2022-01-01,9,B.1.1.529,0.6513831137738235,0.6857972749892647,0.6081590109008823,weekly,weighted,0.0,region_09
2022-01-08,9,B.1.1.529,0.6702775821749254,0.6856231689452238,0.6531018387920896,weekly,weighted,0.0,region_09
2022-01-15,9,B.1.1.529,0.647549442391194,0.6578962536001493,0.6364924396155224,weekly,weighted,0.0,region_09
2022-01-22,9,B.1.1.529,0.6241978759116668,0.6393097968718182,0.608409525770606,weekly,weighted,0.0,region_09
2022-01-29,9,B.1.1.529,0.6004677765647692,0.6159965813167692,0.5832331833933847,weekly,weighted,0.0,region_09
2022-02-05,9,B.1.1.529,0.58056992013,0.5935662088448438,0.5662780560089062,weekly,weighted,0.0,region_09
2022-02-12,9,B.1.1.529,0.5584548945933333,0.5716331963028571,0.5436107114195239,weekly,weighted,0.0,region_09
2022-02-19,9,B.1.1.529,0.5270130009422581,0.5426972763191935,0.5099138915537097,weekly,weighted,0.0,region_09
2022-02-26,9,B.1.1.529,0.4883113244514754,0.5102827671121312,0.46561533163803276,weekly,weighted,0.0,region_09
2022-03-05,9,B.1.1.529,0.4399211411678333,0.4612893564008333,0.4178421822686667,weekly,weighted,0.0,region_09
2022-03-12,9,B.1.1.529,0.3621270936933898,0.3926927783223729,0.32983564939016946,weekly,weighted,0.0,region_09
2022-03-19,9,B.1.1.529,0.2778713220148276,0.31359584873603447,0.2457161605486207,weekly,weighted,0.0,region_09
2022-03-26,9,B.1.1.529,0.17832479658631578,0.21096066790754386,0.14916125524771928,weekly,weighted,0.0,region_09
2022-04-02,9,B.1.1.529,0.09864227141089286,0.12034351545017856,0.07958756041285715,weekly,weighted,0.0,region_09
2022-04-09,9,B.1.1.529,0.04979893587181818,0.06001836105454546,0.040900410880909094,weekly,weighted,0.0,region_09
2022-04-16,9,B.1.1.529,0.028853029513333333,0.03769393630925926,0.022155301222962963,weekly,weighted,0.0,region_09
2022-04-23,9,B.1.1.529,0.03137972098052631,0.04130133006210526,0.023406592050526316,weekly,weighted,0.0,region_09
2022-04-30,9,B.1.1.529,0.014555558097777779,0.022422278403333336,0.008907317235555556,weekly,weighted,0.0,region_09
2022-05-07,9,B.1.1.529,0.0063621446170588234,0.009455843855294119,0.004094482481764705,weekly,weighted,0.0,region_09
2022-05-14,9,B.1.1.529,0.0224475991,0.02923758514,0.01687418669,weekly,weighted,0.0,region_09
2021-02-13,9,B.1.1.7,0.017803845367999997,0.023823346384,0.013334798439000001,biweekly,weighted,0.0,region_09
2021-02-20,9,B.1.1.7,0.032687981333499996,0.045680035184500006,0.0233878622765,biweekly,weighted,,region_09
2021-02-27,9,B.1.1.7,0.047572117299,0.067536723985,0.033440926114,biweekly,weighted,0.0,region_09
2021-03-06,9,B.1.1.7,0.1010952424275,0.124373015015,0.0817740820325,weekly,weighted,0.0,region_09
2021-03-13,9,B.1.1.7,0.15850558132,0.2498789727675,0.096359863875,weekly,weighted,0.0,region_09
2021-03-20,9,B.1.1.7,0.2113577648975,0.25337359309,0.17468881607,weekly,weighted,0.0,region_09
2021-03-27,9,B.1.1.7,0.274222433565,0.3049242794525,0.2455219365675,weekly,weighted,0.0,region_09
2021-04-03,9,B.1.1.7,0.3733986169075,0.4507888630025,0.3019589260225,weekly,weighted,0.0,region_09
2021-04-10,9,B.1.1.7,0.4791998043675,0.5355415195225001,0.4232744351025,weekly,weighted,0.0,region_09
2021-04-17,9,B.1.1.7,0.54388637841,0.6128755062825,0.4728753268725,weekly,weighted,0.0,region_09
2021-04-24,9,B.1.1.7,0.58242353797,0.6828956753025,0.47468715161249997,weekly,weighted,0.0,region_09
2021-05-01,9,B.1.1.7,0.61187273264,0.6843572854975,0.5338796228175,weekly,weighted,0.0,region_09
2021-05-08,9,B.1.1.7,0.6232995986916666,0.7031872570533334,0.535339564085,weekly,weighted,0.0,region_09
2021-05-15,9,B.1.1.7,0.62174979597375,0.6425898224137501,0.60050625354,weekly,weighted,0.0,region_09
2021-05-22,9,B.1.1.7,0.6462241080066666,0.7344201604522222,0.5481454796255556,weekly,weighted,0.0,region_09
2021-05-29,9,B.1.1.7,0.5686531861611112,0.6285069452400001,0.5069672928922222,weekly,weighted,0.0,region_09
2021-06-05,9,B.1.1.7,0.44648464189555553,0.5284709797977778,0.3669754134288889,weekly,weighted,0.0,region_09
2021-06-12,9,B.1.1.7,0.38694189488875,0.45770957693500003,0.32004000619125,weekly,weighted,0.0,region_09
2021-06-19,9,B.1.1.7,0.3357938900575,0.43165476620375,0.25143251568,weekly,weighted,0.0,region_09
2021-06-26,9,B.1.1.7,0.21781931817555555,0.2804020775677778,0.16539693872,weekly,weighted,0.0,region_09
2021-07-03,9,B.1.1.7,0.13121049768444445,0.18639732897333333,0.08959702816333333,weekly,weighted,0.0,region_09
2021-07-10,9,B.1.1.7,0.061859475242222225,0.08006201518888889,0.04714627853666667,weekly,weighted,0.0,region_09
2021-07-17,9,B.1.1.7,0.030823113189999998,0.03933943642444445,0.023955558737777778,weekly,weighted,0.0,region_09
2021-07-24,9,B.1.1.7,0.013119736065555556,0.01784117436888889,0.009886948391111112,weekly,weighted,0.0,region_09
2021-07-31,9,B.1.1.7,0.007838261079999999,0.01345515204625,0.00452037685375,weekly,weighted,0.0,region_09
2021-08-07,9,B.1.1.7,0.0046179178750000004,0.0083298581325,0.0025689307375,weekly,weighted,0.0,region_09
2021-08-14,9,B.1.1.7,0.00238601258,0.007582696463333333,0.0007930094533333333,weekly,weighted,0.0,region_09
2021-01-30,9,B.1.2,0.21880678193857145,0.31775569064285714,0.14438709403857142,biweekly,weighted,0.0,region_09
2021-02-06,9,B.1.2,0.2074833331357143,0.32207948395142855,0.12699595838714284,biweekly,weighted,,region_09
2021-02-13,9,B.1.2,0.19615988433285714,0.32640327725999996,0.10960482273571429,biweekly,weighted,0.0,region_09
2021-02-20,9,B.1.2,0.17372999659571428,0.28221409448499996,0.10112432337071428,biweekly,weighted,,region_09
2021-02-27,9,B.1.2,0.15130010885857142,0.23802491170999998,0.09264382400571428,biweekly,weighted,0.0,region_09
2021-03-27,9,B.1.351,0.0042894090325,0.013899871845,0.0013148225525,weekly,weighted,0.0,region_09
2021-04-03,9,B.1.351,0.0105250263575,0.032105202785,0.00339986128,weekly,weighted,0.0,region_09
2021-04-10,9,B.1.351,0.0070415565275,0.013221656205,0.0037400582225000003,weekly,weighted,0.0,region_09
2021-04-17,9,B.1.351,0.012524922145,0.03285444714,0.0047172019275,weekly,weighted,0.0,region_09
2021-04-24,9,B.1.351,0.00672246411,0.0184012376675,0.0024374811324999997,weekly,weighted,0.0,region_09
2021-05-01,9,B.1.351,0.0140847265725,0.0387378092875,0.0050389344075,weekly,weighted,0.0,region_09
2021-05-08,9,B.1.351,0.0182696883575,0.0436954312025,0.0075238952425,weekly,weighted,0.0,region_09
2021-01-30,9,B.1.427,0.11865279823444445,0.18217858341,0.0759631229788889,biweekly,weighted,0.0,region_09
2021-02-06,9,B.1.427,0.12647258080522222,0.1974054178445,0.07941527153644445,biweekly,weighted,,region_09
2021-02-13,9,B.1.427,0.13429236337599998,0.212632252279,0.082867420094,biweekly,weighted,0.0,region_09
2021-02-20,9,B.1.427,0.150182194635,0.256147538871,0.0842930557215,biweekly,weighted,,region_09
2021-02-27,9,B.1.427,0.166072025894,0.299662825463,0.085718691349,biweekly,weighted,0.0,region_09
2021-03-06,9,B.1.427,0.14510288835,0.26884552836,0.07265601307,weekly,weighted,0.0,region_09
2021-03-13,9,B.1.427,0.13243696094,0.2096208781,0.0807685256,weekly,weighted,0.0,region_09
2021-03-20,9,B.1.427,0.12521880865,0.17148251832,0.09007941931,weekly,weighted,0.0,region_09
2021-03-27,9,B.1.427,0.12036573887,0.21564547718,0.06376171112,weekly,weighted,0.0,region_09
2021-04-03,9,B.1.427,0.09257940203,0.17172980309,0.04780399799,weekly,weighted,0.0,region_09
2021-04-10,9,B.1.427,0.05195221677,0.10212563723,0.02572238632,weekly,weighted,0.0,region_09
2021-04-17,9,B.1.427,0.04003249481,0.07229843736,0.02182765119,weekly,weighted,0.0,region_09
2021-04-24,9,B.1.427,0.04428602383,0.05822370574,0.03356585279,weekly,weighted,0.0,region_09
2021-05-01,9,B.1.427,0.02782734111,0.03979739547,0.01938489452,weekly,weighted,0.0,region_09
2021-05-08,9,B.1.427,0.02717005834,0.03982133791,0.01846082509,weekly,weighted,0.0,region_09
2021-05-15,9,B.1.427,0.01336782146,0.02930563875,0.00604378898,weekly,weighted,0.0,region_09
2021-05-22,9,B.1.427,0.01545576099,0.07067724317,0.00322992378,weekly,weighted,0.0,region_09
2021-05-29,9,B.1.427,0.01398823969,0.08378429711,0.00219605025,weekly,weighted,0.0,region_09
2021-01-30,9,B.1.429,0.31742572784444445,0.49282800820111106,0.18206651674333335,biweekly,weighted,0.0,region_09
2021-02-06,9,B.1.429,0.34695804715122225,0.49725227637455555,0.22407459773966668,biweekly,weighted,,region_09
2021-02-13,9,B.1.429,0.376490366458,0.501676544548,0.266082678736,biweekly,weighted,0.0,region_09
2021-02-20,9,B.1.429,0.367721168696,0.48537453711100004,0.2641857691105,biweekly,weighted,,region_09
2021-02-27,9,B.1.429,0.358951970934,0.46907252967400004,0.262288859485,biweekly,weighted,0.0,region_09
2021-03-06,9,B.1.429,0.38986083865,0.44032776356,0.34164714813,weekly,weighted,0.0,region_09
2021-03-13,9,B.1.429,0.37410190701,0.47660911083,0.28177243471,weekly,weighted,0.0,region_09
2021-03-20,9,B.1.429,0.33897954226,0.37149000168,0.30792030692,weekly,weighted,0.0,region_09
2021-03-27,9,B.1.429,0.28671655059,0.33388525248,0.24377281964,weekly,weighted,0.0,region_09
2021-04-03,9,B.1.429,0.19757258892,0.26140838861,0.14623895288,weekly,weighted,0.0,region_09
2021-04-10,9,B.1.429,0.14927239716,0.19808745384,0.1108244285,weekly,weighted,0.0,region_09
2021-04-17,9,B.1.429,0.09337842464,0.10368843377,0.08399749547,weekly,weighted,0.0,region_09
2021-04-24,9,B.1.429,0.05768987909,0.11061895639,0.02925335988,weekly,weighted,0.0,region_09
2021-05-01,9,B.1.429,0.0363394767,0.0556960851,0.02354234457,weekly,weighted,0.0,region_09
2021-05-08,9,B.1.429,0.01159607712,0.03939152509,0.00334535027,weekly,weighted,0.0,region_09
2021-05-15,9,B.1.429,0.02244424261,0.05245892704,0.00943169836,weekly,weighted,0.0,region_09
2021-05-22,9,B.1.429,0.01228056382,0.05423472822,0.00268847588,weekly,weighted,0.0,region_09
2021-04-24,9,B.1.525,0.00542500584,0.025251378616666667,0.0011471775766666666,weekly,weighted,0.0,region_09
2021-05-01,9,B.1.525,0.004800218623333334,0.02151089658333333,0.0010571491833333334,weekly,weighted,0.0,region_09
2021-02-13,9,B.1.526,0.00163771783,0.00376854884,0.00071085186,biweekly,weighted,0.0,region_09
2021-02-20,9,B.1.526,0.004203909975,0.0107064598735,0.001741148169,biweekly,weighted,,region_09
2021-02-27,9,B.1.526,0.0067701021200000005,0.017644370907,0.002771444478,biweekly,weighted,0.0,region_09
2021-03-06,9,B.1.526,0.012111326989999999,0.02783930736,0.005225078356666667,weekly,weighted,0.0,region_09
2021-03-13,9,B.1.526,0.017175364930000003,0.030540470033333333,0.009726471266666667,weekly,weighted,0.0,region_09
2021-03-20,9,B.1.526,0.030887133753333334,0.06321428840333333,0.015493663960000001,weekly,weighted,0.0,region_09
2021-03-27,9,B.1.526,0.03479522777333333,0.052912493549999995,0.023710783259999996,weekly,weighted,0.0,region_09
2021-04-03,9,B.1.526,0.050981336583333335,0.0707393835,0.03660498621666666,weekly,weighted,0.0,region_09
2021-04-10,9,B.1.526,0.06575387219333333,0.10852010548333334,0.03924538009,weekly,weighted,0.0,region_09
2021-04-17,9,B.1.526,0.054341276486666666,0.07368901620333333,0.03984858654666667,weekly,weighted,0.0,region_09
2021-04-24,9,B.1.526,0.05957386767,0.07629548261666667,0.04640032475333333,weekly,weighted,0.0,region_09
2021-05-01,9,B.1.526,0.06487205873,0.09311722467333333,0.046572018416666666,weekly,weighted,0.0,region_09
2021-05-08,9,B.1.526,0.07323742285666666,0.09914903839333333,0.053748257460000004,weekly,weighted,0.0,region_09
2021-05-15,9,B.1.526,0.070956625046,0.09609148204199999,0.051983070372000006,weekly,weighted,0.0,region_09
2021-05-22,9,B.1.526,0.0439634486075,0.1895781941725,0.00881911628,weekly,weighted,0.0,region_09
2021-05-29,9,B.1.526,0.039944221079999995,0.06452580020000001,0.024767269938,weekly,weighted,0.0,region_09
2021-06-05,9,B.1.526,0.035150414706,0.05738217309,0.02115133591,weekly,weighted,0.0,region_09
2021-06-12,9,B.1.526,0.0266306023125,0.0413851458575,0.0175969975525,weekly,weighted,0.0,region_09
2021-06-19,9,B.1.526,0.016775273344000002,0.030413912235999995,0.00927049117,weekly,weighted,0.0,region_09
2021-06-26,9,B.1.526,0.0129776922975,0.0545439589775,0.00302969411,weekly,weighted,0.0,region_09
2021-07-03,9,B.1.526,0.0138438288125,0.030759061225000002,0.0061997239825000005,weekly,weighted,0.0,region_09
2021-07-10,9,B.1.526,0.0057088451,0.0141910119,0.002423098195,weekly,weighted,0.0,region_09
2021-07-17,9,B.1.526,0.0038274686466666665,0.006748122783333334,0.0021955577733333335,weekly,weighted,0.0,region_09
2021-07-24,9,B.1.526,0.00331303361,0.00803251658,0.00136266078,weekly,weighted,0.0,region_09
2021-01-30,9,B.1.596,0.03365155868,0.0717487968525,0.015604165147500001,biweekly,weighted,0.0,region_09
2021-02-06,9,B.1.596,0.02814802015125,0.0645131776125,0.0122187867525,biweekly,weighted,,region_09
2021-02-13,9,B.1.596,0.0226444816225,0.057277558372499995,0.0088334083575,biweekly,weighted,0.0,region_09
2021-02-20,9,B.1.596,0.023175727110000002,0.08247184939624999,0.0070017868425,biweekly,weighted,,region_09
2021-02-27,9,B.1.596,0.0237069725975,0.10766614042,0.0051701653275,biweekly,weighted,0.0,region_09
2021-04-17,9,B.1.617.1,0.00499146013,0.008508222645,0.0029253005049999998,weekly,weighted,0.0,region_09
2021-04-17,9,B.1.617.2,0.0117003833875,0.047877146862500004,0.002787307895,weekly,weighted,0.0,region_09
2021-04-24,9,B.1.617.2,0.0124664064475,0.05718089547,0.0026206456825,weekly,weighted,0.0,region_09
2021-05-01,9,B.1.617.2,0.0225581289275,0.0525562968125,0.00951114809,weekly,weighted,0.0,region_09
2021-05-08,9,B.1.617.2,0.02975304326723684,0.05488078134473685,0.014878615405789474,weekly,weighted,0.0,region_09
2021-05-15,9,B.1.617.2,0.03293447625084338,0.04810683671614458,0.021557661469518073,weekly,weighted,0.0,region_09
2021-05-22,9,B.1.617.2,0.03912311192480519,0.0628962434535065,0.02263794827337662,weekly,weighted,0.0,region_09
2021-05-29,9,B.1.617.2,0.10482233540057471,0.14131245085632183,0.0752509309132184,weekly,weighted,0.0,region_09
2021-06-05,9,B.1.617.2,0.18700116718689655,0.2652989828035632,0.12393236802574713,weekly,weighted,0.0,region_09
2021-06-12,9,B.1.617.2,0.2801714790773256,0.36852731884918605,0.20307854580290696,weekly,weighted,0.0,region_09
2021-06-19,9,B.1.617.2,0.4198244394259303,0.48607067174674423,0.3558847547272093,weekly,weighted,0.0,region_09
2021-06-26,9,B.1.617.2,0.5857331972011494,0.669009882828046,0.49864859382310345,weekly,weighted,0.0,region_09
2021-07-03,9,B.1.617.2,0.7156756259931034,0.7802053655697702,0.6436803751979311,weekly,weighted,0.0,region_09
2021-07-10,9,B.1.617.2,0.8374178800087356,0.8660247449212644,0.8053021869441379,weekly,weighted,0.0,region_09
2021-07-17,9,B.1.617.2,0.8960657811706896,0.9149933203886207,0.8744217410854023,weekly,weighted,0.0,region_09
2021-07-24,9,B.1.617.2,0.9429949933088506,0.9521951757625288,0.932591019005747,weekly,weighted,0.0,region_09
2021-07-31,9,B.1.617.2,0.9617123681872619,0.9692847331363096,0.9528208268539285,weekly,weighted,0.0,region_09
2021-08-07,9,B.1.617.2,0.9728866500012942,0.9842452343775293,0.9564053815951765,weekly,weighted,0.0,region_09
2021-08-14,9,B.1.617.2,0.9874883660342167,0.9914096292238554,0.9823583716368675,weekly,weighted,0.0,region_09
2021-08-21,9,B.1.617.2,0.9892293149379268,0.9947048978106098,0.9803258376879269,weekly,weighted,0.0,region_09
2021-08-28,9,B.1.617.2,0.9845028159060495,0.9957795628792593,0.9576840430130863,weekly,weighted,0.0,region_09
2021-09-04,9,B.1.617.2,0.9844853601812195,0.9949349266724391,0.9632458984853659,weekly,weighted,0.0,region_09
2021-09-11,9,B.1.617.2,0.9843543070120732,0.9970426799319512,0.9489332939067073,weekly,weighted,0.0,region_09
2021-09-18,9,B.1.617.2,0.982426885425,0.9978792812767072,0.9362246045247561,weekly,weighted,0.0,region_09
2021-09-25,9,B.1.617.2,0.9927014972592405,0.999101295501519,0.9731289246416456,weekly,weighted,0.0,region_09
2021-10-02,9,B.1.617.2,0.9949797802157142,0.9991479964996104,0.9838508452688312,weekly,weighted,0.0,region_09
2021-10-09,9,B.1.617.2,0.9897002117544305,0.9970186684703798,0.97444783509519,weekly,weighted,0.0,region_09
2021-10-16,9,B.1.617.2,0.9871361431402564,0.9978121687202565,0.9588363850720513,weekly,weighted,0.0,region_09
2021-10-23,9,B.1.617.2,0.991795035508718,0.9990077889884617,0.9702505492246153,weekly,weighted,0.0,region_09
2021-10-30,9,B.1.617.2,0.990291910736579,0.9990051200511841,0.9626252415932894,weekly,weighted,0.0,region_09
2021-11-06,9,B.1.617.2,0.9889567216249333,0.9986949396134666,0.959806731542,weekly,weighted,0.0,region_09
2021-11-13,9,B.1.617.2,0.9865687215651351,0.9983206004710812,0.952703049054054,weekly,weighted,0.0,region_09
2021-11-20,9,B.1.617.2,0.9845826707475342,0.9985177084195891,0.9408257922079452,weekly,weighted,0.0,region_09
2021-11-27,9,B.1.617.2,0.9932133933188733,0.9991819262505635,0.9753548351816901,weekly,weighted,0.0,region_09
2021-12-04,9,B.1.617.2,0.9972784255231429,0.9991733712811428,0.9933974283082857,weekly,weighted,0.0,region_09
2021-12-11,9,B.1.617.2,0.9653834726137143,0.9847642804895715,0.9330950719968572,weekly,weighted,0.0,region_09
2021-12-18,9,B.1.617.2,0.6275085449219999,0.7648843169219999,0.47321780324,weekly,weighted,0.0,region_09
2021-12-25,9,B.1.617.2,0.23028590778449273,0.3851372988324638,0.11511008063550725,weekly,weighted,0.0,region_09
2022-01-01,9,B.1.617.2,0.09534877385294117,0.14355187775441175,0.059397072038676474,weekly,weighted,0.0,region_09
2022-01-08,9,B.1.617.2,0.028141252585373137,0.038794319298059696,0.019903892178507465,weekly,weighted,0.0,region_09
2022-01-15,9,B.1.617.2,0.015014195998333334,0.019818598771969696,0.01118758654469697,weekly,weighted,0.0,region_09
2022-01-22,9,B.1.617.2,0.00216409191,0.00337699708,0.00130363903,weekly,weighted,0.0,region_09
2022-01-29,9,B.1.617.2,0.004016052870923077,0.0063997372629230765,0.0023531572106153848,weekly,weighted,0.0,region_09
2021-05-22,9,B.1.621,0.008234537768,0.049447467926,0.00132339399,weekly,weighted,0.0,region_09
2021-05-29,9,B.1.621,0.015939558668000002,0.03080269806,0.008189905808000001,weekly,weighted,0.0,region_09
2021-06-05,9,B.1.621,0.030717131868000003,0.05134024024,0.018286194651999998,weekly,weighted,0.0,region_09
2021-06-12,9,B.1.621,0.0188104622075,0.0541847366825,0.006376953445,weekly,weighted,0.0,region_09
2021-06-19,9,B.1.621,0.019289882481999997,0.039876709134,0.009230240808,weekly,weighted,0.0,region_09
2021-06-26,9,B.1.621,0.02477928596857143,0.04258717649714285,0.014395816917142857,weekly,weighted,0.0,region_09
2021-07-03,9,B.1.621,0.027393971435714287,0.04367790051714286,0.017074377674285716,weekly,weighted,0.0,region_09
2021-07-10,9,B.1.621,0.022027957650000003,0.02729037031571429,0.017829739755714287,weekly,weighted,0.0,region_09
2021-07-17,9,B.1.621,0.016367200095714286,0.023989970664285716,0.01109355674857143,weekly,weighted,0.0,region_09
2021-07-24,9,B.1.621,0.012043693101428572,0.018518747764285717,0.008405739508571429,weekly,weighted,0.0,region_09
2021-07-31,9,B.1.621,0.008072153045,0.014471015581666665,0.004749763485,weekly,weighted,0.0,region_09
2021-08-07,9,B.1.621,0.0030593557366666666,0.005154786593333334,0.0018647494033333333,weekly,weighted,0.0,region_09
2021-08-14,9,B.1.621,0.0016527492933333333,0.004120551513333333,0.0007043768999999999,weekly,weighted,0.0,region_09
2021-07-03,9,B.1.621.1,0.009556803543333332,0.02574952008666667,0.003510486953333333,weekly,weighted,0.0,region_09
2021-07-10,9,B.1.621.1,0.00781234866,0.018232543020000002,0.0033273329,weekly,weighted,0.0,region_09
2021-07-17,9,B.1.621.1,0.007271433406666666,0.022953422739999996,0.00228561515,weekly,weighted,0.0,region_09
2021-07-24,9,B.1.621.1,0.00480344581,0.006765827383333332,0.0034922377666666664,weekly,weighted,0.0,region_09
2021-07-31,9,B.1.621.1,0.00349804759,0.01062141778,0.00115155673,weekly,weighted,0.0,region_09
2021-08-07,9,B.1.621.1,0.0020327687949999998,0.00612022891,0.00068729816,weekly,weighted,0.0,region_09
2021-08-14,9,B.1.621.1,0.00181116431,0.00366243813,0.00089482422,weekly,weighted,0.0,region_09
2021-03-13,9,B.1.628,0.00351868221,0.01066421065,0.00115540612,weekly,weighted,0.0,region_09
2021-03-20,9,B.1.628,0.007808651545,0.023451882415,0.002572508415,weekly,weighted,0.0,region_09
2021-03-27,9,B.1.628,0.008452161685000001,0.01454885816,0.004897604925,weekly,weighted,0.0,region_09
2021-04-03,9,B.1.628,0.00808364712,0.028277579695,0.002277040385,weekly,weighted,0.0,region_09
2021-04-10,9,B.1.628,0.00819451828,0.031014534645,0.00212822284,weekly,weighted,0.0,region_09
2021-04-17,9,B.1.628,0.010391610675,0.0448192209,0.00234444544,weekly,weighted,0.0,region_09
2021-04-24,9,B.1.628,0.01561658457,0.029397042465000002,0.008241539820000001,weekly,weighted,0.0,region_09
2021-05-01,9,B.1.628,0.00971506536,0.026118203064999998,0.003576177405,weekly,weighted,0.0,region_09
2021-05-08,9,B.1.628,0.012000862975,0.062543543055,0.002206496545,weekly,weighted,0.0,region_09
2021-05-15,9,B.1.628,0.01885510655,0.03720200155,0.00930213928,weekly,weighted,0.0,region_09
2021-05-22,9,B.1.628,0.02425989012,0.06899507716333335,0.0083253379,weekly,weighted,0.0,region_09
2021-05-29,9,B.1.628,0.028554625809999998,0.07487330089333333,0.01056580463,weekly,weighted,0.0,region_09
2021-06-05,9,B.1.628,0.025091974686666667,0.06742604325333333,0.009080852383333332,weekly,weighted,0.0,region_09
2021-06-12,9,B.1.628,0.027251577003333333,0.030713920793333332,0.024170256533333333,weekly,weighted,0.0,region_09
2021-06-19,9,B.1.628,0.03823301817,0.08813727647000001,0.016089293486666666,weekly,weighted,0.0,region_09
2021-06-26,9,B.1.628,0.01736708979,0.02709132371,0.011186043423333333,weekly,weighted,0.0,region_09
2021-07-03,9,B.1.628,0.0103376306,0.0254980692,0.0041597536,weekly,weighted,0.0,region_09
2021-07-10,9,B.1.628,0.007010336343333333,0.023772328473333337,0.0020503387033333335,weekly,weighted,0.0,region_09
2021-07-17,9,B.1.628,0.00799575355,0.03672173370666667,0.0017906674566666666,weekly,weighted,0.0,region_09
2021-07-24,9,B.1.628,0.0029333365799999998,0.013531206796666667,0.0006340521900000001,weekly,weighted,0.0,region_09
2021-07-31,9,B.1.628,0.001812624395,0.014331200625000002,0.000234060085,weekly,weighted,0.0,region_09
2021-05-15,9,B.1.637,0.033919436855,0.092191165315,0.012873525734999999,weekly,weighted,0.0,region_09
2021-05-22,9,B.1.637,0.03467220068,0.13454158604,0.00823026244,weekly,weighted,0.0,region_09
2021-05-29,9,B.1.637,0.02076040581,0.08588085324,0.00476132007,weekly,weighted,0.0,region_09
2021-06-05,9,B.1.637,0.03755605593,0.07288859785,0.01899986155,weekly,weighted,0.0,region_09
2021-06-12,9,B.1.637,0.033167576415,0.059727668765000005,0.01744915079,weekly,weighted,0.0,region_09
2021-06-19,9,B.1.637,0.01971662231,0.06248110533,0.00603343919,weekly,weighted,0.0,region_09
2021-06-26,9,B.1.637,0.01621443871,0.040296906605,0.006654452535,weekly,weighted,0.0,region_09
2021-07-03,9,B.1.637,0.01301538758,0.03978349268,0.0041796579,weekly,weighted,0.0,region_09
2021-07-10,9,B.1.637,0.00602316577,0.00910568889,0.00397996977,weekly,weighted,0.0,region_09
2021-07-17,9,B.1.637,0.00428490294,0.01355000306,0.00134636404,weekly,weighted,0.0,region_09
2021-07-24,9,B.1.637,0.002210245,0.00396646187,0.00123066199,weekly,weighted,0.0,region_09
2021-07-31,9,B.1.637,0.00089192099,0.00287473411,0.00027635001,weekly,weighted,0.0,region_09
2021-12-25,9,BA.1.1,0.37688422904264707,0.4670743074479412,0.292749285697647,weekly,weighted,0.0,region_09
2022-01-01,9,BA.1.1,0.49750467959617645,0.5497821201294117,0.4453216028573529,weekly,weighted,0.0,region_09
2022-01-08,9,BA.1.1,0.5871194723776471,0.6098013169620589,0.5641603592558823,weekly,weighted,0.0,region_09
2022-01-15,9,BA.1.1,0.6553033537729411,0.6701698408411765,0.6402059390264706,weekly,weighted,0.0,region_09
2022-01-22,9,BA.1.1,0.7024659339126471,0.7228000865270588,0.6814878267405883,weekly,weighted,0.0,region_09
2022-01-29,9,BA.1.1,0.7267658500114705,0.7411902126141177,0.711976035552353,weekly,weighted,0.0,region_09
2022-02-05,9,BA.1.1,0.75252589934,0.7664699852470589,0.7381749889420588,weekly,weighted,0.0,region_09
2022-02-12,9,BA.1.1,0.7594216411760606,0.7740479256160606,0.7443258617866667,weekly,weighted,0.0,region_09
2022-02-19,9,BA.1.1,0.7666331967885294,0.7854413214855882,0.7470012622729412,weekly,weighted,0.0,region_09
2022-02-26,9,BA.1.1,0.7446448329620587,0.7728999572641176,0.7147720736617648,weekly,weighted,0.0,region_09
2022-03-05,9,BA.1.1,0.7059518274138236,0.7404187567085294,0.6696307063102942,weekly,weighted,0.0,region_09
2022-03-12,9,BA.1.1,0.6067748394878788,0.6575902122433332,0.5541821989151515,weekly,weighted,0.0,region_09
2022-03-19,9,BA.1.1,0.4976631464326471,0.5426589846614707,0.45269436433,weekly,weighted,0.0,region_09
2022-03-26,9,BA.1.1,0.3340292038285294,0.3941829791838235,0.27762050400735294,weekly,weighted,0.0,region_09
2022-04-02,9,BA.1.1,0.1910678634747059,0.23614658064735294,0.1512879277852941,weekly,weighted,0.0,region_09
2022-04-09,9,BA.1.1,0.10328606034,0.11965539569352943,0.0884632264432353,weekly,weighted,0.0,region_09
2022-04-16,9,BA.1.1,0.05226390852647059,0.06540191589911765,0.04109033734029412,weekly,weighted,0.0,region_09
2022-04-23,9,BA.1.1,0.03043197051617647,0.03901185248705882,0.023293661392058823,weekly,weighted,0.0,region_09
2022-04-30,9,BA.1.1,0.012308634899705883,0.01695256187264706,0.008664618821764707,weekly,weighted,0.0,region_09
2022-05-07,9,BA.1.1,0.004779832629117647,0.006834816995588236,0.0032166399700000003,weekly,weighted,0.0,region_09
2022-01-08,9,BA.2,0.0012056716044444443,0.002152385862222222,0.0006035887066666667,weekly,weighted,0.0,region_09
2022-01-15,9,BA.2,0.0039205667303174605,0.0059049816,0.0024763377723809525,weekly,weighted,0.0,region_09
2022-01-22,9,BA.2,0.008660031277727272,0.013245646164090909,0.005356267906363636,weekly,weighted,0.0,region_09
2022-01-29,9,BA.2,0.014822895556071428,0.025682286525892856,0.007711511080357143,weekly,weighted,0.0,region_09
2022-02-05,9,BA.2,0.017085363806744188,0.02845886613906977,0.009473354383255814,weekly,weighted,0.0,region_09
2022-02-12,9,BA.2,0.030554070654603176,0.04788605180015873,0.01827041940793651,weekly,weighted,0.0,region_09
2022-02-19,9,BA.2,0.05077282075,0.06990071392080645,0.03566700532516129,weekly,weighted,0.0,region_09
2022-02-26,9,BA.2,0.08911179409114754,0.1041159825242623,0.07586290992704918,weekly,weighted,0.0,region_09
2022-03-05,9,BA.2,0.1588779737555,0.19018268759033333,0.13091114585616667,weekly,weighted,0.0,region_09
2022-03-12,9,BA.2,0.28820582062559325,0.3486803623583051,0.23293070495101695,weekly,weighted,0.0,region_09
2022-03-19,9,BA.2,0.4268102198839655,0.46819305882344825,0.3861749737422414,weekly,weighted,0.0,region_09
2022-03-26,9,BA.2,0.6126917088236842,0.6613084715708772,0.5623356762694737,weekly,weighted,0.0,region_09
2022-04-02,9,BA.2,0.7598924966789286,0.7958542534283929,0.7209575123021429,weekly,weighted,0.0,region_09
2022-04-09,9,BA.2,0.8307680836266037,0.8479897436098113,0.8124252220367925,weekly,weighted,0.0,region_09
2022-04-16,9,BA.2,0.8364321589468519,0.8545424905088889,0.817030283036111,weekly,weighted,0.0,region_09
2022-04-23,9,BA.2,0.7987130801632075,0.8116252287381133,0.7852874015860378,weekly,weighted,0.0,region_09
2022-04-30,9,BA.2,0.7150018066161539,0.7375653340265385,0.6915852416024999,weekly,weighted,0.0,region_09
2022-05-07,9,BA.2,0.627286366387647,0.6531164914954902,0.6008953522235294,weekly,weighted,0.0,region_09
2022-05-14,9,BA.2,0.5269306277235416,0.5533804781739583,0.500365519275625,weekly,weighted,0.0,region_09
2022-05-21,9,BA.2,0.4337735132620833,0.4583699957770833,0.40942030586291667,weekly,weighted,0.0,region_09
2022-05-28,9,BA.2,0.33736709070687504,0.353644549225625,0.3213744101422917,weekly,weighted,0.0,region_09
2022-06-04,9,BA.2,0.2565722338697872,0.2760428412170213,0.2378076945851064,weekly,weighted,0.0,region_09
2022-06-11,9,BA.2,0.1771379304323913,0.18934226165630433,0.1654117431326087,weekly,weighted,0.0,region_09
2022-06-18,9,BA.2,0.126706678668,0.14115433262444443,0.11324455473222222,weekly,weighted,0.0,region_09
2022-06-25,9,BA.2,0.08494159748522728,0.09658212350181818,0.07432425572431818,weekly,weighted,0.0,region_09
2022-07-02,9,BA.2,0.04971628107674419,0.06198462419395349,0.03926028579744186,weekly,weighted,0.0,region_09
2022-07-09,9,BA.2,0.03286940409380953,0.03770804254404762,0.02849915481738095,weekly,weighted,0.0,region_09
2022-07-16,9,BA.2,0.020468182498780487,0.026425943460243906,0.01556417039317073,weekly,weighted,0.0,region_09
2022-07-23,9,BA.2,0.012713032565249999,0.01673666154875,0.009448906394249999,weekly,weighted,0.0,region_09
2022-07-30,9,BA.2,0.009199766736842106,0.012965975819210527,0.006301640165,weekly,weighted,0.0,region_09
2022-08-06,9,BA.2,0.009164638355000001,0.01451322576,0.005411798365,weekly,weighted,0.0,region_09
2022-08-13,9,BA.2,0.007678229518333334,0.012440874241666669,0.0044373430983333335,weekly,weighted,0.0,region_09
2022-08-20,9,BA.2,0.003686862704782609,0.0060250811156521734,0.0020953805804347827,weekly,weighted,0.0,region_09
2022-08-27,9,BA.2,0.00371360709,0.006355726159999999,0.00197598373,weekly,weighted,0.0,region_09
2022-09-03,9,BA.2,0.003462359723148148,0.005927857217962963,0.0018404680605555554,weekly,weighted,,region_09
2022-09-10,9,BA.2,0.0032111123562962966,0.005499988275925926,0.0017049523911111112,weekly,weighted,0.0,region_09
2022-09-17,9,BA.2,0.005796209102692308,0.009188438981153846,0.003417515169230769,weekly,weighted,0.0,region_09
2022-09-24,9,BA.2,0.007199392895517242,0.01057024274413793,0.0046967265006896556,weekly,weighted,0.0,region_09
2022-10-01,9,BA.2,0.010423278083448277,0.014471969438275863,0.00727868271275862,weekly,weighted,0.0,region_09
2022-10-08,9,BA.2,0.014516804832857142,0.024127842126785714,0.008017390981785714,weekly,weighted,0.0,region_09
2022-10-15,9,BA.2,0.01579791662740741,0.021605643685185184,0.01121531081962963,weekly,weighted,0.0,region_09
2022-10-22,9,BA.2,0.01618199061230769,0.02594800458153846,0.00937828575653846,weekly,weighted,0.0,region_09
2022-10-29,9,BA.2,0.01939776548,0.03191063115826087,0.010878568110434783,weekly,weighted,0.0,region_09
2022-11-05,9,BA.2,0.01820411234375,0.02411436794041667,0.013429031862916668,weekly,weighted,0.0,region_09
2022-11-12,9,BA.2,0.01994918335304348,0.030322889109565217,0.01240176545478261,weekly,weighted,0.0,region_09
2022-11-19,9,BA.2,0.014419847043333333,0.023844983676666667,0.008017954386,weekly,weighted,0.0,region_09
2022-11-26,9,BA.2,0.014305798691428572,0.019068121022857144,0.010476171614285715,weekly,weighted,0.0,region_09
2022-12-03,9,BA.2,0.0151853369095,0.020615711622499998,0.010900564840500001,weekly,weighted,0.0,region_09
2022-12-10,9,BA.2,0.012930567915263157,0.017963172084210527,0.009012957643157895,weekly,weighted,0.0,region_09
2022-12-17,9,BA.2,0.016459181026111113,0.021960982743333333,0.012039659701666667,weekly,weighted,0.0,region_09
2022-12-24,9,BA.2,0.0125434271,0.01810621388,0.008342516691764706,weekly,weighted,0.0,region_09
2022-12-31,9,BA.2,0.014192687969333335,0.022825958206,0.008201877864666666,weekly,weighted,0.0,region_09
2023-01-07,9,BA.2,0.015415760157857143,0.024742734219285713,0.008924286944285714,weekly,weighted,0.0,region_09
2023-01-14,9,BA.2,0.0063737407692307695,0.01008078154923077,0.003771027246153846,weekly,weighted,0.0,region_09
2023-01-21,9,BA.2,0.006496080115329671,0.0108649593889011,0.00357315005521978,weekly,weighted,,region_09
2023-01-28,9,BA.2,0.006618419461428571,0.011649137228571428,0.003375272864285714,weekly,weighted,0.0,region_09
2023-02-04,9,BA.2,0.006564087899821429,0.01142059000392857,0.0034057149432142855,weekly,weighted,,region_09
2023-02-11,9,BA.2,0.006509756338214286,0.011192042779285715,0.003436157022142857,weekly,weighted,,region_09
2023-02-18,9,BA.2,0.006455424776607143,0.010963495554642858,0.0034665991010714285,weekly,weighted,,region_09
2023-02-25,9,BA.2,0.0064010932150000005,0.01073494833,0.00349704118,weekly,weighted,0.0,region_09
2022-04-02,9,BA.2.12.1,0.020451650666727276,0.029800356856181816,0.013417011042181818,weekly,weighted,0.0,region_09
2022-04-09,9,BA.2.12.1,0.05082078731909091,0.06803954148854546,0.03691833246181818,weekly,weighted,0.0,region_09
2022-04-16,9,BA.2.12.1,0.09570646589537038,0.11441292006666667,0.07915033538074073,weekly,weighted,0.0,region_09
2022-04-23,9,BA.2.12.1,0.15983643818566037,0.17339999495830188,0.14698533573207548,weekly,weighted,0.0,region_09
2022-04-30,9,BA.2.12.1,0.25606389487096154,0.2787641533298077,0.2343460192473077,weekly,weighted,0.0,region_09
2022-05-07,9,BA.2.12.1,0.3545477881154902,0.37660585256156864,0.33295254672235297,weekly,weighted,0.0,region_09
2022-05-14,9,BA.2.12.1,0.43940549194740003,0.46308039486459995,0.41593713700720003,weekly,weighted,0.0,region_09
2022-05-21,9,BA.2.12.1,0.5083991524790697,0.5308414607546511,0.4859308399437209,weekly,weighted,0.0,region_09
2022-05-28,9,BA.2.12.1,0.5700020665920833,0.5840346155072916,0.55588380619875,weekly,weighted,0.0,region_09
2022-06-04,9,BA.2.12.1,0.59084174944,0.6105374214436956,0.5709246332226087,weekly,weighted,0.0,region_09
2022-06-11,9,BA.2.12.1,0.5420963466163043,0.5663905001206522,0.5176503178863043,weekly,weighted,0.0,region_09
2022-06-18,9,BA.2.12.1,0.46704429123155555,0.4926606873671111,0.44155462781622223,weekly,weighted,0.0,region_09
2022-06-25,9,BA.2.12.1,0.3273683522238636,0.3471649444911364,0.30802907794681816,weekly,weighted,0.0,region_09
2022-07-02,9,BA.2.12.1,0.2365288554239535,0.2554481715655814,0.21836424601651164,weekly,weighted,0.0,region_09
2022-07-09,9,BA.2.12.1,0.14372650143666665,0.1581954303245238,0.13012662104190476,weekly,weighted,0.0,region_09
2022-07-16,9,BA.2.12.1,0.09513725831,0.10263891063829268,0.08801936449121951,weekly,weighted,0.0,region_09
2022-07-23,9,BA.2.12.1,0.0595349300655,0.068088812008,0.05176151348275,weekly,weighted,0.0,region_09
2022-07-30,9,BA.2.12.1,0.03369594286947369,0.03826902865552632,0.02953040090131579,weekly,weighted,0.0,region_09
2022-08-06,9,BA.2.12.1,0.023894181374324322,0.030027185793513513,0.018721042,weekly,weighted,0.0,region_09
2022-08-13,9,BA.2.12.1,0.012844089522777777,0.016861791360833336,0.009575068330555554,weekly,weighted,0.0,region_09
2022-08-20,9,BA.2.12.1,0.008579411384,0.01271571032742857,0.005519322984571429,weekly,weighted,0.0,region_09
2022-08-27,9,BA.2.12.1,0.0040921996738235294,0.00626764148,0.0025268975132352943,weekly,weighted,0.0,region_09
2022-08-20,9,BA.2.75,0.004095319332,0.007138876058,0.002119527618,weekly,weighted,0.0,region_09
2022-08-27,9,BA.2.75,0.0044552660466666665,0.007232288837666667,0.002558418771166667,weekly,weighted,,region_09
2022-09-03,9,BA.2.75,0.004815212761333333,0.0073257016173333325,0.0029973099243333335,weekly,weighted,0.0,region_09
2022-09-10,9,BA.2.75,0.0058749644378125,0.008860895395625,0.0037066120425000002,weekly,weighted,0.0,region_09
2022-09-17,9,BA.2.75,0.007319453262903226,0.012224873316129032,0.004021935585806452,weekly,weighted,0.0,region_09
2022-09-24,9,BA.2.75,0.008693642592758621,0.01388832435448276,0.005074691958965517,weekly,weighted,0.0,region_09
2022-10-01,9,BA.2.75,0.011107363063448276,0.01691761311,0.006902787127586207,weekly,weighted,0.0,region_09
2022-10-08,9,BA.2.75,0.012726487393214286,0.018448739046071427,0.008419911277142858,weekly,weighted,0.0,region_09
2022-10-15,9,BA.2.75,0.01372708448894737,0.022948009403157894,0.00755308134631579,weekly,weighted,0.0,region_09
2022-10-22,9,BA.2.75,0.008812134870384614,0.014023207379615385,0.005168591195769231,weekly,weighted,0.0,region_09
2022-10-29,9,BA.2.75,0.013014072515199999,0.0208177016672,0.0075841456092,weekly,weighted,0.0,region_09
2022-11-05,9,BA.2.75,0.014033050469166667,0.020644082765,0.009119344875,weekly,weighted,0.0,region_09
2022-11-12,9,BA.2.75,0.014676668560434782,0.019644502793478263,0.01069409716,weekly,weighted,0.0,region_09
2022-11-19,9,BA.2.75,0.011491407809545455,0.017573930703636362,0.007114935032272728,weekly,weighted,0.0,region_09
2022-11-26,9,BA.2.75,0.009381066253809524,0.014771694627619049,0.00558792790904762,weekly,weighted,0.0,region_09
2022-12-03,9,BA.2.75,0.0094002755125,0.014400091721499999,0.00586790964,weekly,weighted,0.0,region_09
2022-12-10,9,BA.2.75,0.01117054775,0.017349873032105265,0.0067746601257894735,weekly,weighted,0.0,region_09
2022-12-17,9,BA.2.75,0.009091461827222223,0.013189738616111111,0.006019304971111111,weekly,weighted,0.0,region_09
2022-12-24,9,BA.2.75,0.007892015155,0.01239603991,0.004712896655,weekly,weighted,0.0,region_09
2022-12-31,9,BA.2.75,0.0076800449175,0.011786186426875,0.0047414005962500005,weekly,weighted,0.0,region_09
2023-01-07,9,BA.2.75,0.007010334313888889,0.01114631479125,0.004141558995833333,weekly,weighted,,region_09
2023-01-14,9,BA.2.75,0.0063406237102777785,0.010506443155625,0.003541717395416667,weekly,weighted,,region_09
2023-01-21,9,BA.2.75,0.005670913106666667,0.00986657152,0.002941875795,weekly,weighted,0.0,region_09
2022-09-10,9,BA.2.75.2,0.003738411385714286,0.006663423197857143,0.0018740497514285713,weekly,weighted,0.0,region_09
2022-09-17,9,BA.2.75.2,0.0033703877661538464,0.005519329928076923,0.0019038903046153847,weekly,weighted,0.0,region_09
2022-09-24,9,BA.2.75.2,0.006056475420689655,0.009713486286206897,0.003524201905862069,weekly,weighted,0.0,region_09
2022-10-01,9,BA.2.75.2,0.0033887148278571428,0.005812306822857142,0.0017957565557142857,weekly,weighted,0.0,region_09
2022-10-08,9,BA.2.75.2,0.006769805932307692,0.010897002433076923,0.00391149426,weekly,weighted,0.0,region_09
2022-10-15,9,BA.2.75.2,0.007247830208762542,0.012010546587408025,0.004027896121086957,weekly,weighted,,region_09
2022-10-22,9,BA.2.75.2,0.007725854485217391,0.01312409074173913,0.004144297982173913,weekly,weighted,0.0,region_09
2022-10-29,9,BA.2.75.2,0.007420768361775363,0.0120161820117029,0.004264087499211956,weekly,weighted,,region_09
2022-11-05,9,BA.2.75.2,0.007115682238333334,0.010908273281666667,0.00438387701625,weekly,weighted,0.0,region_09
2022-11-12,9,BA.2.75.2,0.006698464104166667,0.010601311105833334,0.0039621803931250005,weekly,weighted,,region_09
2022-11-19,9,BA.2.75.2,0.00628124597,0.01029434893,0.00354048377,weekly,weighted,0.0,region_09
2022-11-26,9,BA.2.75.2,0.005246183101904762,0.008062502856666667,0.0032228765947619046,weekly,weighted,0.0,region_09
2022-12-03,9,BA.2.75.2,0.0070497984995,0.009957749722500001,0.00481661621,weekly,weighted,0.0,region_09
2022-12-10,9,BA.2.75.2,0.0037699038600000003,0.006035300904736841,0.0022010432110526317,weekly,weighted,0.0,region_09
2022-12-17,9,BA.2.75.2,0.004012791722142857,0.006809750305714285,0.0021574148635714286,weekly,weighted,0.0,region_09
2022-12-24,9,BA.2.75.2,0.005073321133529412,0.007971009923529412,0.003035381737647059,weekly,weighted,0.0,region_09
2022-12-31,9,BA.2.75.2,0.006184529251875,0.009173248719375,0.0039781562668750005,weekly,weighted,0.0,region_09
2023-01-07,9,BA.2.75.2,0.0044691429950000005,0.007907129901666666,0.0022639675683333335,weekly,weighted,0.0,region_09
2023-10-28,9,BA.2.86,0.007059062414736842,0.011944376176842105,0.0038067441752631576,biweekly,weighted,0.0,region_09
2023-11-04,9,BA.2.86,0.006815490922753036,0.011726757980472334,0.00359217144891363,biweekly,weighted,,region_09
2023-11-11,9,BA.2.86,0.006571919430769231,0.011509139784102564,0.0033775987225641026,biweekly,weighted,0.0,region_09
2023-11-18,9,BA.2.86,0.008896133761700405,0.014467450205735491,0.005084503442071525,biweekly,weighted,,region_09
2023-11-25,9,BA.2.86,0.01122034809263158,0.01742576062736842,0.006791408161578948,biweekly,weighted,0.0,region_09
2023-12-02,9,BA.2.86,0.013279402408026315,0.019515149491842104,0.008647766975394737,biweekly,weighted,,region_09
2023-12-09,9,BA.2.86,0.01533845672342105,0.02160453835631579,0.010504125789210526,biweekly,weighted,0.0,region_09
2023-12-16,9,BA.2.86,0.013260705017281955,0.020115815778157894,0.008332821267176691,biweekly,weighted,,region_09
2023-12-23,9,BA.2.86,0.011182953311142857,0.0186270932,0.006161516745142857,biweekly,weighted,0.0,region_09
2023-12-30,9,BA.2.86,0.011824604975285714,0.019432252991285714,0.006642453651714286,biweekly,weighted,,region_09
2024-01-06,9,BA.2.86,0.012466256639428571,0.020237412782571428,0.007123390558285715,biweekly,weighted,0.0,region_09
2024-01-13,9,BA.2.86,0.01304056147294958,0.021331943180991596,0.007367466358995799,biweekly,weighted,,region_09
2024-01-20,9,BA.2.86,0.013614866306470588,0.022426473579411764,0.007611542159705883,biweekly,weighted,0.0,region_09
2024-01-27,9,BA.2.86,0.012709956116720142,0.020322520925918002,0.007410108300155972,biweekly,weighted,,region_09
2024-02-03,9,BA.2.86,0.011805045926969697,0.01821856827242424,0.007208674440606061,biweekly,weighted,0.0,region_09
2024-02-10,9,BA.2.86,0.013323474131699134,0.020623794263712122,0.008112103691195888,biweekly,weighted,,region_09
2024-02-17,9,BA.2.86,0.014841902336428571,0.023029020255,0.009015532941785713,biweekly,weighted,0.0,region_09
2022-04-30,9,BA.4,0.006130775335652174,0.01099351979826087,0.0030438495578260865,weekly,weighted,0.0,region_09
2022-05-07,9,BA.4,0.0064828771862499995,0.0109790669525,0.003496644435,weekly,weighted,0.0,region_09
2022-05-14,9,BA.4,0.011964054094693878,0.015792459934081633,0.008860924129183673,weekly,weighted,0.0,region_09
2022-05-21,9,BA.4,0.025176070401836732,0.03610267011183673,0.016850799416938775,weekly,weighted,0.0,region_09
2022-05-28,9,BA.4,0.040678103688125,0.04796576756020834,0.034261347958333334,weekly,weighted,0.0,region_09
2022-06-04,9,BA.4,0.058638289570851064,0.07186343251425531,0.047214997813617016,weekly,weighted,0.0,region_09
2022-06-11,9,BA.4,0.0924574345673913,0.10140438296847826,0.08406053710282609,weekly,weighted,0.0,region_09
2022-06-18,9,BA.4,0.109287055664,0.12438866545755554,0.0954761640888889,weekly,weighted,0.0,region_09
2022-06-25,9,BA.4,0.12235665643068182,0.13470546867386363,0.1108314467759091,weekly,weighted,0.0,region_09
2022-07-02,9,BA.4,0.11929617059813954,0.13337082190534882,0.10621958641767441,weekly,weighted,0.0,region_09
2022-07-09,9,BA.4,0.10711573969095238,0.11873073556571427,0.09628016377571427,weekly,weighted,0.0,region_09
2022-07-16,9,BA.4,0.09797779379829269,0.10732410302999999,0.08919140078682927,weekly,weighted,0.0,region_09
2022-07-23,9,BA.4,0.09021958447975001,0.099947504326,0.08115036468924999,weekly,weighted,0.0,region_09
2022-07-30,9,BA.4,0.07706716813605263,0.08680453465236843,0.06810490061605264,weekly,weighted,0.0,region_09
2022-08-06,9,BA.4,0.06556163828891892,0.07308214943135136,0.05859915187216216,weekly,weighted,0.0,region_09
2022-08-13,9,BA.4,0.04873284304361111,0.06187449302583333,0.03768777412694444,weekly,weighted,0.0,region_09
2022-08-20,9,BA.4,0.04165054676771429,0.04871527563228571,0.03534851489285714,weekly,weighted,0.0,region_09
2022-08-27,9,BA.4,0.03617959874911764,0.04422244834970588,0.029240998165588235,weekly,weighted,0.0,region_09
2022-09-03,9,BA.4,0.028319260275454547,0.03505231507787879,0.02257444133878788,weekly,weighted,0.0,region_09
2022-09-10,9,BA.4,0.0216969053725,0.0302053442575,0.01506651775,weekly,weighted,0.0,region_09
2022-09-17,9,BA.4,0.016723866184193546,0.02103842530516129,0.013093865056774193,weekly,weighted,0.0,region_09
2022-09-24,9,BA.4,0.004274201345,0.00759044685,0.002153672045,weekly,weighted,0.0,region_09
2022-10-01,9,BA.4,0.00852005610862069,0.01288086866275862,0.005351190896551725,weekly,weighted,0.0,region_09
2022-10-08,9,BA.4,0.008391691930666667,0.014097357354,0.00457095538,weekly,weighted,0.0,region_09
2022-10-15,9,BA.4,0.006590093382222222,0.01113482099,0.0035633855344444445,weekly,weighted,0.0,region_09
2022-06-18,9,BA.4.6,0.0027182934380555555,0.004415940428888889,0.001553069773611111,weekly,weighted,0.0,region_09
2022-06-25,9,BA.4.6,0.0049259260375277775,0.007577509843319445,0.0030259546691805556,weekly,weighted,,region_09
2022-07-02,9,BA.4.6,0.0071335586369999995,0.01073907925775,0.0044988395647499995,weekly,weighted,0.0,region_09
2022-07-09,9,BA.4.6,0.00845495472902439,0.011139256539268292,0.006278631277317074,weekly,weighted,0.0,region_09
2022-07-16,9,BA.4.6,0.01224322923707317,0.016569297624390245,0.008803396542682926,weekly,weighted,0.0,region_09
2022-07-23,9,BA.4.6,0.01128633965275,0.015464011323499999,0.008000481477,weekly,weighted,0.0,region_09
2022-07-30,9,BA.4.6,0.017768103874210527,0.022470062255263157,0.01382499337631579,weekly,weighted,0.0,region_09
2022-08-06,9,BA.4.6,0.021651550472972972,0.027039107086756758,0.017088644206216218,weekly,weighted,0.0,region_09
2022-08-13,9,BA.4.6,0.02563771558916667,0.03175251879194444,0.02042303027388889,weekly,weighted,0.0,region_09
2022-08-20,9,BA.4.6,0.025163147173142855,0.029771478101714287,0.021096629543714288,weekly,weighted,0.0,region_09
2022-08-27,9,BA.4.6,0.03160372469588235,0.03900513042029412,0.025270116350588234,weekly,weighted,0.0,region_09
2022-09-03,9,BA.4.6,0.03983476408090909,0.054303546182424244,0.02832425413848485,weekly,weighted,0.0,region_09
2022-09-10,9,BA.4.6,0.0550226997578125,0.0796758977225,0.0362246701259375,weekly,weighted,0.0,region_09
2022-09-17,9,BA.4.6,0.05186764908,0.05901763311870968,0.045352994913870966,weekly,weighted,0.0,region_09
2022-09-24,9,BA.4.6,0.05034200723,0.05802495926633333,0.04341029661333333,weekly,weighted,0.0,region_09
2022-10-01,9,BA.4.6,0.05480657517931034,0.06493629001344828,0.04586312842724138,weekly,weighted,0.0,region_09
2022-10-08,9,BA.4.6,0.0497280750425,0.061060922220714284,0.03996643969607143,weekly,weighted,0.0,region_09
2022-10-15,9,BA.4.6,0.04489423845111111,0.05956027601666666,0.03297377018925926,weekly,weighted,0.0,region_09
2022-10-22,9,BA.4.6,0.03756328543153846,0.049145375594230774,0.028068219669615386,weekly,weighted,0.0,region_09
2022-10-29,9,BA.4.6,0.03216044752291667,0.04393993814791666,0.022835462897500002,weekly,weighted,0.0,region_09
2022-11-05,9,BA.4.6,0.0291212446375,0.03708593562791667,0.022465162212083334,weekly,weighted,0.0,region_09
2022-11-12,9,BA.4.6,0.023188995603043477,0.031444684804347825,0.01663884565,weekly,weighted,0.0,region_09
2022-11-19,9,BA.4.6,0.020410310307272726,0.025421082211363636,0.016158252869545454,weekly,weighted,0.0,region_09
2022-11-26,9,BA.4.6,0.010753674832857144,0.014541986310476191,0.007741167232380953,weekly,weighted,0.0,region_09
2022-12-03,9,BA.4.6,0.006532519287499999,0.0091081405995,0.004534310219,weekly,weighted,0.0,region_09
2022-12-10,9,BA.4.6,0.005494797063157895,0.00806577783,0.003580313310526316,weekly,weighted,0.0,region_09
2022-12-17,9,BA.4.6,0.003075382546153846,0.005231004136153846,0.0016486918223076923,weekly,weighted,0.0,region_09
2022-12-24,9,BA.4.6,0.0027364747958333337,0.004829609185,0.0013920335516666665,weekly,weighted,0.0,region_09
2022-05-14,9,BA.5,0.011212247823061225,0.016351998155714285,0.0073607040055102034,weekly,weighted,0.0,region_09
2022-05-21,9,BA.5,0.024218957224897957,0.03204024195367347,0.017901788959387755,weekly,weighted,0.0,region_09
2022-05-28,9,BA.5,0.04534179820425532,0.05715260123659575,0.03537070085361702,weekly,weighted,0.0,region_09
2022-06-04,9,BA.5,0.0892350618193617,0.10544901087531916,0.07480009106212765,weekly,weighted,0.0,region_09
2022-06-11,9,BA.5,0.18421176756108695,0.20672062622413043,0.1631889667195652,weekly,weighted,0.0,region_09
2022-06-18,9,BA.5,0.2911518063813333,0.31820303863933336,0.2651683813988889,weekly,weighted,0.0,region_09
2022-06-25,9,BA.5,0.46033622636348837,0.490581463242093,0.43034352119558145,weekly,weighted,0.0,region_09
2022-07-02,9,BA.5,0.5866267292993023,0.6100793286804651,0.5628739761751163,weekly,weighted,0.0,region_09
2022-07-09,9,BA.5,0.7062329678311905,0.7231835141071429,0.6888366667995238,weekly,weighted,0.0,region_09
2022-07-16,9,BA.5,0.7716152275478049,0.7874200198707317,0.7552071170112196,weekly,weighted,0.0,region_09
2022-07-23,9,BA.5,0.8236059699297437,0.8327730527284615,0.8141478422366667,weekly,weighted,0.0,region_09
2022-07-30,9,BA.5,0.8583393741305405,0.8704397259532431,0.8455567359927028,weekly,weighted,0.0,region_09
2022-08-06,9,BA.5,0.8729670514927027,0.8906240849878378,0.8535895734213513,weekly,weighted,0.0,region_09
2022-08-13,9,BA.5,0.9008711348570588,0.9148809559208824,0.885414707310294,weekly,weighted,0.0,region_09
2022-08-20,9,BA.5,0.9085735415711765,0.9185903931370588,0.8977536927258823,weekly,weighted,0.0,region_09
2022-08-27,9,BA.5,0.9064744360305882,0.9174702728491176,0.8945376732770588,weekly,weighted,0.0,region_09
2022-09-03,9,BA.5,0.9025617964339394,0.9226197239127273,0.8793175942969697,weekly,weighted,0.0,region_09
2022-09-10,9,BA.5,0.892019759863125,0.9111598115409375,0.8703196905559375,weekly,weighted,0.0,region_09
2022-09-17,9,BA.5,0.8925761368958064,0.9017249672645161,0.88288027625,weekly,weighted,0.0,region_09
2022-09-24,9,BA.5,0.877116664251,0.8879365940883334,0.8656402250136667,weekly,weighted,0.0,region_09
2022-10-01,9,BA.5,0.8382343834841379,0.8522208148034484,0.8234726909934482,weekly,weighted,0.0,region_09
2022-10-08,9,BA.5,0.7798588382346429,0.8024366923735714,0.7559427235814286,weekly,weighted,0.0,region_09
2022-10-15,9,BA.5,0.7356323379062963,0.7644972734981481,0.7051787464714815,weekly,weighted,0.0,region_09
2022-10-22,9,BA.5,0.6685766744603999,0.6949537467956,0.6413777136796,weekly,weighted,0.0,region_09
2022-10-29,9,BA.5,0.5776306056976,0.6220420265192,0.5322561311712,weekly,weighted,0.0,region_09
2022-11-05,9,BA.5,0.50076276933,0.5390110462900001,0.46250589688625005,weekly,weighted,0.0,region_09
2022-11-12,9,BA.5,0.40757586774608695,0.4527885136404348,0.3634980994717391,weekly,weighted,0.0,region_09
2022-11-19,9,BA.5,0.3348013094881818,0.3693542805577273,0.3015358678322727,weekly,weighted,0.0,region_09
2022-11-26,9,BA.5,0.2740514846076191,0.30397398415142857,0.24558295806238095,weekly,weighted,0.0,region_09
2022-12-03,9,BA.5,0.22076460123000002,0.23887784332,0.203416226804,weekly,weighted,0.0,region_09
2022-12-10,9,BA.5,0.16937473965315789,0.18989901480105265,0.15023228682894738,weekly,weighted,0.0,region_09
2022-12-17,9,BA.5,0.13711130370722222,0.150855181945,0.12418682914555555,weekly,weighted,0.0,region_09
2022-12-24,9,BA.5,0.11517165469823529,0.1285103270235294,0.10276628636294118,weekly,weighted,0.0,region_09
2022-12-31,9,BA.5,0.0911729577925,0.10334921022875,0.080002137460625,weekly,weighted,0.0,region_09
2023-01-07,9,BA.5,0.083258684476,0.09568650027133334,0.07197737445466666,weekly,weighted,0.0,region_09
2023-01-14,9,BA.5,0.06687716128571429,0.07889417878214286,0.05619629073357143,weekly,weighted,0.0,region_09
2023-01-21,9,BA.5,0.04859931681,0.0632015183,0.03655052041769231,weekly,weighted,0.0,region_09
2023-01-28,9,BA.5,0.0432806797325,0.05475094821416667,0.03364401139833333,weekly,weighted,0.0,region_09
2023-02-04,9,BA.5,0.030566085977272728,0.04415138235181818,0.020255380394545455,weekly,weighted,0.0,region_09
2023-02-11,9,BA.5,0.018947524950000003,0.0292678214625,0.011543069735,weekly,weighted,0.0,region_09
2023-02-18,9,BA.5,0.015820611061111114,0.025142363375555556,0.009304240138888888,weekly,weighted,0.0,region_09
2023-02-25,9,BA.5,0.015884708495,0.024584433529999998,0.00967557868,weekly,weighted,0.0,region_09
2023-03-04,9,BA.5,0.011584741249999999,0.019266523422,0.006394150108000001,weekly,weighted,0.0,region_09
2022-09-17,9,BA.5.2.6,0.00252748281,0.00451006601,0.00126552838,weekly,weighted,0.0,region_09
2022-09-24,9,BA.5.2.6,0.0040233409886538465,0.006563643971346154,0.0022928784515384615,weekly,weighted,,region_09
2022-10-01,9,BA.5.2.6,0.005519199167307693,0.008617221932692308,0.003320228523076923,weekly,weighted,0.0,region_09
2022-10-08,9,BA.5.2.6,0.008756883313333333,0.014311314456111113,0.004953568619444445,weekly,weighted,0.0,region_09
2022-10-15,9,BA.5.2.6,0.006714121771904762,0.010834686768571428,0.0038830399219047618,weekly,weighted,0.0,region_09
2022-10-22,9,BA.5.2.6,0.010887869168076924,0.017345348409230767,0.006399580886538462,weekly,weighted,0.0,region_09
2022-10-29,9,BA.5.2.6,0.0158297829704,0.023727077319999998,0.010038360581200001,weekly,weighted,0.0,region_09
2022-11-05,9,BA.5.2.6,0.01663848598625,0.022766233344166664,0.011819174979583333,weekly,weighted,0.0,region_09
2022-11-12,9,BA.5.2.6,0.023259289723043478,0.03415022288304348,0.01512172717,weekly,weighted,0.0,region_09
2022-11-19,9,BA.5.2.6,0.02035389773,0.031860495917272726,0.012168891008636364,weekly,weighted,0.0,region_09
2022-11-26,9,BA.5.2.6,0.018588247398571428,0.025860872564285715,0.012940875254761905,weekly,weighted,0.0,region_09
2022-12-03,9,BA.5.2.6,0.015770193423,0.020068203750999998,0.01218552012,weekly,weighted,0.0,region_09
2022-12-10,9,BA.5.2.6,0.012644464051578947,0.016572174665789474,0.009443186077894737,weekly,weighted,0.0,region_09
2022-12-17,9,BA.5.2.6,0.011899341258888889,0.015883984976666668,0.008701041857777779,weekly,weighted,0.0,region_09
2022-12-24,9,BA.5.2.6,0.006968698557333333,0.010739374967333333,0.004275679154666667,weekly,weighted,0.0,region_09
2022-12-31,9,BA.5.2.6,0.007496409682857143,0.012175010783571428,0.004280813170714286,weekly,weighted,0.0,region_09
2023-01-07,9,BA.5.2.6,0.006071686173095238,0.010144835937619048,0.003339860362857143,weekly,weighted,,region_09
2023-01-14,9,BA.5.2.6,0.004646962663333334,0.008114661091666668,0.002398907555,weekly,weighted,0.0,region_09
2022-08-27,9,BF.11,0.0026374207808,0.0045931805112,0.0013674607963999998,weekly,weighted,0.0,region_09
2022-09-03,9,BF.11,0.0032366869364,0.0054090969078000005,0.0017802663891999999,weekly,weighted,,region_09
2022-09-10,9,BF.11,0.003835953092,0.0062250133044,0.002193071982,weekly,weighted,0.0,region_09
2022-09-17,9,BF.11,0.004671854968200001,0.0075230608788,0.0026984312801999998,weekly,weighted,,region_09
2022-09-24,9,BF.11,0.0055077568444,0.0088211084532,0.0032037905784,weekly,weighted,0.0,region_09
2022-10-01,9,BF.11,0.0063008886008,0.009451870881599999,0.0039934026824,weekly,weighted,0.0,region_09
2022-10-08,9,BF.11,0.00885184027875,0.015510535335,0.0045401416125,weekly,weighted,0.0,region_09
2022-10-15,9,BF.11,0.008723124126766667,0.014804218574,0.0046951790631333335,weekly,weighted,,region_09
2022-10-22,9,BF.11,0.008594407974783332,0.014097901813,0.0048502165137666664,weekly,weighted,,region_09
2022-10-29,9,BF.11,0.0084656918228,0.013391585051999999,0.0050052539644,weekly,weighted,0.0,region_09
2022-11-05,9,BF.11,0.009306721916956522,0.015421938313043478,0.0051689444360869564,weekly,weighted,0.0,region_09
2022-11-12,9,BF.11,0.01155398134,0.02032338269,0.0058875056,weekly,weighted,0.0,region_09
2022-11-19,9,BF.11,0.013301436788000002,0.022562819718,0.007153672349999999,weekly,weighted,0.0,region_09
2022-11-26,9,BF.11,0.008139072984285714,0.011925852592380952,0.005315385093333334,weekly,weighted,0.0,region_09
2022-12-03,9,BF.11,0.009028361924,0.012150061735999999,0.00653989308,weekly,weighted,0.0,region_09
2022-12-10,9,BF.11,0.00962118927,0.015225599519473686,0.005682184482631579,weekly,weighted,0.0,region_09
2022-12-17,9,BF.11,0.007967308732222223,0.011674768756666667,0.005218454922222222,weekly,weighted,0.0,region_09
2022-12-24,9,BF.11,0.006458238196736112,0.009909256084583333,0.003998461031423611,weekly,weighted,,region_09
2022-12-31,9,BF.11,0.00494916766125,0.0081437434125,0.002778467140625,weekly,weighted,0.0,region_09
2022-08-20,9,BF.7,0.002189937015,0.0037644277485714287,0.0011573269992857145,weekly,weighted,0.0,region_09
2022-08-27,9,BF.7,0.004394020542352941,0.007464240606764707,0.002361218718235294,weekly,weighted,0.0,region_09
2022-09-03,9,BF.7,0.0081427872221875,0.012582746829375,0.00496684774375,weekly,weighted,0.0,region_09
2022-09-10,9,BF.7,0.0087009526615625,0.012854302040625,0.0056475183153125,weekly,weighted,0.0,region_09
2022-09-17,9,BF.7,0.011981712594193549,0.017275516183870968,0.00797627681483871,weekly,weighted,0.0,region_09
2022-09-24,9,BF.7,0.018280091323,0.024137637763666668,0.013536919622666668,weekly,weighted,0.0,region_09
2022-10-01,9,BF.7,0.026613137782413795,0.032596056317931034,0.02147105259137931,weekly,weighted,0.0,region_09
2022-10-08,9,BF.7,0.047218150592142856,0.059483987546071426,0.03689125792107143,weekly,weighted,0.0,region_09
2022-10-15,9,BF.7,0.05259395404592593,0.07552511824444445,0.035018238755925926,weekly,weighted,0.0,region_09
2022-10-22,9,BF.7,0.05730311157115385,0.07688909425076923,0.041505465857307695,weekly,weighted,0.0,region_09
2022-10-29,9,BF.7,0.05561904174583333,0.07082964324625,0.04287994358166666,weekly,weighted,0.0,region_09
2022-11-05,9,BF.7,0.06951708253416666,0.09004328493000001,0.05247249205958333,weekly,weighted,0.0,region_09
2022-11-12,9,BF.7,0.06596266899391304,0.07844974586565216,0.05499604247173913,weekly,weighted,0.0,region_09
2022-11-19,9,BF.7,0.06588977880045455,0.08017110316545455,0.05347605896318182,weekly,weighted,0.0,region_09
2022-11-26,9,BF.7,0.05781260452095238,0.07050712619428572,0.04681375711619048,weekly,weighted,0.0,region_09
2022-12-03,9,BF.7,0.047934900038,0.055015012249999995,0.041547244787999996,weekly,weighted,0.0,region_09
2022-12-10,9,BF.7,0.05021019083894737,0.059964162739473685,0.04164446635526316,weekly,weighted,0.0,region_09
2022-12-17,9,BF.7,0.043002813226666665,0.052551398674444444,0.03478400409277778,weekly,weighted,0.0,region_09
2022-12-24,9,BF.7,0.025066037716470587,0.03363958570764706,0.018216159305294116,weekly,weighted,0.0,region_09
2022-12-31,9,BF.7,0.028975421445625,0.038665646801875,0.021179286763125,weekly,weighted,0.0,region_09
2023-01-07,9,BF.7,0.017348873027142855,0.02582095882714286,0.011131521978571429,weekly,weighted,0.0,region_09
2023-01-14,9,BF.7,0.02011529356214286,0.031943166095714286,0.011823858865714286,weekly,weighted,0.0,region_09
2023-01-21,9,BF.7,0.016704218963076924,0.025727898743076922,0.01023819978076923,weekly,weighted,0.0,region_09
2023-01-28,9,BF.7,0.00622001073,0.011055984846666667,0.003127800996666667,weekly,weighted,0.0,region_09
2022-10-15,9,BN.1,0.0105740691716,0.0167725287748,0.006232485082,weekly,weighted,0.0,region_09
2022-10-22,9,BN.1,0.01856190496307692,0.028321271833846154,0.011499968465,weekly,weighted,0.0,region_09
2022-10-29,9,BN.1,0.0255200114848,0.040620416254,0.014989596568,weekly,weighted,0.0,region_09
2022-11-05,9,BN.1,0.020111879177916667,0.02694105465625,0.014643407039583334,weekly,weighted,0.0,region_09
2022-11-12,9,BN.1,0.03226406216347826,0.038649909684347825,0.02667326804173913,weekly,weighted,0.0,region_09
2022-11-19,9,BN.1,0.03711306506909091,0.047301230952272726,0.028592658737272725,weekly,weighted,0.0,region_09
2022-11-26,9,BN.1,0.0356951320447619,0.04461152922666667,0.02815537970809524,weekly,weighted,0.0,region_09
2022-12-03,9,BN.1,0.0392910677945,0.0456012101855,0.033633583038,weekly,weighted,0.0,region_09
2022-12-10,9,BN.1,0.03708541922631579,0.042920190253157894,0.03184254644,weekly,weighted,0.0,region_09
2022-12-17,9,BN.1,0.04271598388,0.05459291839722222,0.03286786336,weekly,weighted,0.0,region_09
2022-12-24,9,BN.1,0.03887104746882353,0.04606591055470588,0.03252746219647058,weekly,weighted,0.0,region_09
2022-12-31,9,BN.1,0.040901875820625,0.0477782208475,0.03476321836875,weekly,weighted,0.0,region_09
2023-01-07,9,BN.1,0.030057904992,0.04291744877933333,0.02024512800066667,weekly,weighted,0.0,region_09
2023-01-14,9,BN.1,0.028625795884285713,0.03571817039357143,0.022609557956428574,weekly,weighted,0.0,region_09
2023-01-21,9,BN.1,0.025456282096923077,0.03912249637230769,0.01558916277923077,weekly,weighted,0.0,region_09
2023-01-28,9,BN.1,0.017131838094166667,0.02536510443333333,0.011040104785,weekly,weighted,0.0,region_09
2023-02-04,9,BN.1,0.01616270095090909,0.026897240599090908,0.008923957842727273,weekly,weighted,0.0,region_09
2023-02-11,9,BN.1,0.012071799485454546,0.020460463679545453,0.006500995611363637,weekly,weighted,,region_09
2023-02-18,9,BN.1,0.00798089802,0.01402368676,0.00407803338,weekly,weighted,0.0,region_09
2023-02-25,9,BN.1,0.0072402167100000005,0.012776301553333333,0.0036779852433333335,weekly,weighted,,region_09
2023-03-04,9,BN.1,0.0064995354,0.011528916346666666,0.0032779371066666667,weekly,weighted,,region_09
2023-03-11,9,BN.1,0.00575885409,0.01028153114,0.00287788897,weekly,weighted,0.0,region_09
2022-09-24,9,BQ.1,0.009655735239615383,0.016247309100384615,0.005252864390384616,weekly,weighted,0.0,region_09
2022-10-01,9,BQ.1,0.018018143379310344,0.023096438368965515,0.013811194530689654,weekly,weighted,0.0,region_09
2022-10-08,9,BQ.1,0.038007919144642854,0.05487142356785714,0.02519119710535714,weekly,weighted,0.0,region_09
2022-10-15,9,BQ.1,0.060280905277407405,0.07668153500148148,0.046482739073333335,weekly,weighted,0.0,region_09
2022-10-22,9,BQ.1,0.0831545668723077,0.10005886279500001,0.06829095832461539,weekly,weighted,0.0,region_09
2022-10-29,9,BQ.1,0.1320035347344,0.159126461744,0.10814177453519999,weekly,weighted,0.0,region_09
2022-11-05,9,BQ.1,0.15435696827875,0.17219064198375,0.137706441805,weekly,weighted,0.0,region_09
2022-11-12,9,BQ.1,0.19759474824391304,0.22238357365173914,0.17446108162391305,weekly,weighted,0.0,region_09
2022-11-19,9,BQ.1,0.2304309200159091,0.2511177943522727,0.21067834713181818,weekly,weighted,0.0,region_09
2022-11-26,9,BQ.1,0.26717917975952377,0.2949188848338095,0.24074923921190478,weekly,weighted,0.0,region_09
2022-12-03,9,BQ.1,0.2940402373675,0.3151344120505,0.2735936373465,weekly,weighted,0.0,region_09
2022-12-10,9,BQ.1,0.3114314189073684,0.33136660488157893,0.29201396201842106,weekly,weighted,0.0,region_09
2022-12-17,9,BQ.1,0.3099688440561111,0.3290918701216667,0.29133243362166666,weekly,weighted,0.0,region_09
2022-12-24,9,BQ.1,0.32814373514235295,0.355521447517647,0.3016417044047059,weekly,weighted,0.0,region_09
2022-12-31,9,BQ.1,0.30387440882625,0.323022359980625,0.28522854670875,weekly,weighted,0.0,region_09
2023-01-07,9,BQ.1,0.2613585889346667,0.284044158458,0.23959016005266667,weekly,weighted,0.0,region_09
2023-01-14,9,BQ.1,0.23464375840642857,0.251092364745,0.21877451240928572,weekly,weighted,0.0,region_09
2023-01-21,9,BQ.1,0.2052784275553846,0.23326720068153847,0.1792507595746154,weekly,weighted,0.0,region_09
2023-01-28,9,BQ.1,0.15572271496,0.17603590463583332,0.13691373790333333,weekly,weighted,0.0,region_09
2023-02-04,9,BQ.1,0.12686500833909092,0.14816610108636363,0.10762588747545454,weekly,weighted,0.0,region_09
2023-02-11,9,BQ.1,0.074019936845,0.1050462909025,0.0498760603375,weekly,weighted,0.0,region_09
2023-02-18,9,BQ.1,0.04984358656777778,0.06488238440555555,0.03745873644888889,weekly,weighted,0.0,region_09
2023-02-25,9,BQ.1,0.040525596590000004,0.05283611454,0.030393131075,weekly,weighted,0.0,region_09
2023-03-04,9,BQ.1,0.032544638960000004,0.0466453302625,0.022040013455,weekly,weighted,,region_09
2023-03-11,9,BQ.1,0.02456368133,0.040454545985,0.013686895835,weekly,weighted,0.0,region_09
2023-03-18,9,BQ.1,0.0150121795,0.02519267425,0.00817036442,weekly,weighted,0.0,region_09
2022-09-24,9,BQ.1.1,0.0032677768229411766,0.005705639966470589,0.0016881548594117647,weekly,weighted,0.0,region_09
2022-10-01,9,BQ.1.1,0.010844910485172414,0.015146113385517242,0.007530047606551724,weekly,weighted,0.0,region_09
2022-10-08,9,BQ.1.1,0.014064571786785714,0.022349945868214285,0.008307116887857144,weekly,weighted,0.0,region_09
2022-10-15,9,BQ.1.1,0.037355274238518525,0.047527267838518523,0.028850235596666666,weekly,weighted,0.0,region_09
2022-10-22,9,BQ.1.1,0.06506071039038462,0.08596305090692308,0.047977396502307694,weekly,weighted,0.0,region_09
2022-10-29,9,BQ.1.1,0.0982296338672,0.12470519453199999,0.0757746833564,weekly,weighted,0.0,region_09
2022-11-05,9,BQ.1.1,0.13212912653916667,0.14724541207083333,0.11808255997833333,weekly,weighted,0.0,region_09
2022-11-12,9,BQ.1.1,0.1616015745247826,0.19445958020826087,0.13235276807956523,weekly,weighted,0.0,region_09
2022-11-19,9,BQ.1.1,0.1963390233840909,0.22175872935545457,0.17265424538863636,weekly,weighted,0.0,region_09
2022-11-26,9,BQ.1.1,0.24777618618238095,0.26480434338238096,0.2313195949509524,weekly,weighted,0.0,region_09
2022-12-03,9,BQ.1.1,0.27162794917849997,0.2917510449895,0.252186819912,weekly,weighted,0.0,region_09
2022-12-10,9,BQ.1.1,0.30825251654526314,0.3431265118878947,0.27493850024210525,weekly,weighted,0.0,region_09
2022-12-17,9,BQ.1.1,0.33045654330055557,0.35625530779388886,0.3054316457783333,weekly,weighted,0.0,region_09
2022-12-24,9,BQ.1.1,0.35735909377823527,0.3951155368017647,0.3209881607247059,weekly,weighted,0.0,region_09
2022-12-31,9,BQ.1.1,0.38117114081875,0.4040892720225,0.358650231734375,weekly,weighted,0.0,region_09
2023-01-07,9,BQ.1.1,0.3887970745566667,0.41559750437866666,0.362495915094,weekly,weighted,0.0,region_09
2023-01-14,9,BQ.1.1,0.37017300299214284,0.3912995159614286,0.3494129202207143,weekly,weighted,0.0,region_09
2023-01-21,9,BQ.1.1,0.33470701254384616,0.36617177266230766,0.3043040014223077,weekly,weighted,0.0,region_09
2023-01-28,9,BQ.1.1,0.30495706200583333,0.3328423624241667,0.2781077822058333,weekly,weighted,0.0,region_09
2023-02-04,9,BQ.1.1,0.2170419191781818,0.25425067679454544,0.18297410011363635,weekly,weighted,0.0,region_09
2023-02-11,9,BQ.1.1,0.2106794402,0.234312355518,0.188426579535,weekly,weighted,0.0,region_09
2023-02-18,9,BQ.1.1,0.16672739386375,0.19821237586375,0.138425465675,weekly,weighted,0.0,region_09
2023-02-25,9,BQ.1.1,0.13381833476714286,0.21084475198142855,0.07789832353714286,weekly,weighted,0.0,region_09
2023-03-04,9,BQ.1.1,0.11630700422,0.17905542360714286,0.06991084665142858,weekly,weighted,0.0,region_09
2023-03-11,9,BQ.1.1,0.089634767425,0.14665489643833332,0.049815780175,weekly,weighted,0.0,region_09
2023-03-18,9,BQ.1.1,0.06803172826500001,0.106627184895,0.040986103935000004,weekly,weighted,0.0,region_09
2023-03-25,9,BQ.1.1,0.0476479572225,0.07699730247,0.027530481805000003,weekly,weighted,,region_09
2023-04-01,9,BQ.1.1,0.02726418618,0.047367420045,0.014074859675,weekly,weighted,0.0,region_09
2023-04-08,9,BQ.1.1,0.023953805156180556,0.04152752566520833,0.012409689869444445,weekly,weighted,,region_09
2023-04-15,9,BQ.1.1,0.020643424132361112,0.03568763128541667,0.01074452006388889,weekly,weighted,,region_09
2023-04-22,9,BQ.1.1,0.017333043108541668,0.029847736905625,0.009079350258333334,weekly,weighted,,region_09
2023-04-29,9,BQ.1.1,0.014022662084722222,0.024007842525833333,0.007414180452777778,weekly,weighted,,region_09
2023-05-06,9,BQ.1.1,0.010712281060902778,0.018167948146041668,0.005749010647222223,weekly,weighted,,region_09
2023-05-13,9,BQ.1.1,0.007401900037083333,0.01232805376625,0.004083840841666667,biweekly,weighted,0.0,region_09
2022-11-19,9,CH.1.1,0.0027987896444444443,0.004896601971111111,0.00144159706,weekly,weighted,0.0,region_09
2022-11-26,9,CH.1.1,0.0041194731975555555,0.006326993119555556,0.0025576729203333334,weekly,weighted,,region_09
2022-12-03,9,CH.1.1,0.005440156750666667,0.007757384268,0.003673748780666667,weekly,weighted,0.0,region_09
2022-12-10,9,CH.1.1,0.005275206734666666,0.007787221514000001,0.003413164352,weekly,weighted,0.0,region_09
2022-12-17,9,CH.1.1,0.0063264521446666664,0.009244474831333333,0.004148522360666667,weekly,weighted,0.0,region_09
2022-12-24,9,CH.1.1,0.006288120615333333,0.009854331923333333,0.0037660368419999996,weekly,weighted,0.0,region_09
2022-12-31,9,CH.1.1,0.009291886041999998,0.012927032510666668,0.006466757474666667,weekly,weighted,0.0,region_09
2023-01-07,9,CH.1.1,0.01046956244,0.018141897661428572,0.005453893915,weekly,weighted,0.0,region_09
2023-01-14,9,CH.1.1,0.016449473132142855,0.024401287415714287,0.010561008138571429,weekly,weighted,0.0,region_09
2023-01-21,9,CH.1.1,0.017453060986923077,0.02644660123230769,0.010915728356923077,weekly,weighted,0.0,region_09
2023-01-28,9,CH.1.1,0.017350194277499998,0.025639178543333335,0.0111999012675,weekly,weighted,0.0,region_09
2023-02-04,9,CH.1.1,0.01994333789,0.03193712234,0.01156222448,weekly,weighted,0.0,region_09
2023-02-11,9,CH.1.1,0.0122445521425,0.0191449495025,0.0073608196099999995,weekly,weighted,0.0,region_09
2023-02-18,9,CH.1.1,0.013838148851249999,0.021541220368125003,0.0083612241425,weekly,weighted,,region_09
2023-02-25,9,CH.1.1,0.01543174556,0.02393749123375,0.009361628675,weekly,weighted,0.0,region_09
2023-03-04,9,CH.1.1,0.013194584765,0.021135762100874998,0.0076796091855,weekly,weighted,,region_09
2023-03-11,9,CH.1.1,0.01095742397,0.018334032968,0.005997589696,weekly,weighted,0.0,region_09
2023-03-18,9,CH.1.1,0.011365822517499999,0.01921720244,0.0061338739475,weekly,weighted,0.0,region_09
2023-03-25,9,CH.1.1,0.008732576546666667,0.01412834258,0.005006572076666667,weekly,weighted,0.0,region_09
2023-04-01,9,CH.1.1,0.014754028683333335,0.02531776639333333,0.007783948753333333,weekly,weighted,0.0,region_09
2023-04-08,9,CH.1.1,0.014612174595,0.023915251715,0.00824493682,weekly,weighted,0.0,region_09
2023-04-15,9,CH.1.1,0.011147013848363637,0.014849590204727273,0.008168110302545455,biweekly,weighted,0.0,region_09
2023-04-22,9,CH.1.1,0.009102842097978115,0.013073287679122896,0.006138165534143098,biweekly,weighted,,region_09
2023-04-29,9,CH.1.1,0.007058670347592593,0.01129698515351852,0.004108220765740741,biweekly,weighted,0.0,region_09
2023-05-06,9,CH.1.1,0.007433058684267994,0.011441069651004544,0.004563127609662824,biweekly,weighted,,region_09
2023-05-13,9,CH.1.1,0.007807447020943396,0.011585154148490566,0.005018034453584906,biweekly,weighted,0.0,region_09
2023-05-20,9,CH.1.1,0.009864437011243262,0.015847008624939353,0.0057588740617958226,biweekly,weighted,,region_09
2023-05-27,9,CH.1.1,0.011921427001543129,0.02010886310138814,0.006499713670006738,biweekly,weighted,,region_09
2023-06-03,9,CH.1.1,0.013978416991842994,0.024370717577836928,0.007240553278217655,biweekly,weighted,,region_09
2023-06-10,9,CH.1.1,0.01603540698214286,0.028632572054285713,0.007981392886428572,biweekly,weighted,0.0,region_09
2023-06-17,9,CH.1.1,0.014583218665148811,0.025646855446651785,0.007434295224873512,biweekly,weighted,,region_09
2023-06-24,9,CH.1.1,0.013131030348154764,0.022661138839017856,0.006887197563318452,biweekly,weighted,,region_09
2023-07-01,9,CH.1.1,0.011678842031160715,0.019675422231383927,0.006340099901763393,biweekly,weighted,,region_09
2023-07-08,9,CH.1.1,0.010226653714166667,0.01668970562375,0.0057930022402083335,biweekly,weighted,0.0,region_09
2023-07-15,9,CH.1.1,0.013543048454638888,0.022013930428875,0.007715047773326388,biweekly,weighted,,region_09
2023-07-22,9,CH.1.1,0.01685944319511111,0.027338155234,0.009637093306444444,biweekly,weighted,0.0,region_09
2023-07-29,9,CH.1.1,0.013346322490444443,0.020924269862666666,0.007997595622888888,biweekly,weighted,,region_09
2023-08-05,9,CH.1.1,0.009833201785777778,0.014510384491333333,0.0063580979393333325,biweekly,weighted,0.0,region_09
2023-08-12,9,CH.1.1,0.0087252713035,0.013289953185791667,0.005445012020958333,biweekly,weighted,,region_09
2023-08-19,9,CH.1.1,0.007617340821222222,0.012069521880250001,0.004531926102583333,biweekly,weighted,,region_09
2023-08-26,9,CH.1.1,0.006509410338944444,0.010849090574708333,0.0036188401842083334,biweekly,weighted,,region_09
2023-09-02,9,CH.1.1,0.005401479856666666,0.009628659269166668,0.0027057542658333335,biweekly,weighted,0.0,region_09
2023-09-09,9,CH.1.1,0.005918256783630952,0.01014716510764881,0.003147052368779762,biweekly,weighted,,region_09
2023-09-16,9,CH.1.1,0.006435033710595239,0.010665670946130953,0.003588350471726191,biweekly,weighted,,region_09
2023-09-23,9,CH.1.1,0.006951810637559524,0.011184176784613096,0.004029648574672619,biweekly,weighted,,region_09
2023-09-30,9,CH.1.1,0.00746858756452381,0.011702682623095238,0.004470946677619048,biweekly,weighted,0.0,region_09
2023-10-07,9,CH.1.1,0.0072186628617741,0.011969164208986643,0.004018605823321719,biweekly,weighted,,region_09
2023-10-14,9,CH.1.1,0.0069687381590243895,0.012235645794878049,0.0035662649690243902,biweekly,weighted,0.0,region_09
2023-10-21,9,CH.1.1,0.008386751832887195,0.013736374237814025,0.004748526193887195,biweekly,weighted,,region_09
2023-10-28,9,CH.1.1,0.00980476550675,0.01523710268075,0.00593078741875,biweekly,weighted,0.0,region_09
2023-11-04,9,CH.1.1,0.008108851590348683,0.01321581136155921,0.004620454513453947,biweekly,weighted,,region_09
2023-11-11,9,CH.1.1,0.006412937673947368,0.011194520042368422,0.0033101216081578948,biweekly,weighted,0.0,region_09
2023-06-10,9,EG.5,0.034004653167894736,0.06061803216210526,0.016847144518421054,biweekly,weighted,0.0,region_09
2023-06-17,9,EG.5,0.034766627186192264,0.05470552254227712,0.020963351057475835,biweekly,weighted,,region_09
2023-06-24,9,EG.5,0.0355286012044898,0.04879301292244898,0.025079557596530612,biweekly,weighted,0.0,region_09
2023-07-01,9,EG.5,0.049738695693265306,0.06348302340795918,0.03836949768377551,biweekly,weighted,,region_09
2023-07-08,9,EG.5,0.06394879018204082,0.07817303389346938,0.0516594377710204,biweekly,weighted,0.0,region_09
2023-07-15,9,EG.5,0.08818790717654124,0.10517080190288053,0.07323047026936437,biweekly,weighted,,region_09
2023-07-22,9,EG.5,0.11242702417104167,0.13216856991229167,0.09480150276770834,biweekly,weighted,0.0,region_09
2023-07-29,9,EG.5,0.14875398292945702,0.16803002839625222,0.13106477614789672,biweekly,weighted,,region_09
2023-08-05,9,EG.5,0.18508094168787234,0.20389148688021277,0.1673280495280851,biweekly,weighted,0.0,region_09
2023-08-12,9,EG.5,0.19839579859143616,0.2154205630872803,0.18219730090904257,biweekly,weighted,,region_09
2023-08-19,9,EG.5,0.21171065549499998,0.22694963929434783,0.19706655229,biweekly,weighted,0.0,region_09
2023-08-26,9,EG.5,0.23306503253061112,0.25136867521872946,0.21549300825355555,biweekly,weighted,,region_09
2023-09-02,9,EG.5,0.2544194095662222,0.2757877111431111,0.2339194642171111,biweekly,weighted,0.0,region_09
2023-09-09,9,EG.5,0.2631897839029975,0.28524240580473736,0.242015473796851,biweekly,weighted,,region_09
2023-09-16,9,EG.5,0.27196015823977276,0.29469710046636366,0.2501114833765909,biweekly,weighted,0.0,region_09
2023-09-23,9,EG.5,0.2735427917309329,0.302867031437833,0.2456828803653885,biweekly,weighted,,region_09
2023-09-30,9,EG.5,0.27512542522209305,0.31103696240930234,0.24125427735418606,biweekly,weighted,0.0,region_09
2023-10-07,9,EG.5,0.27342688917687985,0.30409119753429403,0.24431566388661685,biweekly,weighted,,region_09
2023-10-14,9,EG.5,0.27172835313166666,0.2971454326592857,0.24737705041904762,biweekly,weighted,0.0,region_09
2023-10-21,9,EG.5,0.254972288504126,0.27868720408842335,0.23229071991586525,biweekly,weighted,,region_09
2023-10-28,9,EG.5,0.23821622387658536,0.26022897551756097,0.2172043894126829,biweekly,weighted,0.0,region_09
2023-11-04,9,EG.5,0.21058637068241767,0.23112849296490548,0.19110023270809146,biweekly,weighted,,region_09
2023-11-11,9,EG.5,0.18295651748824998,0.20202801041225,0.1649960760035,biweekly,weighted,0.0,region_09
2023-11-18,9,EG.5,0.170482598044766,0.18932650404958654,0.15284728531559616,biweekly,weighted,,region_09
2023-11-25,9,EG.5,0.15800867860128207,0.17662499768692308,0.14069849462769232,biweekly,weighted,0.0,region_09
2023-12-02,9,EG.5,0.13938832666853576,0.15640553568411944,0.12362066163384616,biweekly,weighted,,region_09
2023-12-09,9,EG.5,0.12076797473578947,0.1361860736813158,0.10654282864,biweekly,weighted,0.0,region_09
2023-12-16,9,EG.5,0.09253625579951635,0.10807462898457681,0.07881233852297298,biweekly,weighted,,region_09
2023-12-23,9,EG.5,0.06430453686324325,0.07996318428783784,0.05108184840594594,biweekly,weighted,0.0,region_09
2023-12-30,9,EG.5,0.052421742498010515,0.06584041519836337,0.041147215200195195,biweekly,weighted,,region_09
2024-01-06,9,EG.5,0.04053894813277778,0.05171764610888888,0.031212581994444447,biweekly,weighted,0.0,region_09
2024-01-13,9,EG.5,0.028250290639330065,0.03774904063415033,0.02070838834119281,biweekly,weighted,,region_09
2024-01-20,9,EG.5,0.015961633145882354,0.023780435159411764,0.010204194687941176,biweekly,weighted,0.0,region_09
2024-01-27,9,EG.5,0.01100702758627451,0.017272102719705883,0.006622805545637255,biweekly,weighted,,region_09
2024-02-03,9,EG.5,0.006052422026666666,0.010763770280000001,0.0030414164033333337,biweekly,weighted,0.0,region_09
2023-10-14,9,EG.5.1.8,0.005792294284736842,0.010264971147894738,0.002925829262631579,biweekly,weighted,0.0,region_09
2023-10-21,9,EG.5.1.8,0.006469403797368421,0.011100652039736841,0.003425007964868421,biweekly,weighted,,region_09
2023-10-28,9,EG.5.1.8,0.00714651331,0.011936332931578947,0.003924186667105263,biweekly,weighted,0.0,region_09
2023-11-04,9,EG.5.1.8,0.009354173536710525,0.01564011954348684,0.005126385666842105,biweekly,weighted,,region_09
2023-11-11,9,EG.5.1.8,0.011561833763421053,0.019343906155394736,0.006328584666578947,biweekly,weighted,,region_09
2023-11-18,9,EG.5.1.8,0.013769493990131578,0.023047692767302633,0.00753078366631579,biweekly,weighted,,region_09
2023-11-25,9,EG.5.1.8,0.015977154216842104,0.026751479379210526,0.008732982666052632,biweekly,weighted,0.0,region_09
2023-12-02,9,EG.5.1.8,0.014139317169096728,0.022322789334875533,0.00841818124735064,biweekly,weighted,,region_09
2023-12-09,9,EG.5.1.8,0.012301480121351353,0.017894099290540543,0.008103379828648649,biweekly,weighted,0.0,region_09
2023-12-16,9,EG.5.1.8,0.01143518472275901,0.016637452247075826,0.007529811812935436,biweekly,weighted,,region_09
2023-12-23,9,EG.5.1.8,0.010568889324166667,0.01538080520361111,0.006956243797222223,biweekly,weighted,0.0,region_09
2023-12-30,9,EG.5.1.8,0.008653480224289216,0.013283811336658496,0.005343535448905229,biweekly,weighted,,region_09
2024-01-06,9,EG.5.1.8,0.006738071124411764,0.011186817469705884,0.0037308271005882347,biweekly,weighted,0.0,region_09
2023-07-08,9,EG.6.1,0.012290066188085107,0.02037170505680851,0.0068116178536170215,biweekly,weighted,0.0,region_09
2023-07-15,9,EG.6.1,0.014516814949148936,0.02241392826,0.008886303148191489,biweekly,weighted,,region_09
2023-07-22,9,EG.6.1,0.016743563710212767,0.024456151463191488,0.010960988442765957,biweekly,weighted,0.0,region_09
2023-07-29,9,EG.6.1,0.022461541935550826,0.031376248087262415,0.015547048316494089,biweekly,weighted,,region_09
2023-08-05,9,EG.6.1,0.02817952016088889,0.038296344711333336,0.02013310819022222,biweekly,weighted,0.0,region_09
2023-08-12,9,EG.6.1,0.02454959142935749,0.033226742966753625,0.01763995072065459,biweekly,weighted,,region_09
2023-08-19,9,EG.6.1,0.020919662697826087,0.028157141222173915,0.015146793251086957,biweekly,weighted,0.0,region_09
2023-08-26,9,EG.6.1,0.024970519327357485,0.03170818723597585,0.019390771513321255,biweekly,weighted,,region_09
2023-09-02,9,EG.6.1,0.029021375956888886,0.035259233249777776,0.023634749775555554,biweekly,weighted,0.0,region_09
2023-09-09,9,EG.6.1,0.0274602415717399,0.03522104958932071,0.021080460194936868,biweekly,weighted,,region_09
2023-09-16,9,EG.6.1,0.02589910718659091,0.03518286592886363,0.018526170614318185,biweekly,weighted,0.0,region_09
2023-09-23,9,EG.6.1,0.02472346175771406,0.032780683051176006,0.018214930301112583,biweekly,weighted,,region_09
2023-09-30,9,EG.6.1,0.02354781632883721,0.030378500173488376,0.01790368998790698,biweekly,weighted,0.0,region_09
2023-10-07,9,EG.6.1,0.022646746251323367,0.029940568507220378,0.016741183012882063,biweekly,weighted,,region_09
2023-10-14,9,EG.6.1,0.021745676173809524,0.029502636840952383,0.015578676037857144,biweekly,weighted,0.0,region_09
2023-10-21,9,EG.6.1,0.01652756795357143,0.023601738147655676,0.011177509969056778,biweekly,weighted,,region_09
2023-10-28,9,EG.6.1,0.011309459733333332,0.017700839454358974,0.00677634390025641,biweekly,weighted,0.0,region_09
2023-11-04,9,EG.6.1,0.009137507694166666,0.014797123852311066,0.005242784947628205,biweekly,weighted,,region_09
2023-11-11,9,EG.6.1,0.006965555655,0.011893408250263159,0.003709225995,biweekly,weighted,0.0,region_09
2023-04-29,9,EU.1.1,0.004304456301,0.007229754441,0.0023470601764000003,biweekly,weighted,0.0,region_09
2023-05-06,9,EU.1.1,0.004221203190833333,0.007322847930166666,0.0022023497888666666,biweekly,weighted,,region_09
2023-05-13,9,EU.1.1,0.0041379500806666665,0.007415941419333333,0.0020576394013333333,biweekly,weighted,0.0,region_09
2023-05-20,9,EU.1.1,0.0052242191621041665,0.009116017301854167,0.0027002570786875,biweekly,weighted,,region_09
2023-05-27,9,EU.1.1,0.006310488243541666,0.010816093184375,0.0033428747560416664,biweekly,weighted,0.0,region_09
2023-06-10,9,FD.1.1,0.007120799788947369,0.01266388997,0.003576821389473684,biweekly,weighted,0.0,region_09
2023-06-17,9,FD.1.1,0.006921707061217836,0.012235621436222222,0.003509102548233918,biweekly,weighted,,region_09
2023-06-24,9,FD.1.1,0.006722614333488305,0.011807352902444444,0.003441383706994152,biweekly,weighted,,region_09
2023-07-01,9,FD.1.1,0.006523521605758772,0.011379084368666666,0.003373664865754386,biweekly,weighted,,region_09
2023-07-08,9,FD.1.1,0.00632442887802924,0.01095081583488889,0.00330594602451462,biweekly,weighted,,region_09
2023-07-15,9,FD.1.1,0.006125336150299708,0.010522547301111112,0.003238227183274854,biweekly,weighted,,region_09
2023-07-22,9,FD.1.1,0.005926243422570175,0.010094278767333334,0.0031705083420350876,biweekly,weighted,,region_09
2023-07-29,9,FD.1.1,0.005727150694840644,0.009666010233555556,0.0031027895007953218,biweekly,weighted,,region_09
2023-08-05,9,FD.1.1,0.005528057967111111,0.009237741699777778,0.0030350706595555555,biweekly,weighted,0.0,region_09
2023-01-07,9,FD.2,0.006178806535,0.0107395937675,0.0032088809524999998,weekly,weighted,0.0,region_09
2023-01-14,9,FD.2,0.011293117655,0.01873551961,0.0062515717,weekly,weighted,0.0,region_09
2023-01-21,9,FD.2,0.019257899372499998,0.0274239014825,0.013003202855,weekly,weighted,0.0,region_09
2023-01-28,9,FD.2,0.031594202855,0.0415588617325,0.02346387226,weekly,weighted,0.0,region_09
2023-02-04,9,FD.2,0.044851460492499995,0.0683772079675,0.027632649055,weekly,weighted,0.0,region_09
2023-02-11,9,FD.2,0.03159526611333333,0.04707139358,0.0201108139,weekly,weighted,0.0,region_09
2023-02-18,9,FD.2,0.049381291495,0.08038091845749999,0.027781310025,weekly,weighted,0.0,region_09
2023-02-25,9,FD.2,0.0672595948,0.1105273254225,0.03713789396,weekly,weighted,0.0,region_09
2023-03-04,9,FD.2,0.06839525141,0.1051244400425,0.041478095575,weekly,weighted,0.0,region_09
2023-03-11,9,FD.2,0.07458510808749999,0.12434854917,0.040232482365,weekly,weighted,0.0,region_09
2023-03-18,9,FD.2,0.062259498053124994,0.1033900906325,0.03383082547125,weekly,weighted,,region_09
2023-03-25,9,FD.2,0.04993388801875,0.082431632095,0.027429168577500003,weekly,weighted,,region_09
2023-04-01,9,FD.2,0.037608277984375,0.0614731735575,0.02102751168375,weekly,weighted,,region_09
2023-04-08,9,FD.2,0.02528266795,0.04051471502,0.01462585479,weekly,weighted,0.0,region_09
2023-04-15,9,FD.2,0.05176393632212766,0.09136910102510638,0.02584700888829787,biweekly,weighted,0.0,region_09
2023-04-22,9,FD.2,0.0444257115514342,0.07468888850301615,0.023983054460537823,biweekly,weighted,,region_09
2023-04-29,9,FD.2,0.03708748678074074,0.058008675980925926,0.022119100032777776,biweekly,weighted,0.0,region_09
2023-05-06,9,FD.2,0.027663678196691126,0.041105529929802584,0.017793448933275682,biweekly,weighted,,region_09
2023-05-13,9,FD.2,0.01823986961264151,0.024202383878679245,0.013467797833773585,biweekly,weighted,0.0,region_09
2023-05-20,9,FD.2,0.012466113055070754,0.017770304537777122,0.008535629736886792,biweekly,weighted,,region_09
2023-05-27,9,FD.2,0.0066923564974999995,0.011338225196875001,0.00360346164,biweekly,weighted,0.0,region_09
2023-06-03,9,FD.2,0.006824770122083333,0.011895177597881945,0.003532984888888889,biweekly,weighted,,region_09
2023-06-10,9,FD.2,0.0069571837466666665,0.012452129998888888,0.0034625081377777775,biweekly,weighted,0.0,region_09
2023-08-19,9,FE.1.1,0.00437925989,0.00786321517,0.00217145542,biweekly,weighted,0.0,region_09
2023-07-22,9,FL.1.5.1,0.010135215885531915,0.01583057291255319,0.0060902893089361705,biweekly,weighted,0.0,region_09
2023-07-29,9,FL.1.5.1,0.016022866215374652,0.022242264202254856,0.011260476511641998,biweekly,weighted,,region_09
2023-08-05,9,FL.1.5.1,0.02191051654521739,0.028653955491956522,0.016430663714347826,biweekly,weighted,0.0,region_09
2023-08-12,9,FL.1.5.1,0.0284284376948913,0.03617187471956522,0.02200438461804348,biweekly,weighted,,region_09
2023-08-19,9,FL.1.5.1,0.03494635884456521,0.04368979394717391,0.02757810552173913,biweekly,weighted,0.0,region_09
2023-08-26,9,FL.1.5.1,0.04450629559428261,0.05335083128792029,0.03682179968053623,biweekly,weighted,,region_09
2023-09-02,9,FL.1.5.1,0.054066232344,0.06301186862866667,0.04606549383933333,biweekly,weighted,0.0,region_09
2023-09-09,9,FL.1.5.1,0.060327747170977275,0.07697724594603789,0.0466058387235303,biweekly,weighted,,region_09
2023-09-16,9,FL.1.5.1,0.06658926199795455,0.09094262326340909,0.04714618360772727,biweekly,weighted,0.0,region_09
2023-09-23,9,FL.1.5.1,0.06906549429374471,0.08831314203100687,0.05313247298037527,biweekly,weighted,,region_09
2023-09-30,9,FL.1.5.1,0.07154172658953488,0.08568366079860465,0.05911876235302326,biweekly,weighted,0.0,region_09
2023-10-07,9,FL.1.5.1,0.07536927167191029,0.09483460937584995,0.058930227402940204,biweekly,weighted,,region_09
2023-10-14,9,FL.1.5.1,0.07919681675428572,0.10398555795309525,0.058741692452857146,biweekly,weighted,0.0,region_09
2023-10-21,9,FL.1.5.1,0.07532597634787457,0.09996823781727933,0.05517337943679443,biweekly,weighted,,region_09
2023-10-28,9,FL.1.5.1,0.07145513594146341,0.09595091768146341,0.05160506642073171,biweekly,weighted,0.0,region_09
2023-11-04,9,FL.1.5.1,0.058006498543606705,0.0785320040612317,0.04151806135074086,biweekly,weighted,,region_09
2023-11-11,9,FL.1.5.1,0.04455786114575,0.061113090440999995,0.031431056280750005,biweekly,weighted,0.0,region_09
2023-11-18,9,FL.1.5.1,0.04745541026890064,0.06744717203396153,0.03206636157678526,biweekly,weighted,,region_09
2023-11-25,9,FL.1.5.1,0.05035295939205128,0.07378125362692307,0.032701666872820515,biweekly,weighted,0.0,region_09
2023-12-02,9,FL.1.5.1,0.03770223075523617,0.053621405027014166,0.02549237594391026,biweekly,weighted,,region_09
2023-12-09,9,FL.1.5.1,0.02505150211842105,0.033461556427105264,0.018283085015000002,biweekly,weighted,0.0,region_09
2023-12-16,9,FL.1.5.1,0.021047476449389098,0.02942747941551692,0.014586422766250001,biweekly,weighted,,region_09
2023-12-23,9,FL.1.5.1,0.017043450780357145,0.02539340240392857,0.0108897605175,biweekly,weighted,0.0,region_09
2023-08-05,9,GE.1,0.0059773247168888885,0.009797309731111111,0.003369471218222222,biweekly,weighted,0.0,region_09
2023-08-12,9,GE.1,0.008915526944531401,0.013107843880772945,0.005833062474002415,biweekly,weighted,,region_09
2023-08-19,9,GE.1,0.011853729172173914,0.01641837803043478,0.008296653729782609,biweekly,weighted,0.0,region_09
2023-08-26,9,GE.1,0.012711565012198068,0.01758202716721739,0.008911218162224639,biweekly,weighted,,region_09
2023-09-02,9,GE.1,0.013569400852222222,0.018745676303999998,0.009525782594666667,biweekly,weighted,0.0,region_09
2023-09-09,9,GE.1,0.010741599445277777,0.01575491250295238,0.007043156917095238,biweekly,weighted,,region_09
2023-09-16,9,GE.1,0.007913798038333333,0.012764148701904761,0.004560531239523809,biweekly,weighted,0.0,region_09
2023-09-23,9,GE.1,0.009584247283809523,0.015037546621547618,0.005730581647619047,biweekly,weighted,,region_09
2023-09-30,9,GE.1,0.011254696529285714,0.017310944541190476,0.006900632055714286,biweekly,weighted,0.0,region_09
2023-10-07,9,GE.1,0.011473251047691637,0.017516977515107432,0.007101753053344948,biweekly,weighted,,region_09
2023-10-14,9,GE.1,0.01169180556609756,0.01772301048902439,0.00730287405097561,biweekly,weighted,0.0,region_09
2023-10-21,9,GE.1,0.010202384016548782,0.016139566716387194,0.006041993056862805,biweekly,weighted,,region_09
2023-10-28,9,GE.1,0.008712962467,0.01455612294375,0.00478111206275,biweekly,weighted,0.0,region_09
2023-11-04,9,GE.1,0.00786154240975,0.013566979032499999,0.004128678040125,biweekly,weighted,,region_09
2023-11-11,9,GE.1,0.0070101223525,0.01257783512125,0.0034762440175,biweekly,weighted,0.0,region_09
2023-08-19,9,GK.1.1,0.004524349372727273,0.007548362641363637,0.0024912786747727273,biweekly,weighted,0.0,region_09
2023-08-26,9,GK.1.1,0.006488011679312897,0.010199397826836681,0.003885656784509778,biweekly,weighted,,region_09
2023-09-02,9,GK.1.1,0.00845167398589852,0.012850433012309724,0.005280034894246829,biweekly,weighted,,region_09
2023-09-09,9,GK.1.1,0.010415336292484145,0.015501468197782768,0.006674413003983879,biweekly,weighted,,region_09
2023-09-16,9,GK.1.1,0.012378998599069768,0.018152503383255813,0.008068791113720929,biweekly,weighted,0.0,region_09
2023-09-23,9,GK.1.1,0.01495953140220155,0.02424135696696124,0.008605350253193797,biweekly,weighted,,region_09
2023-09-30,9,GK.1.1,0.01754006420533333,0.030330210550666665,0.009141909392666665,biweekly,weighted,0.0,region_09
2023-10-07,9,GK.1.1,0.018279951890761904,0.028346779946642857,0.011211256303238094,biweekly,weighted,,region_09
2023-10-14,9,GK.1.1,0.019019839576190477,0.02636334934261905,0.013280603213809524,biweekly,weighted,0.0,region_09
2023-10-21,9,GK.1.1,0.01547462207447024,0.022078034425809523,0.010444472634029763,biweekly,weighted,,region_09
2023-10-28,9,GK.1.1,0.011929404572750001,0.017792719509,0.00760834205425,biweekly,weighted,0.0,region_09
2023-11-04,9,GK.1.1,0.01205476053900658,0.018072199772,0.0076429605660723685,biweekly,weighted,,region_09
2023-11-11,9,GK.1.1,0.012180116505263159,0.018351680034999998,0.007677579077894736,biweekly,weighted,0.0,region_09
2023-11-18,9,GK.1.1,0.012268503674041836,0.01861684424775641,0.007662625699716598,biweekly,weighted,,region_09
2023-11-25,9,GK.1.1,0.012356890842820514,0.01888200846051282,0.007647672321538461,biweekly,weighted,0.0,region_09
2023-12-02,9,GK.1.1,0.008796473014624542,0.014028141436684982,0.005168763381662087,biweekly,weighted,,region_09
2023-12-09,9,GK.1.1,0.005236055186428571,0.009174274412857144,0.002689854441785714,biweekly,weighted,0.0,region_09
2023-12-16,9,GK.1.1,0.005857572684603175,0.009815602280178571,0.003209390186031746,biweekly,weighted,,region_09
2023-12-23,9,GK.1.1,0.006479090182777778,0.0104569301475,0.0037289259302777777,biweekly,weighted,0.0,region_09
2023-08-19,9,GK.2,0.004985135091363636,0.008122364112272728,0.0028343771231818184,biweekly,weighted,0.0,region_09
2023-08-26,9,GK.2,0.004392806901194639,0.0074019742001107235,0.002388868038642191,biweekly,weighted,,region_09
2023-09-02,9,GK.2,0.003800478711025641,0.006681584287948719,0.0019433589541025642,biweekly,weighted,0.0,region_09
2023-09-09,9,GK.2,0.004111709360144231,0.007167567285683761,0.0021284918903685898,biweekly,weighted,,region_09
2023-09-16,9,GK.2,0.004422940009262821,0.007653550283418804,0.0023136248266346156,biweekly,weighted,,region_09
2023-09-23,9,GK.2,0.00473417065838141,0.008139533281153846,0.002498757762900641,biweekly,weighted,,region_09
2023-09-30,9,GK.2,0.0050454013075,0.00862551627888889,0.002683890699166667,biweekly,weighted,0.0,region_09
2023-07-08,9,HF.1,0.00795625305,0.013723967569411764,0.004174557322647059,biweekly,weighted,0.0,region_09
2023-07-15,9,HF.1,0.011812353028777778,0.01785266640159477,0.007478166989434641,biweekly,weighted,,region_09
2023-07-22,9,HF.1,0.015668453007555556,0.021981365233777778,0.010781776656222222,biweekly,weighted,0.0,region_09
2023-07-29,9,HF.1,0.016209532144888888,0.022318962133666666,0.011415002929666667,biweekly,weighted,,region_09
2023-08-05,9,HF.1,0.01675061128222222,0.022656559033555554,0.012048229203111112,biweekly,weighted,0.0,region_09
2023-08-12,9,HF.1,0.017037870217555554,0.023172296666,0.012180839396555556,biweekly,weighted,,region_09
2023-08-19,9,HF.1,0.017325129152888887,0.023688034298444446,0.01231344959,biweekly,weighted,0.0,region_09
2023-08-26,9,HF.1,0.017754864071888886,0.023481258853000002,0.013136068338333334,biweekly,weighted,,region_09
2023-09-02,9,HF.1,0.018184598990888888,0.023274483407555557,0.013958687086666668,biweekly,weighted,0.0,region_09
2023-09-09,9,HF.1,0.015226972105560723,0.02015909471877778,0.011255097502286822,biweekly,weighted,,region_09
2023-09-16,9,HF.1,0.012269345220232559,0.01704370603,0.008551507917906978,biweekly,weighted,0.0,region_09
2023-09-23,9,HF.1,0.014647938570813954,0.020258693370930232,0.010283300712906977,biweekly,weighted,,region_09
2023-09-30,9,HF.1,0.01702653192139535,0.023473680711860467,0.012015093507906976,biweekly,weighted,0.0,region_09
2023-10-07,9,HF.1,0.016808443698197676,0.02354733013104928,0.011615822480501107,biweekly,weighted,,region_09
2023-10-14,9,HF.1,0.016590355475000002,0.023620979550238095,0.011216551453095238,biweekly,weighted,0.0,region_09
2023-10-21,9,HF.1,0.020225283829000004,0.028029624846369047,0.014141042712797619,biweekly,weighted,,region_09
2023-10-28,9,HF.1,0.023860212183000003,0.032438270142499996,0.017065533972499998,biweekly,weighted,0.0,region_09
2023-11-04,9,HF.1,0.01979192531475,0.02753322834625,0.013780982699499999,biweekly,weighted,,region_09
2023-11-11,9,HF.1,0.0157236384465,0.022628186550000002,0.010496431426499999,biweekly,weighted,0.0,region_09
2023-11-18,9,HF.1,0.011105341284857143,0.016890717943214287,0.006958739472535714,biweekly,weighted,,region_09
2023-11-25,9,HF.1,0.006487044123214285,0.011153249336428571,0.0034210475185714284,biweekly,weighted,0.0,region_09
2023-12-02,9,HF.1,0.006515727801746031,0.011093336717380952,0.003487098233035714,biweekly,weighted,,region_09
2023-12-09,9,HF.1,0.006544411480277778,0.011033424098333335,0.0035531489475000002,biweekly,weighted,0.0,region_09
2023-09-16,9,HK.3,0.011953111613333334,0.021194517240666667,0.006021013917333334,biweekly,weighted,0.0,region_09
2023-09-23,9,HK.3,0.015122480303527133,0.02282524118451938,0.009683389487968992,biweekly,weighted,,region_09
2023-09-30,9,HK.3,0.01829184899372093,0.02445596512837209,0.013345765058604651,biweekly,weighted,0.0,region_09
2023-10-07,9,HK.3,0.02607846872864618,0.03450088386323366,0.01925099218561185,biweekly,weighted,,region_09
2023-10-14,9,HK.3,0.033865088463571426,0.044545802598095235,0.02515621931261905,biweekly,weighted,0.0,region_09
2023-10-21,9,HK.3,0.032669850035932056,0.044947789807828105,0.023051668312894888,biweekly,weighted,,region_09
2023-10-28,9,HK.3,0.03147461160829269,0.045349777017560974,0.02094711731317073,biweekly,weighted,0.0,region_09
2023-11-04,9,HK.3,0.04445331035064634,0.05816842061140549,0.03342788263746036,biweekly,weighted,,region_09
2023-11-11,9,HK.3,0.057432009093,0.07098706420525,0.045908647961749996,biweekly,weighted,0.0,region_09
2023-11-18,9,HK.3,0.059967318427397436,0.07371514992890704,0.048177644761003204,biweekly,weighted,,region_09
2023-11-25,9,HK.3,0.06250262776179487,0.0764432356525641,0.05044664156025641,biweekly,weighted,0.0,region_09
2023-12-02,9,HK.3,0.05879141540379217,0.0736561464233873,0.046187087294338736,biweekly,weighted,,region_09
2023-12-09,9,HK.3,0.05508020304578948,0.07086905719421052,0.04192753302842105,biweekly,weighted,0.0,region_09
2023-12-16,9,HK.3,0.05465610061478663,0.07035972471575391,0.041616613023399716,biweekly,weighted,,region_09
2023-12-23,9,HK.3,0.05423199818378378,0.06985039223729729,0.04130569301837838,biweekly,weighted,0.0,region_09
2023-12-30,9,HK.3,0.040742622188697446,0.05266160671100976,0.0309216317365503,biweekly,weighted,,region_09
2024-01-06,9,HK.3,0.02725324619361111,0.035472821184722225,0.020537570454722223,biweekly,weighted,0.0,region_09
2023-08-05,9,HV.1,0.011565875043829789,0.01938060060851064,0.006316556168936171,biweekly,weighted,0.0,region_09
2023-08-12,9,HV.1,0.014291302940719241,0.021740303664146622,0.008955375939033302,biweekly,weighted,,region_09
2023-08-19,9,HV.1,0.017016730837608695,0.02410000671978261,0.011594195709130433,biweekly,weighted,0.0,region_09
2023-08-26,9,HV.1,0.023433394340804346,0.03496282763800242,0.014943409723565216,biweekly,weighted,,region_09
2023-09-02,9,HV.1,0.029850057844,0.04582564855622222,0.018292623738,biweekly,weighted,0.0,region_09
2023-09-09,9,HV.1,0.04462372469825,0.057985788640042925,0.034080081575363644,biweekly,weighted,,region_09
2023-09-16,9,HV.1,0.059397391552500005,0.07014592872386363,0.04986753941272728,biweekly,weighted,0.0,region_09
2023-09-23,9,HV.1,0.07854333250488636,0.09116447287965909,0.06720923313469697,biweekly,weighted,,region_09
2023-09-30,9,HV.1,0.09768927345727273,0.11218301703545454,0.08455092685666667,biweekly,weighted,0.0,region_09
2023-10-07,9,HV.1,0.12146255569077921,0.1414123044485606,0.10343017497630952,biweekly,weighted,,region_09
2023-10-14,9,HV.1,0.1452358379242857,0.17064159186166666,0.12230942309595239,biweekly,weighted,0.0,region_09
2023-10-21,9,HV.1,0.1836011078849477,0.2104068670369309,0.15893139945602497,biweekly,weighted,,region_09
2023-10-28,9,HV.1,0.22196637784560974,0.25017214221219514,0.19555337581609755,biweekly,weighted,0.0,region_09
2023-11-04,9,HV.1,0.2574247763560549,0.28261538720334756,0.23349793480604877,biweekly,weighted,,region_09
2023-11-11,9,HV.1,0.2928831748665,0.31505863219450003,0.271442493796,biweekly,weighted,0.0,region_09
2023-11-18,9,HV.1,0.3007989997381218,0.3289254768344295,0.273798029888641,biweekly,weighted,,region_09
2023-11-25,9,HV.1,0.3087148246097436,0.34279232147435895,0.27615356598128205,biweekly,weighted,0.0,region_09
2023-12-02,9,HV.1,0.3049431958522402,0.338755519122969,0.2726466804543253,biweekly,weighted,,region_09
2023-12-09,9,HV.1,0.30117156709473686,0.33471871677157894,0.26913979492736845,biweekly,weighted,0.0,region_09
2023-12-16,9,HV.1,0.2642306267131792,0.29452153640781653,0.2355230539451707,biweekly,weighted,,region_09
2023-12-23,9,HV.1,0.2272896863316216,0.25432435604405407,0.20190631296297298,biweekly,weighted,0.0,region_09
2023-12-30,9,HV.1,0.1815646486045608,0.20344698933661037,0.16111846417301426,biweekly,weighted,,region_09
2024-01-06,9,HV.1,0.13583961087750002,0.15256962262916668,0.12033061538305555,biweekly,weighted,0.0,region_09
2024-01-13,9,HV.1,0.10044684103433824,0.12244926346811275,0.08211958313961601,biweekly,weighted,,region_09
2024-01-20,9,HV.1,0.06505407119117647,0.09232890430705883,0.04390855089617647,biweekly,weighted,0.0,region_09
2024-01-27,9,HV.1,0.045546090723770055,0.06405820099080214,0.031144715837482177,biweekly,weighted,,region_09
2024-02-03,9,HV.1,0.02603811025636364,0.035787497674545456,0.01838088077878788,biweekly,weighted,0.0,region_09
2024-02-10,9,HV.1,0.019450817242214077,0.027999536883724342,0.013026981871168134,biweekly,weighted,,region_09
2024-02-17,9,HV.1,0.012863524228064516,0.020211576092903225,0.007673082963548386,biweekly,weighted,0.0,region_09
2023-09-16,9,JD.1.1,0.0036111587,0.006484290585,0.001791012125,biweekly,weighted,0.0,region_09
2023-09-23,9,JD.1.1,0.0056514619580000005,0.009208635601625,0.0032275882495000005,biweekly,weighted,,region_09
2023-09-30,9,JD.1.1,0.007691765216000001,0.011932980618249999,0.004664164374,biweekly,weighted,0.0,region_09
2023-10-07,9,JD.1.1,0.012123795332047618,0.018083862558529763,0.007738267888428572,biweekly,weighted,,region_09
2023-10-14,9,JD.1.1,0.016555825448095238,0.024234744498809527,0.010812371402857143,biweekly,weighted,0.0,region_09
2023-10-21,9,JD.1.1,0.025027923635511033,0.03453609594074623,0.017609017867648086,biweekly,weighted,,region_09
2023-10-28,9,JD.1.1,0.03350002182292683,0.04483744738268293,0.024405664332439028,biweekly,weighted,0.0,region_09
2023-11-04,9,JD.1.1,0.03785114583408841,0.04870940667421647,0.028889382461469514,biweekly,weighted,,region_09
2023-11-11,9,JD.1.1,0.04220226984525,0.052581365965750006,0.0333731005905,biweekly,weighted,0.0,region_09
2023-11-18,9,JD.1.1,0.042968283644419875,0.05363855702249039,0.03391694583358333,biweekly,weighted,,region_09
2023-11-25,9,JD.1.1,0.04373429744358975,0.05469574807923077,0.034460791076666664,biweekly,weighted,0.0,region_09
2023-12-02,9,JD.1.1,0.0451978408260054,0.0582293191594838,0.034414611430175435,biweekly,weighted,,region_09
2023-12-09,9,JD.1.1,0.04666138420842105,0.06176289023973684,0.03436843178368421,biweekly,weighted,0.0,region_09
2023-12-16,9,JD.1.1,0.04623360549515647,0.058506657415273826,0.03599213437954481,biweekly,weighted,,region_09
2023-12-23,9,JD.1.1,0.04580582678189189,0.05525042459081081,0.0376158369754054,biweekly,weighted,0.0,region_09
2023-12-30,9,JD.1.1,0.03790559216011261,0.04743630496415541,0.029916759096174923,biweekly,weighted,,region_09
2024-01-06,9,JD.1.1,0.030005357538333333,0.0396221853375,0.022217681216944445,biweekly,weighted,0.0,region_09
2024-01-13,9,JD.1.1,0.02610116737530952,0.035550870246749994,0.01864559291761508,biweekly,weighted,,region_09
2024-01-20,9,JD.1.1,0.022196977212285713,0.031479555156,0.015073504618285716,biweekly,weighted,0.0,region_09
2024-01-27,9,JD.1.1,0.016051051293400922,0.023631173082516128,0.010435555312852535,biweekly,weighted,,region_09
2024-02-03,9,JD.1.1,0.00990512537451613,0.01578279100903226,0.0057976060074193545,biweekly,weighted,0.0,region_09
2023-09-30,9,JF.1,0.009173425835238095,0.01506730821,0.005153307769047619,biweekly,weighted,0.0,region_09
2023-10-07,9,JF.1,0.01228300316297619,0.018627120115119047,0.007703022970357144,biweekly,weighted,,region_09
2023-10-14,9,JF.1,0.015392580490714286,0.022186932020238095,0.010252738171666668,biweekly,weighted,0.0,region_09
2023-10-21,9,JF.1,0.013762297948232144,0.020549607559494046,0.008779254718083333,biweekly,weighted,,region_09
2023-10-28,9,JF.1,0.01213201540575,0.01891228309875,0.007305771264499999,biweekly,weighted,0.0,region_09
2023-11-04,9,JF.1,0.01687418018725,0.0242340947505,0.011337888281624998,biweekly,weighted,,region_09
2023-11-11,9,JF.1,0.02161634496875,0.029555906402249997,0.01537000529875,biweekly,weighted,0.0,region_09
2023-11-18,9,JF.1,0.023421766256875,0.03312343937796711,0.015994305942006577,biweekly,weighted,,region_09
2023-11-25,9,JF.1,0.025227187545,0.036690972353684216,0.01661860658526316,biweekly,weighted,0.0,region_09
2023-12-02,9,JF.1,0.02061767279141892,0.03067014734427454,0.013231550073577526,biweekly,weighted,,region_09
2023-12-09,9,JF.1,0.01600815803783784,0.024649322334864866,0.009844493561891893,biweekly,weighted,0.0,region_09
2023-12-16,9,JF.1,0.01585901869003003,0.0231825055565991,0.010432456349418168,biweekly,weighted,,region_09
2023-12-23,9,JF.1,0.015709879342222222,0.021715688778333336,0.011020419136944444,biweekly,weighted,0.0,region_09
2023-10-28,9,JG.3,0.021301622525609756,0.02893650645487805,0.015254427610243903,biweekly,weighted,0.0,region_09
2023-11-04,9,JG.3,0.026877861326394623,0.03628397059090056,0.019371768126660412,biweekly,weighted,,region_09
2023-11-11,9,JG.3,0.03245410012717949,0.04363143472692308,0.023489108643076923,biweekly,weighted,0.0,region_09
2023-11-18,9,JG.3,0.03746290932410257,0.048946245262820515,0.02806915531474359,biweekly,weighted,,region_09
2023-11-25,9,JG.3,0.04247171852102564,0.05426105579871795,0.032649201986410255,biweekly,weighted,0.0,region_09
2023-12-02,9,JG.3,0.04003809215353914,0.05045609116041161,0.031273583713863025,biweekly,weighted,,region_09
2023-12-09,9,JG.3,0.03760446578605263,0.04665112652210526,0.02989796544131579,biweekly,weighted,0.0,region_09
2023-12-16,9,JG.3,0.03666884495262091,0.04883047568726885,0.02695986549282006,biweekly,weighted,,region_09
2023-12-23,9,JG.3,0.035733224119189194,0.05100982485243243,0.024021765544324326,biweekly,weighted,0.0,region_09
2023-12-30,9,JG.3,0.03205460207501126,0.043899112557743994,0.02275163666882883,biweekly,weighted,,region_09
2024-01-06,9,JG.3,0.028375980030833334,0.036788400263055555,0.021481507793333333,biweekly,weighted,0.0,region_09
2024-01-13,9,JG.3,0.022353628364130955,0.030885572252527776,0.015782182937809523,biweekly,weighted,,region_09
2024-01-20,9,JG.3,0.016331276697428572,0.024982744241999998,0.010082858082285715,biweekly,weighted,0.0,region_09
2024-01-27,9,JG.3,0.012772633544714286,0.019913987056749998,0.007698679216392857,biweekly,weighted,,region_09
2024-02-03,9,JG.3,0.009213990392,0.014845229871499999,0.0053145003504999995,biweekly,weighted,0.0,region_09
2023-11-11,9,JN.1,0.0319652928045,0.04185881186275,0.0239303364425,biweekly,weighted,0.0,region_09
2023-11-18,9,JN.1,0.05152414013430128,0.06379910265945192,0.041144019003685896,biweekly,weighted,,region_09
2023-11-25,9,JN.1,0.07108298746410256,0.08573939345615385,0.05835770156487179,biweekly,weighted,0.0,region_09
2023-12-02,9,JN.1,0.14408736214481443,0.1695216851418927,0.12115700821190958,biweekly,weighted,,region_09
2023-12-09,9,JN.1,0.21709173682552632,0.25330397682763156,0.18395631485894737,biweekly,weighted,0.0,region_09
2023-12-16,9,JN.1,0.3156503954770875,0.3622997207557077,0.27142833549541967,biweekly,weighted,,region_09
2023-12-23,9,JN.1,0.41420905412864867,0.4712954646837838,0.3589003561318919,biweekly,weighted,0.0,region_09
2023-12-30,9,JN.1,0.5254773445675187,0.5667327900639751,0.48481041251191814,biweekly,weighted,,region_09
2024-01-06,9,JN.1,0.6367456350063888,0.6621701154441666,0.6107204688919444,biweekly,weighted,0.0,region_09
2024-01-13,9,JN.1,0.7175658327723373,0.7466217687677976,0.6864839390159723,biweekly,weighted,,region_09
2024-01-20,9,JN.1,0.7983860305382857,0.8310734220914285,0.76224740914,biweekly,weighted,0.0,region_09
2024-01-27,9,JN.1,0.828726553842231,0.8548907897802731,0.79982337844,biweekly,weighted,,region_09
2024-02-03,9,JN.1,0.8590670771461765,0.8787081574691176,0.83739934774,biweekly,weighted,0.0,region_09
2024-02-10,9,JN.1,0.855571407340361,0.8763438413004678,0.8324314529831818,biweekly,weighted,,region_09
2024-02-17,9,JN.1,0.8520757375345455,0.8739795251318182,0.8274635582263636,biweekly,weighted,0.0,region_09
2024-02-24,9,JN.1,0.805196264109304,0.8323050297116903,0.7753217733947444,biweekly,weighted,,region_09
2024-03-02,9,JN.1,0.7583167906840624,0.7906305342915625,0.723179988563125,biweekly,weighted,0.0,region_09
2024-03-09,9,JN.1,0.7297588456121925,0.7626807283490071,0.6941140939393045,biweekly,weighted,,region_09
2024-03-16,9,JN.1,0.7012009005403226,0.7347309224064517,0.665048199315484,biweekly,weighted,0.0,region_09
2024-03-23,9,JN.1,0.6439849663036096,0.6811805153982258,0.6049774190677419,biweekly,weighted,,region_09
2024-03-30,9,JN.1,0.5867690320668966,0.62763010839,0.54490663882,biweekly,weighted,0.0,region_09
2024-04-06,9,JN.1,0.5290766903405911,0.5721534342682143,0.4856866546196429,biweekly,weighted,,region_09
2024-04-13,9,JN.1,0.47138434861428574,0.5166767601464286,0.4264666704192857,biweekly,weighted,0.0,region_09
2024-04-20,9,JN.1,0.40257645238750006,0.4439491927626786,0.3621843824425,biweekly,weighted,,region_09
2024-04-27,9,JN.1,0.3337685561607143,0.37122162537892855,0.2979020944657143,biweekly,weighted,0.0,region_09
2024-05-04,9,JN.1,0.28553710115091274,0.32179508452835315,0.2513372108495238,biweekly,weighted,,region_09
2024-05-11,9,JN.1,0.23730564614111113,0.27236854367777774,0.20477232723333336,biweekly,weighted,0.0,region_09
2024-05-18,9,JN.1,0.19369324258517095,0.22353718213292734,0.16627061173358976,biweekly,weighted,,region_09
2024-05-25,9,JN.1,0.15008083902923078,0.17470582058807693,0.12776889623384616,biweekly,weighted,0.0,region_09
2024-06-01,9,JN.1,0.1271659232330154,0.15258027191383847,0.10487965614212308,biweekly,weighted,,region_09
2024-06-08,9,JN.1,0.10425100743679999,0.1304547232396,0.0819904160504,biweekly,weighted,0.0,region_09
2024-06-15,9,JN.1,0.08802030742122609,0.10951024486327826,0.06976449170193913,biweekly,weighted,,region_09
2024-06-22,9,JN.1,0.07178960740565218,0.08856576648695652,0.05753856735347826,biweekly,weighted,0.0,region_09
2024-06-29,9,JN.1,0.056098370474871546,0.07166338509461462,0.04324317143014822,biweekly,weighted,,region_09
2024-07-06,9,JN.1,0.04040713354409091,0.05476100370227273,0.028947775506818183,biweekly,weighted,0.0,region_09
2024-07-13,9,JN.1,0.039626540955454544,0.05381501228886364,0.028332448141136363,biweekly,weighted,,region_09
2024-07-20,9,JN.1,0.03884594836681818,0.05286902087545454,0.027717120775454542,biweekly,weighted,0.0,region_09
2024-07-27,9,JN.1,0.033764232805075754,0.046394406531060604,0.023820985910584416,biweekly,weighted,,region_09
2024-08-03,9,JN.1,0.028682517243333334,0.03991979218666667,0.019924851045714287,biweekly,weighted,0.0,region_09
2024-08-10,9,JN.1,0.028800075492666666,0.03958721015458334,0.02031069468010714,biweekly,weighted,,region_09
2024-08-17,9,JN.1,0.028917633741999998,0.0392546281225,0.0206965383145,biweekly,weighted,0.0,region_09
2024-08-24,9,JN.1,0.022811133513058822,0.032123428824779414,0.015655567831073528,biweekly,weighted,,region_09
2024-08-31,9,JN.1,0.016704633284117646,0.024992229527058825,0.010614597347647059,biweekly,weighted,0.0,region_09
2024-09-07,9,JN.1,0.012938415557058824,0.020075059651029414,0.007861165217752101,biweekly,weighted,,region_09
2024-09-14,9,JN.1,0.009172197830000001,0.015157889775,0.005107733087857142,biweekly,weighted,0.0,region_09
2024-09-21,9,JN.1,0.012611729291666669,0.021380288005833335,0.006772125438928571,biweekly,weighted,,region_09
2024-09-28,9,JN.1,0.016051260753333334,0.02760268623666667,0.00843651779,biweekly,weighted,0.0,region_09
2024-10-05,9,JN.1,0.015344484098974358,0.02613132807679487,0.008180477585,biweekly,weighted,,region_09
2024-10-12,9,JN.1,0.014637707444615384,0.024659969916923076,0.00792443738,biweekly,weighted,0.0,region_09
2024-03-16,9,JN.1.11.1,0.016807060066666667,0.029678304370000002,0.008500812106666667,biweekly,weighted,0.0,region_09
2024-03-23,9,JN.1.11.1,0.02280164790454023,0.036657796199137935,0.013228074348678162,biweekly,weighted,,region_09
2024-03-30,9,JN.1.11.1,0.02879623574241379,0.043637288028275864,0.017955336590689656,biweekly,weighted,0.0,region_09
2024-04-06,9,JN.1.11.1,0.02978410643906404,0.046911871306816504,0.017667010228916258,biweekly,weighted,,region_09
2024-04-13,9,JN.1.11.1,0.030771977135714286,0.05018645458535714,0.017378683867142856,biweekly,weighted,0.0,region_09
2024-04-20,9,JN.1.11.1,0.04145766428605714,0.06706619676527857,0.023586755224571425,biweekly,weighted,,region_09
2024-04-27,9,JN.1.11.1,0.0521433514364,0.0839459389452,0.029794826581999997,biweekly,weighted,0.0,region_09
2024-05-04,9,JN.1.11.1,0.045248345733199996,0.0712175691124,0.0267479652168,biweekly,weighted,,region_09
2024-05-11,9,JN.1.11.1,0.038353340029999995,0.0584891992796,0.0237011038516,biweekly,weighted,0.0,region_09
2024-05-18,9,JN.1.11.1,0.0364921997492,0.057489457875,0.0216679491474,biweekly,weighted,,region_09
2024-05-25,9,JN.1.11.1,0.0346310594684,0.0564897164704,0.0196347944432,biweekly,weighted,0.0,region_09
2024-06-01,9,JN.1.11.1,0.025649989071699998,0.04170725264484286,0.014599524205528572,biweekly,weighted,,region_09
2024-06-08,9,JN.1.11.1,0.016668918674999998,0.026924788819285717,0.009564253967857142,biweekly,weighted,0.0,region_09
2024-06-15,9,JN.1.11.1,0.016752651387272728,0.02670117118055195,0.009796491168246753,biweekly,weighted,,region_09
2024-06-22,9,JN.1.11.1,0.016836384099545455,0.026477553541818185,0.010028728368636363,biweekly,weighted,0.0,region_09
2024-06-29,9,JN.1.11.1,0.012800909485606062,0.020983714750909092,0.007235330972651515,biweekly,weighted,,region_09
2024-07-06,9,JN.1.11.1,0.008765434871666667,0.015489875960000002,0.004441933576666666,biweekly,weighted,0.0,region_09
2024-07-13,9,JN.1.11.1,0.008752970870833335,0.01490610101894737,0.004688545125964913,biweekly,weighted,,region_09
2024-07-20,9,JN.1.11.1,0.008740506870000001,0.014322326077894737,0.004935156675263158,biweekly,weighted,0.0,region_09
2024-03-16,9,JN.1.13.1,0.018792509711034484,0.030867238947241377,0.01052945332,biweekly,weighted,0.0,region_09
2024-03-23,9,JN.1.13.1,0.02080287763184692,0.034217425589595084,0.011622179563939393,biweekly,weighted,,region_09
2024-03-30,9,JN.1.13.1,0.02281324555265935,0.037567612231948794,0.012714905807878788,biweekly,weighted,,region_09
2024-04-06,9,JN.1.13.1,0.024823613473471787,0.040917798874302504,0.013807632051818182,biweekly,weighted,,region_09
2024-04-13,9,JN.1.13.1,0.026833981394284223,0.044267985516656214,0.014900358295757577,biweekly,weighted,,region_09
2024-04-20,9,JN.1.13.1,0.028844349315096655,0.047618172159009924,0.01599308453969697,biweekly,weighted,,region_09
2024-04-27,9,JN.1.13.1,0.03085471723590909,0.050968358801363634,0.017085810783636364,biweekly,weighted,0.0,region_09
2024-03-02,9,JN.1.16,0.014101099262083333,0.022704721971249998,0.008130577761666667,biweekly,weighted,0.0,region_09
2024-03-09,9,JN.1.16,0.01556389109621408,0.025689186654935345,0.008674634532385057,biweekly,weighted,,region_09
2024-03-16,9,JN.1.16,0.017026682930344827,0.02867365133862069,0.009218691303103448,biweekly,weighted,0.0,region_09
2024-03-23,9,JN.1.16,0.022361997135672412,0.03794226957881035,0.011962334539051725,biweekly,weighted,,region_09
2024-03-30,9,JN.1.16,0.027697311340999998,0.047210887819,0.014705977775,biweekly,weighted,0.0,region_09
2024-04-06,9,JN.1.16,0.026027560047999998,0.044446910871375,0.013793468604375001,biweekly,weighted,,region_09
2024-04-13,9,JN.1.16,0.024357808755,0.04168293392375,0.01288095943375,biweekly,weighted,0.0,region_09
2024-04-20,9,JN.1.16,0.033205240965384616,0.05495471405245192,0.01836914164033654,biweekly,weighted,,region_09
2024-04-27,9,JN.1.16,0.04205267317576923,0.06822649418115384,0.023857323846923077,biweekly,weighted,0.0,region_09
2024-05-04,9,JN.1.16,0.04799309279788462,0.08016845225557692,0.026062709478461538,biweekly,weighted,,region_09
2024-05-11,9,JN.1.16,0.05393351242,0.09211041033,0.02826809511,biweekly,weighted,0.0,region_09
2024-05-18,9,JN.1.16,0.039709907137400004,0.06488153740659999,0.0223562827542,biweekly,weighted,,region_09
2024-05-25,9,JN.1.16,0.0254863018548,0.037652664483199996,0.0164444703984,biweekly,weighted,0.0,region_09
2024-06-01,9,JN.1.16,0.02302405477921818,0.03413135545841818,0.014829060636472727,biweekly,weighted,,region_09
2024-06-08,9,JN.1.16,0.020561807703636362,0.030610046433636365,0.013213650874545456,biweekly,weighted,0.0,region_09
2024-06-15,9,JN.1.16,0.01812898277374126,0.026944075717202795,0.01165681410034965,biweekly,weighted,,region_09
2024-06-22,9,JN.1.16,0.015696157843846155,0.02327810500076923,0.010099977326153847,biweekly,weighted,0.0,region_09
2024-06-29,9,JN.1.16,0.013039178182478633,0.020174498633440167,0.00796498894724359,biweekly,weighted,,region_09
2024-07-06,9,JN.1.16,0.010382198521111111,0.01707089226611111,0.005830000568333334,biweekly,weighted,0.0,region_09
2024-05-11,9,JN.1.16.1,0.019934777166666667,0.03275579524333334,0.011177142773333334,biweekly,weighted,0.0,region_09
2024-05-18,9,JN.1.16.1,0.020896406134733335,0.03372112228106667,0.012004427531666667,biweekly,weighted,,region_09
2024-05-25,9,JN.1.16.1,0.0218580351028,0.0346864493188,0.012831712289999998,biweekly,weighted,0.0,region_09
2024-06-01,9,JN.1.16.1,0.0252674290538,0.0373447212576,0.016371483877,biweekly,weighted,,region_09
2024-06-08,9,JN.1.16.1,0.028676823004799998,0.0400029931964,0.019911255464,biweekly,weighted,0.0,region_09
2024-06-15,9,JN.1.16.1,0.021655517022172728,0.0312944197132,0.014418343552454546,biweekly,weighted,,region_09
2024-06-22,9,JN.1.16.1,0.014634211039545457,0.022585846229999998,0.00892543164090909,biweekly,weighted,0.0,region_09
2024-06-29,9,JN.1.16.1,0.014216260434318184,0.02130411404431818,0.009018019656590909,biweekly,weighted,,region_09
2024-07-06,9,JN.1.16.1,0.013798309829090909,0.020022381858636366,0.009110607672272729,biweekly,weighted,0.0,region_09
2024-07-13,9,JN.1.16.1,0.013830744661818183,0.020438124255681818,0.00893482612409091,biweekly,weighted,,region_09
2024-07-20,9,JN.1.16.1,0.013863179494545456,0.020853866652727274,0.00875904457590909,biweekly,weighted,0.0,region_09
2024-07-27,9,JN.1.16.1,0.013796993944272728,0.021976161430113637,0.008108847086954545,biweekly,weighted,,region_09
2024-08-03,9,JN.1.16.1,0.013730808394,0.0230984562075,0.007458649598,biweekly,weighted,0.0,region_09
2024-08-10,9,JN.1.16.1,0.013043677211145834,0.021878615516249998,0.007114995983229166,biweekly,weighted,,region_09
2024-08-17,9,JN.1.16.1,0.012356546028291667,0.020658774825,0.006771342368458333,biweekly,weighted,,region_09
2024-08-24,9,JN.1.16.1,0.011669414845437499,0.019438934133750002,0.0064276887536875,biweekly,weighted,,region_09
2024-08-31,9,JN.1.16.1,0.010982283662583333,0.0182190934425,0.006084035138916667,biweekly,weighted,,region_09
2024-09-07,9,JN.1.16.1,0.010295152479729166,0.01699925275125,0.005740381524145834,biweekly,weighted,,region_09
2024-09-14,9,JN.1.16.1,0.009608021296875,0.01577941206,0.005396727909375,biweekly,weighted,0.0,region_09
2024-09-21,9,JN.1.16.1,0.011980119770937499,0.020264421445,0.0064574346046874995,biweekly,weighted,,region_09
2024-09-28,9,JN.1.16.1,0.014352218245,0.024749430830000002,0.0075181412999999996,biweekly,weighted,0.0,region_09
2024-02-03,9,JN.1.18,0.007650581757777778,0.013295942503333333,0.003972652368888888,biweekly,weighted,0.0,region_09
2024-02-10,9,JN.1.18,0.007221090440763888,0.012671531087604167,0.0036991415691319442,biweekly,weighted,,region_09
2024-02-17,9,JN.1.18,0.0067915991237499996,0.012047119671875,0.003425630769375,biweekly,weighted,0.0,region_09
2024-02-24,9,JN.1.18,0.010570248836160714,0.0177164217959375,0.005781832563973214,biweekly,weighted,,region_09
2024-03-02,9,JN.1.18,0.014348898548571428,0.023385723919999997,0.008138034358571428,biweekly,weighted,0.0,region_09
2024-03-09,9,JN.1.18,0.014488015649785715,0.024444680407999998,0.007839390335785713,biweekly,weighted,,region_09
2024-03-16,9,JN.1.18,0.014627132751,0.025503636896,0.007540746313,biweekly,weighted,0.0,region_09
2024-03-23,9,JN.1.18,0.0257068753865,0.04031947584183333,0.015402561721166665,biweekly,weighted,,region_09
2024-03-30,9,JN.1.18,0.036786618022,0.055135314787666666,0.02326437712933333,biweekly,weighted,0.0,region_09
2024-04-06,9,JN.1.18,0.031543505145666666,0.04828053566908333,0.019470770773666664,biweekly,weighted,,region_09
2024-04-13,9,JN.1.18,0.026300392269333332,0.0414257565505,0.015677164418,biweekly,weighted,,region_09
2024-04-20,9,JN.1.18,0.021057279393,0.034570977431916665,0.011883558062333332,biweekly,weighted,,region_09
2024-04-27,9,JN.1.18,0.015814166516666665,0.027716198313333332,0.008089951706666666,biweekly,weighted,0.0,region_09
2024-05-04,9,JN.1.18,0.016036669353019322,0.027609109440603866,0.008435656739830917,biweekly,weighted,,region_09
2024-05-11,9,JN.1.18,0.01625917218937198,0.027502020567874395,0.00878136177299517,biweekly,weighted,,region_09
2024-05-18,9,JN.1.18,0.016481675025724635,0.027394931695144925,0.00912706680615942,biweekly,weighted,,region_09
2024-05-25,9,JN.1.18,0.016704177862077296,0.02728784282241546,0.009472771839323671,biweekly,weighted,,region_09
2024-06-01,9,JN.1.18,0.016926680698429952,0.02718075394968599,0.009818476872487924,biweekly,weighted,,region_09
2024-06-08,9,JN.1.18,0.01714918353478261,0.02707366507695652,0.010164181905652174,biweekly,weighted,0.0,region_09
2024-06-15,9,JN.1.18,0.02089347608602767,0.03173603395802371,0.013080267486007904,biweekly,weighted,,region_09
2024-06-22,9,JN.1.18,0.02463776863727273,0.03639840283909091,0.015996353066363635,biweekly,weighted,0.0,region_09
2024-06-29,9,JN.1.18,0.018597958537583732,0.028982882575598085,0.011311940065813396,biweekly,weighted,,region_09
2024-07-06,9,JN.1.18,0.012558148437894736,0.02156736231210526,0.006627527065263157,biweekly,weighted,0.0,region_09
2024-07-13,9,JN.1.18,0.014798834135296052,0.024728372773141445,0.008125648397072367,biweekly,weighted,,region_09
2024-07-20,9,JN.1.18,0.017039519832697365,0.027889383234177632,0.009623769728881577,biweekly,weighted,,region_09
2024-07-27,9,JN.1.18,0.019280205530098682,0.031050393695213816,0.01112189106069079,biweekly,weighted,,region_09
2024-08-03,9,JN.1.18,0.0215208912275,0.03421140415625,0.0126200123925,biweekly,weighted,0.0,region_09
2024-08-10,9,JN.1.18,0.017296717455999998,0.027027273271375,0.0103968919955,biweekly,weighted,,region_09
2024-08-17,9,JN.1.18,0.013072543684499999,0.0198431423865,0.0081737715985,biweekly,weighted,0.0,region_09
2024-08-24,9,JN.1.18,0.013183896606610294,0.020433216203992646,0.00803082309872794,biweekly,weighted,,region_09
2024-08-31,9,JN.1.18,0.013295249528720587,0.021023290021485293,0.007887874598955883,biweekly,weighted,,region_09
2024-09-07,9,JN.1.18,0.013406602450830881,0.021613363838977943,0.0077449260991838235,biweekly,weighted,,region_09
2024-09-14,9,JN.1.18,0.013517955372941176,0.02220343765647059,0.007601977599411765,biweekly,weighted,0.0,region_09
2024-09-21,9,JN.1.18,0.01261154061,0.020781150828235295,0.007079965811764706,biweekly,weighted,,region_09
2024-09-28,9,JN.1.18,0.011705125847058823,0.019358864,0.0065579540241176475,biweekly,weighted,0.0,region_09
2024-08-17,9,JN.1.18.6,0.008888076059166666,0.01561261364,0.0045426300883333335,biweekly,weighted,0.0,region_09
2024-08-24,9,JN.1.18.6,0.008546107304951922,0.01496647295923077,0.004387713530096154,biweekly,weighted,,region_09
2024-08-31,9,JN.1.18.6,0.00820413855073718,0.014320332278461538,0.004232796971858974,biweekly,weighted,,region_09
2024-09-07,9,JN.1.18.6,0.007862169796522437,0.013674191597692308,0.004077880413621795,biweekly,weighted,,region_09
2024-09-14,9,JN.1.18.6,0.007520201042307693,0.013028050916923077,0.003922963855384615,biweekly,weighted,0.0,region_09
2024-09-21,9,JN.1.18.6,0.009673915946923076,0.015986711683076922,0.005395484130384615,biweekly,weighted,,region_09
2024-09-28,9,JN.1.18.6,0.01182763085153846,0.01894537244923077,0.006868004405384615,biweekly,weighted,0.0,region_09
2024-03-02,9,JN.1.32,0.013116283423043478,0.02140430668826087,0.007426671825217391,biweekly,weighted,0.0,region_09
2024-03-09,9,JN.1.32,0.01441542856811594,0.023980570161195654,0.007950920329746376,biweekly,weighted,,region_09
2024-03-16,9,JN.1.32,0.015714573713188407,0.026556833634130434,0.008475168834275362,biweekly,weighted,,region_09
2024-03-23,9,JN.1.32,0.01701371885826087,0.029133097107065214,0.008999417338804347,biweekly,weighted,,region_09
2024-03-30,9,JN.1.32,0.018312864003333332,0.03170936058,0.009523665843333333,biweekly,weighted,0.0,region_09
2024-04-06,9,JN.1.32,0.018636275406777775,0.032051530936,0.009789514117611111,biweekly,weighted,,region_09
2024-04-13,9,JN.1.32,0.018959686810222223,0.032393701292,0.010055362391888888,biweekly,weighted,,region_09
2024-04-20,9,JN.1.32,0.019283098213666666,0.032735871648,0.010321210666166666,biweekly,weighted,,region_09
2024-04-27,9,JN.1.32,0.01960650961711111,0.033078042004000004,0.010587058940444444,biweekly,weighted,,region_09
2024-05-04,9,JN.1.32,0.019929921020555557,0.03342021236,0.010852907214722221,biweekly,weighted,,region_09
2024-05-11,9,JN.1.32,0.020253332424,0.033762382716,0.011118755489,biweekly,weighted,0.0,region_09
2024-03-02,9,JN.1.4.3,0.010273868805185184,0.01779510474111111,0.005355001064444444,biweekly,weighted,0.0,region_09
2024-03-09,9,JN.1.4.3,0.01204570021925926,0.02114566425936508,0.0061552595481746035,biweekly,weighted,,region_09
2024-03-16,9,JN.1.4.3,0.013817531633333333,0.024496223777619047,0.006955518031904763,biweekly,weighted,0.0,region_09
2024-02-03,9,JN.1.7,0.018291399254666666,0.026111051812666666,0.012321852830333333,biweekly,weighted,0.0,region_09
2024-02-10,9,JN.1.7,0.025925931427333335,0.037821202849166666,0.016988715932666664,biweekly,weighted,,region_09
2024-02-17,9,JN.1.7,0.0335604636,0.049531353885666665,0.021655579034999997,biweekly,weighted,0.0,region_09
2024-02-24,9,JN.1.7,0.05396684895633333,0.07154462902483333,0.03987257077016666,biweekly,weighted,,region_09
2024-03-02,9,JN.1.7,0.07437323431266667,0.093557904164,0.058089562505333335,biweekly,weighted,0.0,region_09
2024-03-09,9,JN.1.7,0.07226521807483333,0.09359303005,0.05465015290933334,biweekly,weighted,,region_09
2024-03-16,9,JN.1.7,0.070157201837,0.09362815593599999,0.051210743313333335,biweekly,weighted,0.0,region_09
2024-03-23,9,JN.1.7,0.08117587257677586,0.10640286957799999,0.06043895338942529,biweekly,weighted,,region_09
2024-03-30,9,JN.1.7,0.09219454331655172,0.11917758322,0.06966716346551724,biweekly,weighted,0.0,region_09
2024-04-06,9,JN.1.7,0.11512798681113301,0.14473298385642858,0.08979221474650861,biweekly,weighted,,region_09
2024-04-13,9,JN.1.7,0.1380614303057143,0.17028838449285713,0.1099172660275,biweekly,weighted,0.0,region_09
2024-04-20,9,JN.1.7,0.12673139931410715,0.15681348847499998,0.10062521150625,biweekly,weighted,,region_09
2024-04-27,9,JN.1.7,0.1154013683225,0.14333859245714287,0.091333156985,biweekly,weighted,0.0,region_09
2024-05-04,9,JN.1.7,0.10635797838625,0.14488917613838626,0.07586552322546296,biweekly,weighted,,region_09
2024-05-11,9,JN.1.7,0.09731458845,0.14643975981962964,0.060397889465925926,biweekly,weighted,0.0,region_09
2024-05-18,9,JN.1.7,0.07375363755346154,0.1089081330294302,0.04713420960430911,biweekly,weighted,,region_09
2024-05-25,9,JN.1.7,0.05019268665692308,0.07137650623923077,0.03387052974269231,biweekly,weighted,0.0,region_09
2024-06-01,9,JN.1.7,0.0375725920606044,0.05658493324068681,0.023726340296703296,biweekly,weighted,,region_09
2024-06-08,9,JN.1.7,0.024952497464285715,0.041793360242142856,0.013582150850714287,biweekly,weighted,0.0,region_09
2024-06-15,9,JN.1.7,0.022956599546925464,0.0362837780617236,0.013625038663400622,biweekly,weighted,,region_09
2024-06-22,9,JN.1.7,0.020960701629565218,0.030774195881304346,0.013667926476086957,biweekly,weighted,0.0,region_09
2024-06-29,9,JN.1.7,0.015818978109328065,0.0236155090129249,0.010102518584179841,biweekly,weighted,,region_09
2024-07-06,9,JN.1.7,0.01067725458909091,0.016456822144545455,0.0065371106922727275,biweekly,weighted,0.0,region_09
2024-07-13,9,JN.1.7,0.009181876127640693,0.014559644446320347,0.005419086239945888,biweekly,weighted,,region_09
2024-07-20,9,JN.1.7,0.0076864976661904765,0.01266246674809524,0.004301061787619047,biweekly,weighted,0.0,region_09
2024-01-06,9,JN.1.8.1,0.0068782064399999995,0.012198263957619047,0.0034696917342857147,biweekly,weighted,0.0,region_09
2024-01-13,9,JN.1.8.1,0.006804556334833333,0.011917903844309524,0.0034957600478095242,biweekly,weighted,,region_09
2024-01-20,9,JN.1.8.1,0.006730906229666667,0.011637543731,0.0035218283613333333,biweekly,weighted,0.0,region_09
2024-01-27,9,JN.1.8.1,0.009195320944333334,0.014722423146166667,0.005366597779333333,biweekly,weighted,,region_09
2024-02-03,9,JN.1.8.1,0.011659735659,0.017807302561333335,0.007211367197333333,biweekly,weighted,0.0,region_09
2024-02-10,9,JN.1.8.1,0.013869590219166665,0.020671464937,0.0088533653575,biweekly,weighted,,region_09
2024-02-17,9,JN.1.8.1,0.016079444779333332,0.023535627312666667,0.010495363517666667,biweekly,weighted,0.0,region_09
2024-02-24,9,JN.1.8.1,0.026509475629833332,0.03754542112966667,0.018024496842666667,biweekly,weighted,,region_09
2024-03-02,9,JN.1.8.1,0.03693950648033333,0.05155521494666667,0.025553630167666666,biweekly,weighted,0.0,region_09
2024-03-09,9,JN.1.8.1,0.03897606759516667,0.05527082004454023,0.02641766483866092,biweekly,weighted,,region_09
2024-03-16,9,JN.1.8.1,0.041012628710000006,0.05898642514241379,0.027281699509655172,biweekly,weighted,0.0,region_09
2024-03-23,9,JN.1.8.1,0.03504145323767857,0.0513183076112069,0.022803977600899014,biweekly,weighted,,region_09
2024-03-30,9,JN.1.8.1,0.029070277765357144,0.04365019008,0.018326255692142857,biweekly,weighted,0.0,region_09
2024-04-06,9,JN.1.8.1,0.02839641108037088,0.04450032914788461,0.016955022298186812,biweekly,weighted,,region_09
2024-04-13,9,JN.1.8.1,0.027722544395384616,0.045350468215769234,0.01558378890423077,biweekly,weighted,0.0,region_09
2024-04-20,9,JN.1.8.1,0.023563322995292308,0.03900890248908462,0.013042424360115386,biweekly,weighted,,region_09
2024-04-27,9,JN.1.8.1,0.0194041015952,0.032667336762399996,0.010501059816,biweekly,weighted,0.0,region_09
2024-05-04,9,JN.1.8.1,0.017473709582336842,0.029916979946989473,0.009242487000105264,biweekly,weighted,,region_09
2024-05-11,9,JN.1.8.1,0.015543317569473686,0.02716662313157895,0.007983914184210527,biweekly,weighted,0.0,region_09
2024-05-18,9,JN.1.8.1,0.013851316019736843,0.024328124930789473,0.007068240237105263,biweekly,weighted,,region_09
2024-05-25,9,JN.1.8.1,0.01215931447,0.02148962673,0.00615256629,biweekly,weighted,0.0,region_09
2024-04-13,9,KP.1.1,0.023093742318888888,0.039659643960000004,0.01213549952,biweekly,weighted,0.0,region_09
2024-04-20,9,KP.1.1,0.034603989084265874,0.053795159469107144,0.020966990666785715,biweekly,weighted,,region_09
2024-04-27,9,KP.1.1,0.04611423584964286,0.06793067497821428,0.029798481813571427,biweekly,weighted,0.0,region_09
2024-05-04,9,KP.1.1,0.05085257829802143,0.07356954834330715,0.03357204812358572,biweekly,weighted,,region_09
2024-05-11,9,KP.1.1,0.0555909207464,0.0792084217084,0.0373456144336,biweekly,weighted,0.0,region_09
2024-05-18,9,KP.1.1,0.052018740848,0.0782868048554,0.0326811090486,biweekly,weighted,,region_09
2024-05-25,9,KP.1.1,0.048446560949599995,0.0773651880024,0.028016603663600002,biweekly,weighted,0.0,region_09
2024-06-01,9,KP.1.1,0.05705155830521667,0.08623542950786667,0.03558344026992501,biweekly,weighted,,region_09
2024-06-08,9,KP.1.1,0.06565655566083334,0.09510567101333334,0.043150276876250004,biweekly,weighted,0.0,region_09
2024-06-15,9,KP.1.1,0.06327783246520834,0.08534651451395833,0.04582054447354167,biweekly,weighted,,region_09
2024-06-22,9,KP.1.1,0.060899109269583335,0.07558735801458334,0.04849081207083333,biweekly,weighted,0.0,region_09
2024-06-29,9,KP.1.1,0.04974466204609601,0.06206577717337863,0.03935323414650362,biweekly,weighted,,region_09
2024-07-06,9,KP.1.1,0.038590214822608694,0.04854419633217392,0.03021565622217391,biweekly,weighted,0.0,region_09
2024-07-13,9,KP.1.1,0.03903727014016799,0.048972004053359684,0.03066382337381423,biweekly,weighted,,region_09
2024-07-20,9,KP.1.1,0.03948432545772727,0.04939981177454545,0.031111990525454547,biweekly,weighted,0.0,region_09
2024-07-27,9,KP.1.1,0.03985513623338745,0.05180919294584416,0.030094421969155842,biweekly,weighted,,region_09
2024-08-03,9,KP.1.1,0.040225947009047615,0.054218574117142856,0.02907685341285714,biweekly,weighted,0.0,region_09
2024-08-10,9,KP.1.1,0.040228780784273804,0.05338784738782143,0.029622085587928573,biweekly,weighted,,region_09
2024-08-17,9,KP.1.1,0.0402316145595,0.0525571206585,0.030167317763000003,biweekly,weighted,0.0,region_09
2024-08-24,9,KP.1.1,0.03333540740891667,0.044322534226750004,0.024489764600666666,biweekly,weighted,,region_09
2024-08-31,9,KP.1.1,0.026439200258333333,0.036087947795,0.018812211438333334,biweekly,weighted,0.0,region_09
2024-09-07,9,KP.1.1,0.02427342262651961,0.03490763938632353,0.016266276122990198,biweekly,weighted,,region_09
2024-09-14,9,KP.1.1,0.022107644994705883,0.03372733097764706,0.01372034080764706,biweekly,weighted,0.0,region_09
2024-09-21,9,KP.1.1,0.018434140626415442,0.02855739393601103,0.01120584386038603,biweekly,weighted,,region_09
2024-09-28,9,KP.1.1,0.014760636258125001,0.023387456894375,0.008691346913125,biweekly,weighted,0.0,region_09
2024-06-22,9,KP.1.1.3,0.022779319301428572,0.031248778503571432,0.016161696120714285,biweekly,weighted,0.0,region_09
2024-06-29,9,KP.1.1.3,0.025766613583757765,0.03504900727091615,0.018441700794487578,biweekly,weighted,,region_09
2024-07-06,9,KP.1.1.3,0.028753907866086954,0.03884923603826087,0.02072170546826087,biweekly,weighted,0.0,region_09
2024-07-13,9,KP.1.1.3,0.04161267356236166,0.05529149643867588,0.030542432165039525,biweekly,weighted,,region_09
2024-07-20,9,KP.1.1.3,0.05447143925863636,0.0717337568390909,0.04036315886181818,biweekly,weighted,0.0,region_09
2024-07-27,9,KP.1.1.3,0.0444523482681277,0.0585494308671645,0.03295039057852814,biweekly,weighted,,region_09
2024-08-03,9,KP.1.1.3,0.03443325727761905,0.045365104895238095,0.025537622295238097,biweekly,weighted,0.0,region_09
2024-08-10,9,KP.1.1.3,0.035454760433809525,0.047181068861369045,0.026004809440619052,biweekly,weighted,,region_09
2024-08-17,9,KP.1.1.3,0.03647626359,0.048997032827499995,0.026471996586000003,biweekly,weighted,0.0,region_09
2024-08-24,9,KP.1.1.3,0.034142284146944445,0.04740591981541666,0.023831845705222225,biweekly,weighted,,region_09
2024-08-31,9,KP.1.1.3,0.03180830470388889,0.04581480680333333,0.021191694824444444,biweekly,weighted,0.0,region_09
2024-09-07,9,KP.1.1.3,0.033151360691650325,0.04831489235284314,0.02178087857722222,biweekly,weighted,,region_09
2024-09-14,9,KP.1.1.3,0.03449441667941176,0.05081497790235295,0.02237006233,biweekly,weighted,0.0,region_09
2024-09-21,9,KP.1.1.3,0.02799421636564338,0.041061031019301475,0.018266253274687498,biweekly,weighted,,region_09
2024-09-28,9,KP.1.1.3,0.021494016051875,0.03130708413625,0.014162444219375,biweekly,weighted,0.0,region_09
2024-10-05,9,KP.1.1.3,0.02540333409486607,0.03867326340026786,0.015796360314330356,biweekly,weighted,,region_09
2024-10-12,9,KP.1.1.3,0.02931265213785714,0.04603944266428572,0.017430276409285714,biweekly,weighted,0.0,region_09
2024-06-08,9,KP.1.2,0.008212914985789473,0.013973593907894736,0.004396848661578947,biweekly,weighted,0.0,region_09
2024-06-15,9,KP.1.2,0.008398278371578947,0.014092247615000001,0.004589770717894737,biweekly,weighted,,region_09
2024-06-22,9,KP.1.2,0.008583641757368421,0.014210901322105264,0.004782692774210526,biweekly,weighted,0.0,region_09
2024-03-16,9,KP.2,0.023087466650000003,0.036903354114482756,0.013436019259655173,biweekly,weighted,0.0,region_09
2024-03-23,9,KP.2,0.03482793969925926,0.0557115455070562,0.02015649298538314,biweekly,weighted,,region_09
2024-03-30,9,KP.2,0.046568412748518515,0.07451973689962964,0.02687696671111111,biweekly,weighted,0.0,region_09
2024-04-06,9,KP.2,0.06029056419158069,0.08867393058588624,0.039046692051091264,biweekly,weighted,,region_09
2024-04-13,9,KP.2,0.07401271563464286,0.10282812427214286,0.051216417391071425,biweekly,weighted,0.0,region_09
2024-04-20,9,KP.2,0.08912545282857143,0.12043113939982142,0.06382331757714285,biweekly,weighted,,region_09
2024-04-27,9,KP.2,0.1042381900225,0.13803415452749998,0.07643021776321428,biweekly,weighted,0.0,region_09
2024-05-04,9,KP.2,0.12039398235884258,0.15794123135152777,0.08914477720660714,biweekly,weighted,,region_09
2024-05-11,9,KP.2,0.13654977469518517,0.17784830817555555,0.10185933665,biweekly,weighted,0.0,region_09
2024-05-18,9,KP.2,0.15107468766105414,0.1917492094162393,0.11631438268769231,biweekly,weighted,,region_09
2024-05-25,9,KP.2,0.16559960062692308,0.20565011065692307,0.1307694287253846,biweekly,weighted,0.0,region_09
2024-06-01,9,KP.2,0.15213558850386155,0.18415513506306153,0.1239813031832923,biweekly,weighted,,region_09
2024-06-08,9,KP.2,0.1386715763808,0.16266015946919998,0.11719317764119999,biweekly,weighted,0.0,region_09
2024-06-15,9,KP.2,0.12201693174081667,0.147023919653975,0.100185857226225,biweekly,weighted,,region_09
2024-06-22,9,KP.2,0.10536228710083334,0.13138767983875,0.08317853681125,biweekly,weighted,0.0,region_09
2024-06-29,9,KP.2,0.10717742974389494,0.12987113567959238,0.08743300568649456,biweekly,weighted,,region_09
2024-07-06,9,KP.2,0.10899257238695652,0.12835459152043477,0.09168747456173913,biweekly,weighted,0.0,region_09
2024-07-13,9,KP.2,0.10502895231325099,0.12692701179021737,0.08584499028586956,biweekly,weighted,,region_09
2024-07-20,9,KP.2,0.10106533223954545,0.12549943206,0.08000250601,biweekly,weighted,0.0,region_09
2024-07-27,9,KP.2,0.09356754552167748,0.11335150229880953,0.07627647217785714,biweekly,weighted,,region_09
2024-08-03,9,KP.2,0.08606975880380953,0.10120357253761905,0.07255043834571429,biweekly,weighted,0.0,region_09
2024-08-10,9,KP.2,0.07662563305740477,0.09586393766730952,0.06044462248710714,biweekly,weighted,,region_09
2024-08-17,9,KP.2,0.067181507311,0.090524302797,0.0483388066285,biweekly,weighted,0.0,region_09
2024-08-24,9,KP.2,0.06276628291207895,0.08292517767007895,0.046285216098986844,biweekly,weighted,,region_09
2024-08-31,9,KP.2,0.058351058513157895,0.0753260525431579,0.04423162556947369,biweekly,weighted,0.0,region_09
2024-09-07,9,KP.2,0.05486996285657895,0.07979180088304955,0.03641890940973684,biweekly,weighted,,region_09
2024-09-14,9,KP.2,0.0513888672,0.08425754922294118,0.02860619325,biweekly,weighted,0.0,region_09
2024-09-21,9,KP.2,0.04142644952058823,0.06362720359764706,0.02547182181117647,biweekly,weighted,,region_09
2024-09-28,9,KP.2,0.031464031841176465,0.04299685797235294,0.02233745037235294,biweekly,weighted,0.0,region_09
2024-07-06,9,KP.2.15,0.008491247492857143,0.015113768965714286,0.004258120498571429,biweekly,weighted,0.0,region_09
2024-07-13,9,KP.2.15,0.008377237359781745,0.01480718336359127,0.004244994719206349,biweekly,weighted,,region_09
2024-07-20,9,KP.2.15,0.00826322722670635,0.014500597761468254,0.0042318689398412705,biweekly,weighted,,region_09
2024-07-27,9,KP.2.15,0.008149217093630954,0.014194012159345239,0.004218743160476191,biweekly,weighted,,region_09
2024-08-03,9,KP.2.15,0.008035206960555557,0.013887426557222223,0.0042056173811111115,biweekly,weighted,0.0,region_09
2024-04-27,9,KP.2.3,0.019372067582727272,0.03324620925227273,0.010205521713636364,biweekly,weighted,0.0,region_09
2024-05-04,9,KP.2.3,0.02444822819506629,0.03863565427982955,0.01460272038783144,biweekly,weighted,,region_09
2024-05-11,9,KP.2.3,0.0295243888074053,0.044025099307386364,0.018999919062026516,biweekly,weighted,,region_09
2024-05-18,9,KP.2.3,0.03460054941974432,0.04941454433494318,0.023397117736221593,biweekly,weighted,,region_09
2024-05-25,9,KP.2.3,0.03967671003208333,0.0548039893625,0.02779431641041667,biweekly,weighted,0.0,region_09
2024-06-01,9,KP.2.3,0.04823828442,0.06913193540354166,0.03226575814208334,biweekly,weighted,,region_09
2024-06-08,9,KP.2.3,0.056799858807916666,0.08345988144458333,0.03673719987375,biweekly,weighted,0.0,region_09
2024-06-15,9,KP.2.3,0.08493002628208333,0.10907188694333333,0.065494701421875,biweekly,weighted,,region_09
2024-06-22,9,KP.2.3,0.11306019375625,0.13468389244208334,0.09425220296999999,biweekly,weighted,0.0,region_09
2024-06-29,9,KP.2.3,0.10666477124095108,0.1301984344751721,0.0863998124871739,biweekly,weighted,,region_09
2024-07-06,9,KP.2.3,0.10026934872565219,0.12571297650826088,0.07854742200434782,biweekly,weighted,0.0,region_09
2024-07-13,9,KP.2.3,0.11161697500600792,0.1339417143836759,0.09203773897399209,biweekly,weighted,,region_09
2024-07-20,9,KP.2.3,0.12296460128636365,0.14217045225909092,0.10552805594363636,biweekly,weighted,0.0,region_09
2024-07-27,9,KP.2.3,0.1413355600250866,0.1707661533126407,0.11536155057300865,biweekly,weighted,,region_09
2024-08-03,9,KP.2.3,0.15970651876380954,0.19936185436619047,0.12519504520238095,biweekly,weighted,0.0,region_09
2024-08-10,9,KP.2.3,0.16020233331390477,0.19266438351109524,0.13151167453769047,biweekly,weighted,,region_09
2024-08-17,9,KP.2.3,0.160698147864,0.18596691265600002,0.137828303873,biweekly,weighted,0.0,region_09
2024-08-24,9,KP.2.3,0.14992780781542103,0.17400347235484212,0.1282611905346579,biweekly,weighted,,region_09
2024-08-31,9,KP.2.3,0.1391574677668421,0.16204003205368422,0.11869407719631578,biweekly,weighted,0.0,region_09
2024-09-07,9,KP.2.3,0.12933551682425437,0.15384964583934213,0.10766986232510234,biweekly,weighted,,region_09
2024-09-14,9,KP.2.3,0.11951356588166667,0.145659259625,0.09664564745388889,biweekly,weighted,0.0,region_09
2024-09-21,9,KP.2.3,0.10760917683818627,0.13252724271338234,0.08599861421547386,biweekly,weighted,,region_09
2024-09-28,9,KP.2.3,0.09570478779470588,0.1193952258017647,0.07535158097705882,biweekly,weighted,0.0,region_09
2024-10-05,9,KP.2.3,0.07676821407454044,0.09863674711869486,0.058619914925404415,biweekly,weighted,,region_09
2024-10-12,9,KP.2.3,0.057831640354375,0.07787826843562501,0.04188824887375,biweekly,weighted,0.0,region_09
2024-10-19,9,KP.2.3,0.05760782537949519,0.08299202565127405,0.038426987029182694,biweekly,weighted,,region_09
2024-10-26,9,KP.2.3,0.05738401040461538,0.08810578286692308,0.03496572518461539,biweekly,weighted,0.0,region_09
2024-11-02,9,KP.2.3,0.03942935261730769,0.06329638697346154,0.022786562117307695,biweekly,weighted,,region_09
2024-11-09,9,KP.2.3,0.02147469483,0.03848699108,0.01060739905,biweekly,weighted,0.0,region_09
2024-11-16,9,KP.2.3,0.021569905218749998,0.038298243191875,0.010803806365000002,biweekly,weighted,,region_09
2024-11-23,9,KP.2.3,0.0216651156075,0.03810949530375,0.01100021368,biweekly,weighted,0.0,region_09
2024-04-13,9,KP.3,0.038026013308333335,0.06357314189333334,0.02066692109611111,biweekly,weighted,0.0,region_09
2024-04-20,9,KP.3,0.04766975737202381,0.07220573120184523,0.029893623157876983,biweekly,weighted,,region_09
2024-04-27,9,KP.3,0.05731350143571429,0.08083832051035714,0.03912032521964286,biweekly,weighted,0.0,region_09
2024-05-04,9,KP.3,0.09125335591174603,0.11614925749388227,0.07059932742685847,biweekly,weighted,,region_09
2024-05-11,9,KP.3,0.12519321038777778,0.1514601944774074,0.10207832963407408,biweekly,weighted,0.0,region_09
2024-05-18,9,KP.3,0.1675012826267735,0.2011864169302422,0.13740153618146012,biweekly,weighted,,region_09
2024-05-25,9,KP.3,0.20980935486576924,0.25091263938307695,0.17272474272884614,biweekly,weighted,0.0,region_09
2024-06-01,9,KP.3,0.24649864034088462,0.2879476299303385,0.20837691179822307,biweekly,weighted,,region_09
2024-06-08,9,KP.3,0.283187925816,0.3249826204776,0.2440290808676,biweekly,weighted,0.0,region_09
2024-06-15,9,KP.3,0.29368502274175,0.3347597871963,0.25507612110379996,biweekly,weighted,,region_09
2024-06-22,9,KP.3,0.30418211966750003,0.344536953915,0.26612316133999997,biweekly,weighted,0.0,region_09
2024-06-29,9,KP.3,0.3106322993080979,0.34866371634619564,0.2745405863023913,biweekly,weighted,,region_09
2024-07-06,9,KP.3,0.3170824789486957,0.3527904787773913,0.28295801126478265,biweekly,weighted,0.0,region_09
2024-07-13,9,KP.3,0.2782444151438933,0.30764824346346836,0.2501770817776186,biweekly,weighted,,region_09
2024-07-20,9,KP.3,0.2394063513390909,0.26250600814954544,0.21739615229045456,biweekly,weighted,0.0,region_09
2024-07-27,9,KP.3,0.22467214675478356,0.2519786755247727,0.1991066145687987,biweekly,weighted,,region_09
2024-08-03,9,KP.3,0.2099379421704762,0.2414513429,0.18081707684714285,biweekly,weighted,0.0,region_09
2024-08-10,9,KP.3,0.1960234735872381,0.22331619175775,0.1707732272815714,biweekly,weighted,,region_09
2024-08-17,9,KP.3,0.182109005004,0.2051810406155,0.160729377716,biweekly,weighted,0.0,region_09
2024-08-24,9,KP.3,0.16444554907357894,0.1916597208890658,0.1399222863548421,biweekly,weighted,,region_09
2024-08-31,9,KP.3,0.1467820931431579,0.17813840116263158,0.11911519499368421,biweekly,weighted,0.0,region_09
2024-09-07,9,KP.3,0.13797859391157896,0.16626765010326022,0.11293822964878655,biweekly,weighted,,region_09
2024-09-14,9,KP.3,0.12917509468,0.1543968990438889,0.1067612643038889,biweekly,weighted,0.0,region_09
2024-09-21,9,KP.3,0.09735756428264705,0.1187743053710621,0.07885659610194445,biweekly,weighted,,region_09
2024-09-28,9,KP.3,0.06554003388529411,0.08315171169823529,0.0509519279,biweekly,weighted,0.0,region_09
2024-10-05,9,KP.3,0.07066689246733455,0.09238800340661765,0.052982538821562494,biweekly,weighted,,region_09
2024-10-12,9,KP.3,0.075793751049375,0.101624295115,0.055013149743124996,biweekly,weighted,0.0,region_09
2024-10-19,9,KP.3,0.08955066674385417,0.12967878331666666,0.0588975923215625,biweekly,weighted,,region_09
2024-10-26,9,KP.3,0.10330758243833334,0.15773327151833333,0.06278203489999999,biweekly,weighted,0.0,region_09
2024-11-02,9,KP.3,0.06711121772791667,0.10377278830791667,0.04026055398166666,biweekly,weighted,,region_09
2024-11-09,9,KP.3,0.030914853017500004,0.0498123050975,0.017739073063333333,biweekly,weighted,0.0,region_09
2024-11-16,9,KP.3,0.03463499791333333,0.05640382894,0.019594449705000003,biweekly,weighted,,region_09
2024-11-23,9,KP.3,0.038355142809166666,0.0629953527825,0.02144982634666667,biweekly,weighted,0.0,region_09
2024-11-30,9,KP.3,0.034213206624375,0.05649475095028409,0.018999634542727274,biweekly,weighted,,region_09
2024-12-07,9,KP.3,0.030071270439583332,0.04999414911806818,0.01654944273878788,biweekly,weighted,,region_09
2024-12-14,9,KP.3,0.025929334254791665,0.04349354728585227,0.014099250934848486,biweekly,weighted,,region_09
2024-12-21,9,KP.3,0.02178739807,0.036992945453636364,0.01164905913090909,biweekly,weighted,0.0,region_09
2024-12-28,9,KP.3,0.02339294065875,0.03913717564431818,0.012779047479204546,biweekly,weighted,,region_09
2025-01-04,9,KP.3,0.0249984832475,0.041281405835,0.0139090358275,biweekly,weighted,0.0,region_09
2025-01-11,9,KP.3,0.02031061425875,0.0346557386225,0.01081547140875,biweekly,weighted,,region_09
2025-01-18,9,KP.3,0.01562274527,0.02803007141,0.00772190699,biweekly,weighted,0.0,region_09
2025-01-25,9,KP.3,0.01741984149125,0.0312452609675,0.00860334228125,biweekly,weighted,,region_09
2025-02-01,9,KP.3,0.0192169377125,0.034460450525,0.0094847775725,biweekly,weighted,,region_09
2025-02-08,9,KP.3,0.02101403393375,0.037675640082499996,0.01036621286375,biweekly,weighted,,region_09
2025-02-15,9,KP.3,0.022811130155,0.04089082964,0.011247648155,biweekly,weighted,,region_09
2025-02-22,9,KP.3,0.02460822637625,0.0441060191975,0.01212908344625,biweekly,weighted,,region_09
2025-03-01,9,KP.3,0.0264053225975,0.047321208755,0.0130105187375,biweekly,weighted,,region_09
2025-03-08,9,KP.3,0.028202418818750002,0.0505363983125,0.01389195402875,biweekly,weighted,,region_09
2025-03-15,9,KP.3,0.02999951504,0.05375158787,0.01477338932,biweekly,weighted,0.0,region_09
2024-06-22,9,KP.3.1.1,0.020406161880434783,0.03198754334,0.012221555266521739,biweekly,weighted,0.0,region_09
2024-06-29,9,KP.3.1.1,0.03902602904369565,0.054168353748478254,0.027328336247173915,biweekly,weighted,,region_09
2024-07-06,9,KP.3.1.1,0.05764589620695652,0.07634916415695651,0.04243511722782609,biweekly,weighted,0.0,region_09
2024-07-13,9,KP.3.1.1,0.07964741468802372,0.09808928412052371,0.06392268929300396,biweekly,weighted,,region_09
2024-07-20,9,KP.3.1.1,0.1016489331690909,0.11982940408409092,0.08541026135818182,biweekly,weighted,0.0,region_09
2024-07-27,9,KP.3.1.1,0.12884624127406927,0.15118009768061688,0.10873510773218614,biweekly,weighted,,region_09
2024-08-03,9,KP.3.1.1,0.15604354937904763,0.18253079127714286,0.13205995410619048,biweekly,weighted,0.0,region_09
2024-08-10,9,KP.3.1.1,0.18623758169552382,0.21306452339657142,0.16155723035284525,biweekly,weighted,,region_09
2024-08-17,9,KP.3.1.1,0.216431614012,0.24359825551599998,0.19105450659950002,biweekly,weighted,0.0,region_09
2024-08-24,9,KP.3.1.1,0.2662097957773158,0.2987458642374737,0.23545727255264473,biweekly,weighted,,region_09
2024-08-31,9,KP.3.1.1,0.3159879775426316,0.35389347295894735,0.27986003850578944,biweekly,weighted,0.0,region_09
2024-09-07,9,KP.3.1.1,0.3641188541174269,0.40248313672447367,0.3270813469826169,biweekly,weighted,,region_09
2024-09-14,9,KP.3.1.1,0.4122497306922222,0.45107280049000004,0.3743026554594444,biweekly,weighted,0.0,region_09
2024-09-21,9,KP.3.1.1,0.45286199664669935,0.48685718756264706,0.41931756805031045,biweekly,weighted,,region_09
2024-09-28,9,KP.3.1.1,0.4934742626011765,0.5226415746352941,0.4643324806411765,biweekly,weighted,0.0,region_09
2024-10-05,9,KP.3.1.1,0.48036068995652575,0.5200004901957721,0.44094762611558824,biweekly,weighted,,region_09
2024-10-12,9,KP.3.1.1,0.467247117311875,0.5173594057562501,0.41756277159,biweekly,weighted,0.0,region_09
2024-10-19,9,KP.3.1.1,0.4656382807134375,0.5245777645281251,0.4073434969689286,biweekly,weighted,,region_09
2024-10-26,9,KP.3.1.1,0.464029444115,0.5317961233,0.39712422234785716,biweekly,weighted,0.0,region_09
2024-11-02,9,KP.3.1.1,0.46680461828214287,0.5263413531442858,0.4078904454196428,biweekly,weighted,,region_09
2024-11-09,9,KP.3.1.1,0.4695797924492857,0.5208865829885714,0.4186566684914285,biweekly,weighted,0.0,region_09
2024-11-16,9,KP.3.1.1,0.42874549400255957,0.4789935439122024,0.37950964963821426,biweekly,weighted,,region_09
2024-11-23,9,KP.3.1.1,0.38791119555583337,0.43710050483583335,0.340362630785,biweekly,weighted,0.0,region_09
2024-11-30,9,KP.3.1.1,0.36400905748208334,0.41326772794166666,0.31689209863583334,biweekly,weighted,,region_09
2024-12-07,9,KP.3.1.1,0.3401069194083333,0.3894349510475,0.2934215664866667,biweekly,weighted,0.0,region_09
2024-12-14,9,KP.3.1.1,0.3144475283729167,0.36784843355541663,0.26483488207083333,biweekly,weighted,,region_09
2024-12-21,9,KP.3.1.1,0.28878813733750003,0.34626191606333334,0.23624819765500002,biweekly,weighted,0.0,region_09
2024-12-28,9,KP.3.1.1,0.23784838492738636,0.28600138572666667,0.1942716497134091,biweekly,weighted,,region_09
2025-01-04,9,KP.3.1.1,0.18690863251727272,0.22574085539000002,0.15229510177181818,biweekly,weighted,0.0,region_09
2025-01-11,9,KP.3.1.1,0.17150565385813638,0.2079214309425,0.1392864951689091,biweekly,weighted,,region_09
2025-01-18,9,KP.3.1.1,0.156102675199,0.190102006495,0.126277888566,biweekly,weighted,0.0,region_09
2025-01-25,9,KP.3.1.1,0.14347584073838887,0.17871251809916666,0.11353911426355556,biweekly,weighted,,region_09
2025-02-01,9,KP.3.1.1,0.13084900627777776,0.16732302970333335,0.10080033996111111,biweekly,weighted,0.0,region_09
2025-02-08,9,KP.3.1.1,0.10107519322451389,0.13380665849479167,0.07471666316930556,biweekly,weighted,,region_09
2025-02-15,9,KP.3.1.1,0.07130138017125,0.10029028728625,0.0486329863775,biweekly,weighted,0.0,region_09
2025-02-22,9,KP.3.1.1,0.066864093765625,0.10425512058145833,0.040292613440416666,biweekly,weighted,,region_09
2025-03-01,9,KP.3.1.1,0.06242680736,0.10821995387666666,0.03195224050333333,biweekly,weighted,0.0,region_09
2025-03-08,9,KP.3.1.1,0.055775329005,0.0968092307475,0.0285333150525,biweekly,weighted,,region_09
2025-03-15,9,KP.3.1.1,0.04912385065,0.08539850761833334,0.02511438960166667,biweekly,weighted,,region_09
2025-03-22,9,KP.3.1.1,0.042472372295000005,0.07398778448916667,0.021695464150833333,biweekly,weighted,,region_09
2025-03-29,9,KP.3.1.1,0.03582089394,0.06257706136,0.0182765387,biweekly,weighted,0.0,region_09
2024-05-25,9,KP.4.1,0.016345486665000002,0.02653753292,0.009312951783333334,biweekly,weighted,0.0,region_09
2024-06-01,9,KP.4.1,0.015983643118152174,0.025504722645652175,0.009327115869275362,biweekly,weighted,,region_09
2024-06-08,9,KP.4.1,0.015621799571304348,0.02447191237130435,0.00934127995521739,biweekly,weighted,0.0,region_09
2024-06-15,9,KP.4.1,0.017661916190864626,0.026921692775523715,0.010963115888799406,biweekly,weighted,,region_09
2024-06-22,9,KP.4.1,0.019702032810424902,0.029371473179743084,0.012584951822381424,biweekly,weighted,,region_09
2024-06-29,9,KP.4.1,0.021742149429985178,0.03182125358396245,0.01420678775596344,biweekly,weighted,,region_09
2024-07-06,9,KP.4.1,0.023782266049545454,0.034271033988181814,0.015828623689545455,biweekly,weighted,0.0,region_09
2024-07-13,9,KP.4.1,0.02016386206310606,0.03085386120342424,0.012493177754439394,biweekly,weighted,,region_09
2024-07-20,9,KP.4.1,0.01654545807666667,0.027436688418666665,0.009157731819333333,biweekly,weighted,0.0,region_09
2024-07-27,9,KP.4.1,0.015555014416410256,0.026504639187410254,0.00829561257774359,biweekly,weighted,,region_09
2024-08-03,9,KP.4.1,0.014564570756153845,0.025572589956153843,0.007433493336153846,biweekly,weighted,0.0,region_09
2024-08-10,9,KP.4.1,0.010984707574951923,0.019096013686514424,0.005693678957764423,biweekly,weighted,,region_09
2024-08-17,9,KP.4.1,0.00740484439375,0.012619437416875,0.003953864579375,biweekly,weighted,0.0,region_09
2024-08-24,9,KP.4.1,0.007836987256875,0.013311973489508928,0.004205052632187499,biweekly,weighted,,region_09
2024-08-31,9,KP.4.1,0.008269130119999999,0.014004509562142857,0.004456240685,biweekly,weighted,0.0,region_09
2024-04-27,9,KQ.1,0.0168364390724,0.0293825460968,0.008663601130800001,biweekly,weighted,0.0,region_09
2024-05-04,9,KQ.1,0.0159883538262,0.028056050762400003,0.0081641247644,biweekly,weighted,,region_09
2024-05-11,9,KQ.1,0.01514026858,0.026729555428000002,0.007664648398,biweekly,weighted,0.0,region_09
2024-04-27,9,KS.1,0.014816959233333335,0.02641046078166667,0.00739702652,biweekly,weighted,0.0,region_09
2024-05-04,9,KS.1,0.015924571159166668,0.027509305703125,0.008326500556458333,biweekly,weighted,,region_09
2024-05-11,9,KS.1,0.017032183085,0.028608150624583332,0.009255974592916666,biweekly,weighted,0.0,region_09
2024-05-18,9,KS.1,0.025671361546071428,0.04274933121110119,0.014075633579791667,biweekly,weighted,,region_09
2024-05-25,9,KS.1,0.034310540007142856,0.056890511797619045,0.018895292566666666,biweekly,weighted,0.0,region_09
2024-06-01,9,KS.1,0.02656865270169643,0.04204600948005952,0.01569741112,biweekly,weighted,,region_09
2024-06-08,9,KS.1,0.01882676539625,0.0272015071625,0.012499529673333334,biweekly,weighted,0.0,region_09
2024-06-15,9,KS.1,0.018769717543559782,0.02716574000146739,0.012451977209492754,biweekly,weighted,,region_09
2024-06-22,9,KS.1,0.018712669690869564,0.027129972840434783,0.012404424745652174,biweekly,weighted,0.0,region_09
2024-06-29,9,KS.1,0.016154053618389327,0.023455363221581028,0.010676205419644268,biweekly,weighted,,region_09
2024-07-06,9,KS.1,0.01359543754590909,0.019780753602727272,0.008947986093636364,biweekly,weighted,0.0,region_09
2024-07-13,9,KS.1,0.013289885332165071,0.019396930261889954,0.008718033449976077,biweekly,weighted,,region_09
2024-07-20,9,KS.1,0.012984333118421051,0.019013106921052632,0.008488080806315789,biweekly,weighted,0.0,region_09
2024-07-27,9,KS.1,0.010720631511578947,0.016652736126842108,0.006527157683947368,biweekly,weighted,,region_09
2024-08-03,9,KS.1,0.008456929904736841,0.01429236533263158,0.004566234561578947,biweekly,weighted,0.0,region_09
2024-08-10,9,KS.1,0.008679092141257309,0.014561149488538011,0.004736320011900585,biweekly,weighted,,region_09
2024-08-17,9,KS.1,0.008901254377777777,0.014829933644444444,0.004906405462222222,biweekly,weighted,0.0,region_09
2024-08-24,9,KS.1,0.01039435067888889,0.01774172112222222,0.005535876726111111,biweekly,weighted,,region_09
2024-08-31,9,KS.1,0.01188744698,0.0206535086,0.00616534799,biweekly,weighted,0.0,region_09
2024-09-07,9,KS.1,0.010370910246666667,0.018093501526666667,0.00534988567,biweekly,weighted,,region_09
2024-09-14,9,KS.1,0.008854373513333333,0.015533494453333333,0.00453442335,biweekly,weighted,0.0,region_09
2024-03-16,9,KV.2,0.020882590607857143,0.03337707383857143,0.012136684930357144,biweekly,weighted,0.0,region_09
2024-06-22,9,KW.1.1,0.011423749358947369,0.01929836043789474,0.006168227177894736,biweekly,weighted,0.0,region_09
2024-06-29,9,KW.1.1,0.010168723516616542,0.017338463714661655,0.005422680838947368,biweekly,weighted,,region_09
2024-07-06,9,KW.1.1,0.008913697674285714,0.015378566991428573,0.0046771345,biweekly,weighted,0.0,region_09
2024-04-27,9,LB.1,0.014881700330555556,0.026243935754444444,0.0075475923805555555,biweekly,weighted,0.0,region_09
2024-05-04,9,LB.1,0.026395392320092595,0.04034562031296296,0.01641486635990741,biweekly,weighted,,region_09
2024-05-11,9,LB.1,0.03790908430962963,0.05444730487148148,0.02528214033925926,biweekly,weighted,0.0,region_09
2024-05-18,9,LB.1,0.04251304099941482,0.06113153262294074,0.02831343392022963,biweekly,weighted,,region_09
2024-05-25,9,LB.1,0.047116997689199996,0.0678157603744,0.0313447275012,biweekly,weighted,0.0,region_09
2024-06-01,9,LB.1,0.0567229434102,0.0784414449338,0.0397242570298,biweekly,weighted,,region_09
2024-06-08,9,LB.1,0.0663288891312,0.08906712949319999,0.0481037865584,biweekly,weighted,0.0,region_09
2024-06-15,9,LB.1,0.08138723418777391,0.10261693718029564,0.0636992046568087,biweekly,weighted,,region_09
2024-06-22,9,LB.1,0.09644557924434782,0.1161667448673913,0.07929462275521738,biweekly,weighted,0.0,region_09
2024-06-29,9,LB.1,0.11699046129847826,0.1354439632721739,0.1004567854923913,biweekly,weighted,,region_09
2024-07-06,9,LB.1,0.1375353433526087,0.1547211816769565,0.12161894822956522,biweekly,weighted,0.0,region_09
2024-07-13,9,LB.1,0.14865546583766798,0.17045478023575097,0.12871658160069172,biweekly,weighted,,region_09
2024-07-20,9,LB.1,0.15977558832272729,0.18618837879454544,0.1358142149718182,biweekly,weighted,0.0,region_09
2024-07-27,9,LB.1,0.1535731265842208,0.17771684073608224,0.13158307288995674,biweekly,weighted,,region_09
2024-08-03,9,LB.1,0.1473706648457143,0.16924530267761906,0.12735193080809526,biweekly,weighted,0.0,region_09
2024-08-10,9,LB.1,0.14750133234785714,0.17172160744655954,0.12555923875204764,biweekly,weighted,,region_09
2024-08-17,9,LB.1,0.14763199985,0.17419791221550002,0.123766546696,biweekly,weighted,0.0,region_09
2024-08-24,9,LB.1,0.14052058313236843,0.1663664375472237,0.11742570629642105,biweekly,weighted,,region_09
2024-08-31,9,LB.1,0.13340916641473685,0.1585349628789474,0.11108486589684209,biweekly,weighted,0.0,region_09
2024-09-07,9,LB.1,0.11835098883181286,0.14523642644058482,0.09512831471175438,biweekly,weighted,,region_09
2024-09-14,9,LB.1,0.10329281124888888,0.13193789000222222,0.07917176352666667,biweekly,weighted,0.0,region_09
2024-09-21,9,LB.1,0.0972086426870915,0.12162134953375817,0.07635744086509805,biweekly,weighted,,region_09
2024-09-28,9,LB.1,0.09112447412529412,0.11130480906529411,0.07354311820352942,biweekly,weighted,0.0,region_09
2024-10-05,9,LB.1,0.06796676311164707,0.08673962834564705,0.05247514174109805,biweekly,weighted,,region_09
2024-10-12,9,LB.1,0.044809052098,0.062174447625999996,0.03140716527866667,biweekly,weighted,0.0,region_09
2024-09-14,9,LB.1.3.1,0.00712343678,0.012651005216666665,0.0035854565208333334,biweekly,weighted,0.0,region_09
2024-09-21,9,LB.1.3.1,0.0081076787325,0.014263773609166665,0.004135658090833333,biweekly,weighted,,region_09
2024-09-28,9,LB.1.3.1,0.009091920685,0.015876542001666667,0.004685859660833333,biweekly,weighted,0.0,region_09
2024-06-08,9,LF.3.1,0.009947791321999999,0.016618632898,0.00545934541,biweekly,weighted,0.0,region_09
2024-06-15,9,LF.3.1,0.009886881172749998,0.016557873716625,0.005406695708125,biweekly,weighted,,region_09
2024-06-22,9,LF.3.1,0.0098259710235,0.016497114535249997,0.00535404600625,biweekly,weighted,,region_09
2024-06-29,9,LF.3.1,0.00976506087425,0.016436355353875,0.005301396304375,biweekly,weighted,,region_09
2024-07-06,9,LF.3.1,0.009704150725,0.0163755961725,0.0052487466025,biweekly,weighted,0.0,region_09
2024-07-13,9,LF.3.1,0.009538653566617646,0.016406729175367646,0.005026364843602941,biweekly,weighted,,region_09
2024-07-20,9,LF.3.1,0.009373156408235293,0.016437862178235296,0.0048039830847058825,biweekly,weighted,0.0,region_09
2024-07-27,9,LF.3.1,0.0116526120214986,0.019785707206736697,0.006260115559495799,biweekly,weighted,,region_09
2024-08-03,9,LF.3.1,0.013932067634761906,0.023133552235238095,0.007716248034285714,biweekly,weighted,0.0,region_09
2024-11-09,9,LF.7,0.024190359835454544,0.041238428177272725,0.012840107167272729,biweekly,weighted,0.0,region_09
2024-11-16,9,LF.7,0.02330062449572727,0.04035598202113636,0.012096664538136365,biweekly,weighted,,region_09
2024-11-23,9,LF.7,0.022410889156,0.039473535865,0.011353221909,biweekly,weighted,0.0,region_09
2024-11-30,9,LF.7,0.022604158613,0.0398264873775,0.0114449282195,biweekly,weighted,,region_09
2024-12-07,9,LF.7,0.02279742807,0.04017943889,0.01153663453,biweekly,weighted,0.0,region_09
2024-12-14,9,LF.7,0.0223512777115,0.0385774837805,0.011674689735999999,biweekly,weighted,,region_09
2024-12-21,9,LF.7,0.021905127353,0.036975528671,0.011812744942,biweekly,weighted,0.0,region_09
2024-12-28,9,LF.7,0.024650118552055553,0.04041352021605556,0.013854110908777778,biweekly,weighted,,region_09
2025-01-04,9,LF.7,0.027395109751111108,0.04385151176111111,0.015895476875555554,biweekly,weighted,0.0,region_09
2025-01-11,9,LF.7,0.03576638717805555,0.05826224769555555,0.020176012690277776,biweekly,weighted,,region_09
2025-01-18,9,LF.7,0.044137664605,0.07267298363,0.024456548504999998,biweekly,weighted,0.0,region_09
2025-01-25,9,LF.7,0.0425100934225,0.06943947356249999,0.023858583065,biweekly,weighted,,region_09
2025-02-01,9,LF.7,0.04088252224,0.06620596349499999,0.023260617625,biweekly,weighted,0.0,region_09
2025-02-08,9,LF.7,0.042356402612499996,0.06899932213375,0.02388194063375,biweekly,weighted,,region_09
2025-02-15,9,LF.7,0.043830282984999996,0.0717926807725,0.024503263642500002,biweekly,weighted,,region_09
2025-02-22,9,LF.7,0.045304163357499996,0.07458603941125,0.02512458665125,biweekly,weighted,,region_09
2025-03-01,9,LF.7,0.046778043729999996,0.07737939805,0.02574590966,biweekly,weighted,0.0,region_09
2025-03-08,9,LF.7,0.0404955158,0.068119440601,0.021809112839,biweekly,weighted,,region_09
2025-03-15,9,LF.7,0.03421298787,0.058859483152,0.017872316018,biweekly,weighted,0.0,region_09
2025-03-22,9,LF.7,0.0391518045225,0.065395635179,0.0213415314435,biweekly,weighted,,region_09
2025-03-29,9,LF.7,0.044090621175,0.07193178720599999,0.024810746869,biweekly,weighted,,region_09
2025-04-05,9,LF.7,0.0490294378275,0.078467939233,0.0282799622945,biweekly,weighted,,region_09
2025-04-12,9,LF.7,0.05396825448,0.08500409126,0.03174917772,biweekly,weighted,0.0,region_09
2025-04-19,9,LF.7,0.051983972021,0.08174476464949999,0.030673358026833335,biweekly,weighted,,region_09
2025-04-26,9,LF.7,0.049999689562,0.078485438039,0.029597538333666667,biweekly,weighted,,region_09
2025-05-03,9,LF.7,0.048015407103,0.0752261114285,0.0285217186405,biweekly,weighted,,region_09
2025-05-10,9,LF.7,0.046031124644,0.07196678481799999,0.027445898947333333,biweekly,weighted,,region_09
2025-05-17,9,LF.7,0.044046842185,0.0687074582075,0.026370079254166668,biweekly,weighted,,region_09
2025-05-24,9,LF.7,0.042062559725999996,0.065448131597,0.025294259561,biweekly,weighted,,region_09
2025-05-31,9,LF.7,0.040078277267,0.0621888049865,0.024218439867833334,biweekly,weighted,,region_09
2025-06-07,9,LF.7,0.038093994808,0.058929478376,0.023142620174666666,biweekly,weighted,,region_09
2025-06-14,9,LF.7,0.036109712349,0.0556701517655,0.0220668004815,biweekly,weighted,,region_09
2025-06-21,9,LF.7,0.03412542989,0.052410825155,0.020990980788333335,biweekly,weighted,,region_09
2025-06-28,9,LF.7,0.032141147431,0.0491514985445,0.019915161095166667,biweekly,weighted,,region_09
2025-07-05,9,LF.7,0.030156864972,0.045892171934,0.018839341402000002,biweekly,weighted,,region_09
2025-07-12,9,LF.7,0.028172582512999998,0.0426328453235,0.017763521708833333,biweekly,weighted,,region_09
2025-07-19,9,LF.7,0.026188300054,0.039373518713,0.016687702015666668,biweekly,weighted,,region_09
2025-07-26,9,LF.7,0.024204017595000002,0.0361141921025,0.015611882322500001,biweekly,weighted,,region_09
2025-08-02,9,LF.7,0.022219735136,0.032854865492,0.014536062629333334,biweekly,weighted,,region_09
2025-08-09,9,LF.7,0.020235452677,0.0295955388815,0.013460242936166667,biweekly,weighted,,region_09
2025-08-16,9,LF.7,0.018251170218,0.026336212271,0.012384423243,biweekly,weighted,,region_09
2025-08-23,9,LF.7,0.016266887759000002,0.0230768856605,0.011308603549833334,biweekly,weighted,,region_09
2025-08-30,9,LF.7,0.0142826053,0.01981755905,0.010232783856666667,4_week,empiric,0.0,region_09
2025-07-05,9,LF.7.9,0.020008935778,0.032133561002,0.012240570038,4_week,empiric,0.0,region_09
2025-07-12,9,LF.7.9,0.019263782754333332,0.030287373160666667,0.012083492940166666,4_week,empiric,,region_09
2025-07-19,9,LF.7.9,0.018518629730666668,0.02844118531933333,0.011926415842333333,4_week,empiric,,region_09
2025-07-26,9,LF.7.9,0.017773476707,0.026594997478,0.011769338744499999,4_week,empiric,,region_09
2025-08-02,9,LF.7.9,0.017028323683333332,0.024748809636666664,0.011612261646666665,4_week,empiric,0.0,region_09
2025-08-09,9,LF.7.9,0.015991087769166665,0.023110321879166666,0.010973287746666666,4_week,empiric,,region_09
2025-08-16,9,LF.7.9,0.014953851854999999,0.021471834121666665,0.010334313846666665,4_week,empiric,,region_09
2025-08-23,9,LF.7.9,0.013916615940833333,0.019833346364166664,0.009695339946666666,4_week,empiric,,region_09
2025-08-30,9,LF.7.9,0.012879380026666666,0.018194858606666666,0.009056366046666667,4_week,empiric,0.0,region_09
2024-06-22,9,LP.1,0.0074287097275,0.012353890031666667,0.004103089140833333,biweekly,weighted,0.0,region_09
2024-06-29,9,LP.1,0.008070759010000001,0.013819626221666667,0.004282433132916666,biweekly,weighted,,region_09
2024-07-06,9,LP.1,0.0087128082925,0.015285362411666668,0.004461777125,biweekly,weighted,0.0,region_09
2024-07-13,9,LP.1,0.01228985035375,0.021215315403333334,0.00643945658,biweekly,weighted,,region_09
2024-07-20,9,LP.1,0.015866892415,0.027145268394999998,0.008417136035,biweekly,weighted,0.0,region_09
2024-07-27,9,LP.1,0.014625002253125,0.0247205922490625,0.007893315938125,biweekly,weighted,,region_09
2024-08-03,9,LP.1,0.01338311209125,0.022295916103125,0.0073694958412499996,biweekly,weighted,0.0,region_09
2024-08-10,9,LP.1,0.013328084368782894,0.021106902727088817,0.007885998451940789,biweekly,weighted,,region_09
2024-08-17,9,LP.1,0.01327305664631579,0.019917889351052633,0.008402501062631578,biweekly,weighted,0.0,region_09
2024-08-24,9,LP.1,0.012811054850032894,0.019842943568651315,0.007795857456940789,biweekly,weighted,,region_09
2024-08-31,9,LP.1,0.01234905305375,0.01976799778625,0.00718921385125,biweekly,weighted,0.0,region_09
2024-09-07,9,LP.1,0.010307290389602273,0.017057753379488637,0.005743713754261364,biweekly,weighted,,region_09
2024-09-14,9,LP.1,0.008265527725454545,0.014347508972727274,0.004298213657272728,biweekly,weighted,0.0,region_09
2024-11-09,9,LP.8.1,0.028176912359999997,0.04678990014545455,0.015509922905454547,biweekly,weighted,0.0,region_09
2024-11-16,9,LP.8.1,0.03520138807,0.06118540127272727,0.018115829167727273,biweekly,weighted,,region_09
2024-11-23,9,LP.8.1,0.04222586378,0.0755809024,0.02072173543,biweekly,weighted,0.0,region_09
2024-11-30,9,LP.8.1,0.056384663405833334,0.08693387390583332,0.03469893910541666,biweekly,weighted,,region_09
2024-12-07,9,LP.8.1,0.07054346303166667,0.09828684541166666,0.04867614278083333,biweekly,weighted,0.0,region_09
2024-12-14,9,LP.8.1,0.0873184222725,0.11628199523958332,0.06384327448874999,biweekly,weighted,,region_09
2024-12-21,9,LP.8.1,0.10409338151333332,0.1342771450675,0.07901040619666666,biweekly,weighted,0.0,region_09
2024-12-28,9,LP.8.1,0.10674563180030303,0.13621211345375,0.08200428610787878,biweekly,weighted,,region_09
2025-01-04,9,LP.8.1,0.10939788208727273,0.13814708184,0.08499816601909091,biweekly,weighted,0.0,region_09
2025-01-11,9,LP.8.1,0.12920468815363637,0.1604140440165,0.10233472893854545,biweekly,weighted,,region_09
2025-01-18,9,LP.8.1,0.14901149421999998,0.182681006193,0.119671291858,biweekly,weighted,0.0,region_09
2025-01-25,9,LP.8.1,0.18571131999333335,0.22430549495705554,0.15158347789566667,biweekly,weighted,,region_09
2025-02-01,9,LP.8.1,0.22241114576666668,0.2659299837211111,0.18349566393333333,biweekly,weighted,0.0,region_09
2025-02-08,9,LP.8.1,0.24805450315270833,0.2997084715299305,0.20153332356791667,biweekly,weighted,,region_09
2025-02-15,9,LP.8.1,0.27369786053875,0.33348695933875,0.21957098320250001,biweekly,weighted,0.0,region_09
2025-02-22,9,LP.8.1,0.2915210165079464,0.3590894458550893,0.23032105474625,biweekly,weighted,,region_09
2025-03-01,9,LP.8.1,0.3093441724771428,0.38469193237142857,0.24107112629,biweekly,weighted,0.0,region_09
2025-03-08,9,LP.8.1,0.36987752467357143,0.4378318406990476,0.3062466936441667,biweekly,weighted,,region_09
2025-03-15,9,LP.8.1,0.43041087687000007,0.4909717490266667,0.3714222609983333,biweekly,weighted,0.0,region_09
2025-03-22,9,LP.8.1,0.4711722031250001,0.5390185857803333,0.40392588674916663,biweekly,weighted,,region_09
2025-03-29,9,LP.8.1,0.51193352938,0.587065422534,0.4364295125,biweekly,weighted,0.0,region_09
2025-04-05,9,LP.8.1,0.56933386326,0.64732511043575,0.48816469907750004,biweekly,weighted,,region_09
2025-04-12,9,LP.8.1,0.62673419714,0.7075847983375,0.539899885655,biweekly,weighted,0.0,region_09
2025-04-19,9,LP.8.1,0.6339245140575,0.7264359295387499,0.5330171436075,biweekly,weighted,,region_09
2025-04-26,9,LP.8.1,0.641114830975,0.74528706074,0.52613440156,biweekly,weighted,0.0,region_09
2025-05-03,9,LP.8.1,0.6261258125325,0.70474487543,0.5410895198600001,biweekly,weighted,,region_09
2025-05-10,9,LP.8.1,0.61113679409,0.66420269012,0.55604463816,biweekly,weighted,0.0,region_09
2025-05-17,9,LP.8.1,0.581356923282,0.6302974849905,0.530916309359,biweekly,weighted,,region_09
2025-05-24,9,LP.8.1,0.551577052474,0.596392279861,0.505787980558,biweekly,weighted,,region_09
2025-05-31,9,LP.8.1,0.5217971816660001,0.5624870747315,0.48065965175700004,biweekly,weighted,,region_09
2025-06-07,9,LP.8.1,0.49201731085800005,0.5285818696019999,0.455531322956,4_week,empiric,0.0,region_09
2025-06-14,9,LP.8.1,0.45332244485650003,0.48871958553749995,0.418351876735,4_week,empiric,,region_09
2025-06-21,9,LP.8.1,0.414627578855,0.44885730147299996,0.38117243051399996,4_week,empiric,,region_09
2025-06-28,9,LP.8.1,0.3759327128535,0.4089950174085,0.34399298429299996,4_week,empiric,,region_09
2025-07-05,9,LP.8.1,0.337237846852,0.369132733344,0.30681353807199996,4_week,empiric,0.0,region_09
2025-07-12,9,LP.8.1,0.30007057227212497,0.32936513498362496,0.27230802271337495,4_week,empiric,,region_09
2025-07-19,9,LP.8.1,0.26290329769224996,0.28959753662325,0.23780250735474998,4_week,empiric,,region_09
2025-07-26,9,LP.8.1,0.225736023112375,0.249829938262875,0.203296991996125,4_week,empiric,,region_09
2025-08-02,9,LP.8.1,0.1885687485325,0.2100623399025,0.1687914766375,4_week,empiric,0.0,region_09
2025-08-09,9,LP.8.1,0.161126135846875,0.180570351891875,0.143412866629375,4_week,empiric,,region_09
2025-08-16,9,LP.8.1,0.13368352316124998,0.15107836388125,0.11803425662125,4_week,empiric,,region_09
2025-08-23,9,LP.8.1,0.106240910475625,0.121586375870625,0.092655646613125,4_week,empiric,,region_09
2025-08-30,9,LP.8.1,0.07879829779,0.09209438786,0.067277036605,4_week,empiric,0.0,region_09
2025-09-06,9,LP.8.1,0.06828861652333333,0.08047480105166667,0.05784092532875,4_week,empiric,,region_09
2025-09-13,9,LP.8.1,0.057778935256666664,0.06885521424333334,0.0484048140525,4_week,empiric,,region_09
2025-09-20,9,LP.8.1,0.04726925399,0.057235627435,0.03896870277625,4_week,empiric,,region_09
2025-09-27,9,LP.8.1,0.036759572723333335,0.04561604062666667,0.0295325915,4_week,empiric,0.0,region_09
2025-10-04,9,LP.8.1,0.03249842184625,0.0432335603975,0.024749644098750002,4_week,empiric,,region_09
2025-10-11,9,LP.8.1,0.028237270969166665,0.04085108016833333,0.0199666966975,4_week,empiric,,region_09
2025-10-18,9,LP.8.1,0.023976120092083334,0.03846859993916667,0.015183749296250002,4_week,empiric,,region_09
2025-10-25,9,LP.8.1,0.019714969215,0.03608611971,0.010400801895,4_week,empiric,0.0,region_09
2024-09-28,9,MC.1,0.027592604650588236,0.03833591521705883,0.01921324311529412,biweekly,weighted,0.0,region_09
2024-10-05,9,MC.1,0.028989836015857844,0.04275357022946079,0.018864853413762254,biweekly,weighted,,region_09
2024-10-12,9,MC.1,0.030387067381127453,0.04717122524186275,0.018516463712230393,biweekly,weighted,,region_09
2024-10-19,9,MC.1,0.03178429874639706,0.0515888802542647,0.01816807401069853,biweekly,weighted,,region_09
2024-10-26,9,MC.1,0.03318153011166667,0.056006535266666664,0.017819684309166667,biweekly,weighted,0.0,region_09
2024-11-02,9,MC.1,0.040052685420416664,0.06239635528333333,0.024123211313749997,biweekly,weighted,,region_09
2024-11-09,9,MC.1,0.046923840729166666,0.0687861753,0.03042673831833333,biweekly,weighted,0.0,region_09
2024-11-16,9,MC.1,0.03861028359666666,0.059126069769166664,0.023745597650416665,biweekly,weighted,,region_09
2024-11-23,9,MC.1,0.030296726464166663,0.04946596423833333,0.0170644569825,biweekly,weighted,0.0,region_09
2024-11-30,9,MC.1,0.03909041096208333,0.06719394524916666,0.020419223776250002,biweekly,weighted,,region_09
2024-12-07,9,MC.1,0.04788409546,0.08492192626,0.02377399057,biweekly,weighted,0.0,region_09
2024-12-14,9,MC.1,0.05143772522772727,0.0895913299175,0.02623017089840909,biweekly,weighted,,region_09
2024-12-21,9,MC.1,0.054991354995454544,0.094260733575,0.02868635122681818,biweekly,weighted,,region_09
2024-12-28,9,MC.1,0.058544984763181825,0.09893013723249999,0.03114253155522727,biweekly,weighted,,region_09
2025-01-04,9,MC.1,0.0620986145309091,0.10359954089,0.03359871188363636,biweekly,weighted,0.0,region_09
2025-01-11,9,MC.1,0.05526679737295455,0.09309576917625,0.02955649708556818,biweekly,weighted,,region_09
2025-01-18,9,MC.1,0.048434980215,0.0825919974625,0.0255142822875,biweekly,weighted,0.0,region_09
2025-01-25,9,MC.1,0.0434978511175,0.07514462340625,0.02251248806875,biweekly,weighted,,region_09
2025-02-01,9,MC.1,0.03856072202,0.06769724935,0.01951069385,biweekly,weighted,0.0,region_09
2025-02-08,9,MC.1,0.035370940340000004,0.061687979225,0.018105923975,biweekly,weighted,,region_09
2025-02-15,9,MC.1,0.03218115866,0.0556787091,0.0167011541,biweekly,weighted,0.0,region_09
2024-09-28,9,MC.10.1,0.008717630369166667,0.015071385618333334,0.0045585788716666666,biweekly,weighted,0.0,region_09
2024-10-05,9,MC.10.1,0.012320207515352564,0.02066501094224359,0.006717834525064102,biweekly,weighted,,region_09
2024-10-12,9,MC.10.1,0.015922784661538462,0.026258636266153844,0.008877090178461538,biweekly,weighted,0.0,region_09
2024-10-19,9,MC.10.1,0.02054504577576923,0.03540853597307692,0.010758415794230768,biweekly,weighted,,region_09
2024-10-26,9,MC.10.1,0.02516730689,0.04455843568,0.01263974141,biweekly,weighted,0.0,region_09
2024-11-02,9,MC.10.1,0.025016418893125003,0.044159060810625,0.01262054120625,biweekly,weighted,,region_09
2024-11-09,9,MC.10.1,0.02486553089625,0.04375968594125,0.0126013410025,biweekly,weighted,0.0,region_09
2024-11-16,9,MC.10.1,0.03204784661877841,0.05544225052434659,0.01660519971278409,biweekly,weighted,,region_09
2024-11-23,9,MC.10.1,0.03923016234130682,0.06712481510744318,0.020609058423068184,biweekly,weighted,,region_09
2024-11-30,9,MC.10.1,0.046412478063835236,0.07880737969053977,0.02461291713335227,biweekly,weighted,,region_09
2024-12-07,9,MC.10.1,0.05359479378636364,0.09048994427363637,0.028616775843636363,biweekly,weighted,0.0,region_09
2024-12-14,9,MC.10.1,0.04346755726168182,0.07236907641331819,0.02373729352431818,biweekly,weighted,,region_09
2024-12-21,9,MC.10.1,0.033340320737,0.054248208553,0.018857811204999998,biweekly,weighted,0.0,region_09
2024-12-28,9,MC.10.1,0.058877037278499994,0.1016162738215,0.0300138046025,biweekly,weighted,,region_09
2025-01-04,9,MC.10.1,0.08441375381999999,0.14898433909,0.041169798,biweekly,weighted,0.0,region_09
2025-01-11,9,MC.10.1,0.09271434787624999,0.15747822448687498,0.0482377619475,biweekly,weighted,,region_09
2025-01-18,9,MC.10.1,0.1010149419325,0.16597210988375,0.055305725895,biweekly,weighted,0.0,region_09
2025-01-25,9,MC.10.1,0.11335598180791667,0.18740068686520833,0.061109487742499996,biweekly,weighted,,region_09
2025-02-01,9,MC.10.1,0.12569702168333333,0.20882926384666667,0.06691324959,biweekly,weighted,0.0,region_09
2025-02-08,9,MC.10.1,0.11118203230854166,0.17850881939270835,0.062779561460625,biweekly,weighted,,region_09
2025-02-15,9,MC.10.1,0.09666704293375,0.14818837493875,0.05864587333125,biweekly,weighted,0.0,region_09
2025-02-22,9,MC.10.1,0.11541669928830357,0.16117839142794643,0.07953514058991071,biweekly,weighted,,region_09
2025-03-01,9,MC.10.1,0.13416635564285714,0.17416840791714286,0.10042440784857143,biweekly,weighted,0.0,region_09
2025-03-08,9,MC.10.1,0.1007613760547619,0.1367312967777381,0.07181399324511904,biweekly,weighted,,region_09
2025-03-15,9,MC.10.1,0.06735639646666668,0.09929418563833332,0.043203578641666664,biweekly,weighted,0.0,region_09
2025-03-22,9,MC.10.1,0.06710665039733334,0.10196453556316666,0.04141550088983333,biweekly,weighted,,region_09
2025-03-29,9,MC.10.1,0.066856904328,0.104634885488,0.039627423138,biweekly,weighted,0.0,region_09
2025-04-05,9,MC.10.1,0.05372887713233333,0.08633147527733334,0.030802562647333335,biweekly,weighted,,region_09
2025-04-12,9,MC.10.1,0.04060084993666666,0.06802806506666667,0.021977702156666667,biweekly,weighted,0.0,region_09
2025-05-10,9,NB.1.8.1,0.07822172344,0.11277981102,0.0515720509,biweekly,weighted,0.0,region_09
2025-05-17,9,NB.1.8.1,0.1005432613215,0.13378572910699998,0.07411807198199999,biweekly,weighted,,region_09
2025-05-24,9,NB.1.8.1,0.122864799203,0.154791647194,0.09666409306399999,biweekly,weighted,,region_09
2025-05-31,9,NB.1.8.1,0.14518633708450002,0.175797565281,0.119210114146,biweekly,weighted,,region_09
2025-06-07,9,NB.1.8.1,0.167507874966,0.196803483368,0.14175613522799999,4_week,empiric,0.0,region_09
2025-06-14,9,NB.1.8.1,0.1789085999135,0.2079772122215,0.1531334243735,4_week,empiric,,region_09
2025-06-21,9,NB.1.8.1,0.190309324861,0.219150941075,0.16451071351899998,4_week,empiric,,region_09
2025-06-28,9,NB.1.8.1,0.2017100498085,0.23032466992849998,0.1758880026645,4_week,empiric,,region_09
2025-07-05,9,NB.1.8.1,0.213110774756,0.241498398782,0.18726529181,4_week,empiric,0.0,region_09
2025-07-12,9,NB.1.8.1,0.20757558662512499,0.234235044942125,0.18325648456812502,4_week,empiric,,region_09
2025-07-19,9,NB.1.8.1,0.20204039849424998,0.22697169110225002,0.17924767732625002,4_week,empiric,,region_09
2025-07-26,9,NB.1.8.1,0.196505210363375,0.21970833726237501,0.175238870084375,4_week,empiric,,region_09
2025-08-02,9,NB.1.8.1,0.1909700222325,0.2124449834225,0.1712300628425,4_week,empiric,0.0,region_09
2025-08-09,9,NB.1.8.1,0.18038343545187502,0.20007639564520835,0.162253085524375,4_week,empiric,,region_09
2025-08-16,9,NB.1.8.1,0.16979684867125,0.1877078078679167,0.15327610820624998,4_week,empiric,,region_09
2025-08-23,9,NB.1.8.1,0.15921026189062498,0.175339220090625,0.144299130888125,4_week,empiric,,region_09
2025-08-30,9,NB.1.8.1,0.14862367511,0.16297063231333334,0.13532215357,4_week,empiric,0.0,region_09
2025-09-06,9,NB.1.8.1,0.139032224195,0.15318818297125,0.12598619330875,4_week,empiric,,region_09
2025-09-13,9,NB.1.8.1,0.12944077327999998,0.14340573362916667,0.1166502330475,4_week,empiric,,region_09
2025-09-20,9,NB.1.8.1,0.11984932236499998,0.13362328428708334,0.10731427278625,4_week,empiric,,region_09
2025-09-27,9,NB.1.8.1,0.11025787144999999,0.123840834945,0.097978312525,4_week,empiric,0.0,region_09
2025-10-04,9,NB.1.8.1,0.10151223838375,0.118179205805,0.08733337884875,4_week,empiric,,region_09
2025-10-11,9,NB.1.8.1,0.0927666053175,0.11251757666500001,0.07668844517250001,4_week,empiric,,region_09
2025-10-18,9,NB.1.8.1,0.08402097225124999,0.10685594752500001,0.06604351149625,4_week,empiric,,region_09
2025-10-25,9,NB.1.8.1,0.075275339185,0.10119431838500001,0.05539857782,4_week,empiric,0.0,region_09
2025-06-07,9,NW.1,0.02221173467,0.036464735865,0.0132575847675,4_week,empiric,0.0,region_09
2025-06-14,9,NW.1,0.0275587308915,0.042255711368750004,0.017855604400625,4_week,empiric,,region_09
2025-06-21,9,NW.1,0.032905727113,0.0480466868725,0.02245362403375,4_week,empiric,,region_09
2025-06-28,9,NW.1,0.0382527233345,0.05383766237625,0.027051643666875,4_week,empiric,,region_09
2025-07-05,9,NW.1,0.043599719556,0.05962863788,0.0316496633,4_week,empiric,0.0,region_09
2025-07-12,9,NW.1,0.04413370552283333,0.0590018668525,0.0328573755925,4_week,empiric,,region_09
2025-07-19,9,NW.1,0.044667691489666664,0.058375095825,0.034065087885,4_week,empiric,,region_09
2025-07-26,9,NW.1,0.0452016774565,0.0577483247975,0.035272800177499994,4_week,empiric,,region_09
2025-08-02,9,NW.1,0.04573566342333333,0.05712155377,0.03648051247,4_week,empiric,0.0,region_09
2025-08-09,9,NW.1,0.042602959321249995,0.053474110086875,0.0338334444675,4_week,empiric,,region_09
2025-08-16,9,NW.1,0.03947025521916667,0.04982666640375,0.031186376465,4_week,empiric,,region_09
2025-08-23,9,NW.1,0.03633755111708333,0.046179222720624996,0.0285393084625,4_week,empiric,,region_09
2025-08-30,9,NW.1,0.033204847015,0.042531779037499995,0.02589224046,4_week,empiric,0.0,region_09
2025-09-06,9,NW.1,0.03068114002208333,0.039509046203124995,0.023786256205833335,4_week,empiric,,region_09
2025-09-13,9,NW.1,0.028157433029166665,0.036486313368749995,0.021680271951666667,4_week,empiric,,region_09
2025-09-20,9,NW.1,0.02563372603625,0.033463580534374995,0.019574287697499998,4_week,empiric,,region_09
2025-09-27,9,NW.1,0.023110019043333332,0.0304408477,0.017468303443333333,4_week,empiric,0.0,region_09
2021-01-30,9,Other,0.31807026863,0.481371811032,0.18855060860599998,biweekly,weighted,0.0,region_09
2021-02-06,9,Other,0.29145828858,0.425521611423,0.1831338215615,biweekly,weighted,,region_09
2021-02-13,9,Other,0.26484630853,0.369671411814,0.177717034517,biweekly,weighted,0.0,region_09
2021-02-20,9,Other,0.25259689837800003,0.38758397773,0.15278756990999998,biweekly,weighted,,region_09
2021-02-27,9,Other,0.240347488226,0.40549654364599996,0.12785810530299999,biweekly,weighted,0.0,region_09
2021-03-06,9,Other,0.749216087165,0.81011070311,0.694484725595,weekly,weighted,0.0,region_09
2021-03-13,9,Other,0.6869521215575,0.76164595783,0.6079705543825,weekly,weighted,0.0,region_09
2021-03-20,9,Other,0.6233817823200001,0.6857806444175,0.56227716431,weekly,weighted,0.0,region_09
2021-03-27,9,Other,0.5562707073975,0.6096964180475,0.5103838294725,weekly,weighted,0.0,region_09
2021-04-03,9,Other,0.44963120669,0.5027247257524999,0.3963475599875,weekly,weighted,0.0,region_09
2021-04-10,9,Other,0.354480080305,0.4094196110975,0.30248876288500004,weekly,weighted,0.0,region_09
2021-04-17,9,Other,0.27599786967,0.3251337595275,0.23193535394749998,weekly,weighted,0.0,region_09
2021-04-24,9,Other,0.218482121825,0.29331445694,0.158091546035,weekly,weighted,0.0,region_09
2021-05-01,9,Other,0.1808095015575,0.2102974969875,0.1556257754575,weekly,weighted,0.0,region_09
2021-05-08,9,Other,0.91580374339,0.9337432327245122,0.8916173341068293,weekly,weighted,0.0,region_09
2021-05-15,9,Other,0.8835344719095294,0.9018134236335295,0.8624638844065883,weekly,weighted,0.0,region_09
2021-05-22,9,Other,0.873081187540238,0.8998363885498809,0.8424205013686904,weekly,weighted,0.0,region_09
2021-05-29,9,Other,0.8124261770178823,0.8453747855829411,0.7746113245101176,weekly,weighted,0.0,region_09
2021-06-05,9,Other,0.733713335732069,0.8011541802054023,0.652854440455862,weekly,weighted,0.0,region_09
2021-06-12,9,Other,0.6512930271610344,0.7272854772364368,0.5663078301424137,weekly,weighted,0.0,region_09
2021-06-19,9,Other,0.5174101429888506,0.5792138042122988,0.4554073308624138,weekly,weighted,0.0,region_09
2021-06-26,9,Other,0.37254137379058144,0.45597482065488376,0.29510686748488374,weekly,weighted,0.0,region_09
2021-07-03,9,Other,0.25514824832441857,0.32070653853081393,0.19693131187744187,weekly,weighted,0.0,region_09
2021-07-10,9,Other,0.14488414592709303,0.17715364707581396,0.11666808777209302,weekly,weighted,0.0,region_09
2021-07-17,9,Other,0.09301145920581395,0.11312792645104651,0.07552653916,weekly,weighted,0.0,region_09
2021-07-24,9,Other,0.04997560787395349,0.060224708591511626,0.04132072344360465,weekly,weighted,0.0,region_09
2021-07-31,9,Other,0.03456843643285715,0.04307973025654762,0.027531628737738095,weekly,weighted,0.0,region_09
2021-08-07,9,Other,0.023931641407246376,0.03871353702188406,0.01377859380594203,weekly,weighted,0.0,region_09
2021-08-14,9,Other,0.01060026362617284,0.014933926237901234,0.007289947731234568,weekly,weighted,0.0,region_09
2021-08-21,9,Other,0.00764637975875,0.02371739666,0.003294764875,weekly,weighted,0.0,region_09
2021-08-28,9,Other,0.01223730575,0.02923546173,0.00507063791,weekly,weighted,0.0,region_09
2021-09-04,9,Other,0.0131756952,0.06397265196,0.00260153902,weekly,weighted,0.0,region_09
2021-09-11,9,Other,0.012418844239375,0.060083453886875,0.002476598764375,weekly,weighted,,region_09
2021-09-18,9,Other,0.011661993278750001,0.05619425581375,0.00235165850875,weekly,weighted,,region_09
2021-09-25,9,Other,0.010905142318125,0.052305057740625,0.002226718253125,weekly,weighted,,region_09
2021-10-02,9,Other,0.0101482913575,0.048415859667500005,0.0021017779975,weekly,weighted,,region_09
2021-10-09,9,Other,0.009391440396875,0.044526661594375,0.0019768377418749998,weekly,weighted,,region_09
2021-10-16,9,Other,0.00863458943625,0.04063746352125,0.0018518974862499998,weekly,weighted,,region_09
2021-10-23,9,Other,0.007877738475625,0.036748265448125005,0.0017269572306249999,weekly,weighted,,region_09
2021-10-30,9,Other,0.007120887515,0.032859067375,0.001602016975,weekly,weighted,,region_09
2021-11-06,9,Other,0.006364036554375001,0.028969869301875003,0.001477076719375,weekly,weighted,,region_09
2021-11-13,9,Other,0.00560718559375,0.025080671228750004,0.00135213646375,weekly,weighted,,region_09
2021-11-20,9,Other,0.004850334633125,0.021191473155625,0.001227196208125,weekly,weighted,,region_09
2021-11-27,9,Other,0.0040934836725,0.017302275082500002,0.0011022559525,weekly,weighted,,region_09
2021-12-04,9,Other,0.0033366327118750003,0.013413077009375003,0.000977315696875,weekly,weighted,,region_09
2021-12-11,9,Other,0.0025797817512500003,0.009523878936250002,0.00085237544125,weekly,weighted,,region_09
2021-12-18,9,Other,0.0018229307906250003,0.0056346808631250024,0.000727435185625,weekly,weighted,,region_09
2021-12-25,9,Other,0.00106607983,0.00174548279,0.00060249493,weekly,weighted,0.0,region_09
2022-01-01,9,Other,0.0011099501466666668,0.0019063193466666666,0.00058858093,weekly,weighted,,region_09
2022-01-08,9,Other,0.0011538204633333334,0.0020671559033333333,0.00057466693,weekly,weighted,0.0,region_09
2022-01-15,9,Other,0.0014278200147252746,0.0025517764952747253,0.0007134540618131868,weekly,weighted,,region_09
2022-01-22,9,Other,0.001701819566117216,0.0030363970872161173,0.0008522411936263736,weekly,weighted,,region_09
2022-01-29,9,Other,0.0019758191175091575,0.0035210176791575093,0.0009910283254395604,weekly,weighted,,region_09
2022-02-05,9,Other,0.002249818668901099,0.004005638271098901,0.0011298154572527471,weekly,weighted,,region_09
2022-02-12,9,Other,0.00252381822029304,0.004490258863040293,0.001268602589065934,weekly,weighted,,region_09
2022-02-19,9,Other,0.0027978177716849817,0.004974879454981685,0.001407389720879121,weekly,weighted,,region_09
2022-02-26,9,Other,0.003071817323076923,0.005459500046923077,0.0015461768526923076,weekly,weighted,,region_09
2022-03-05,9,Other,0.0033458168744688642,0.005944120638864469,0.0016849639845054943,weekly,weighted,,region_09
2022-03-12,9,Other,0.0036198164258608055,0.0064287412308058605,0.0018237511163186812,weekly,weighted,,region_09
2022-03-19,9,Other,0.0038938159772527467,0.006913361822747253,0.001962538248131868,weekly,weighted,,region_09
2022-03-26,9,Other,0.004167815528644688,0.0073979824146886445,0.002101325379945055,weekly,weighted,,region_09
2022-04-02,9,Other,0.00444181508003663,0.007882603006630037,0.0022401125117582415,weekly,weighted,,region_09
2022-04-09,9,Other,0.004715814631428571,0.008367223598571429,0.002378899643571428,weekly,weighted,0.0,region_09
2022-04-16,9,Other,0.004228289662727273,0.007147439375454545,0.0022865216336363636,weekly,weighted,0.0,region_09
2022-04-23,9,Other,0.0072289031148837215,0.010934024139302327,0.004536310156511628,weekly,weighted,0.0,region_09
2022-04-30,9,Other,0.00941035132642857,0.01421990589357143,0.0059075273823809525,weekly,weighted,0.0,region_09
2022-05-07,9,Other,0.005809909345609756,0.009723277467804877,0.003182687223414634,weekly,weighted,0.0,region_09
2022-05-14,9,Other,0.007392165772380953,0.010770731383333334,0.00487037058,weekly,weighted,0.0,region_09
2022-05-21,9,Other,0.005999430184347826,0.010537696840434783,0.0030697210713043475,weekly,weighted,0.0,region_09
2022-05-28,9,Other,0.006146037322790698,0.008550226905813953,0.00427874741372093,weekly,weighted,0.0,region_09
2022-06-04,9,Other,0.0045950214897286824,0.006784913319573644,0.0029913270431425163,weekly,weighted,,region_09
2022-06-11,9,Other,0.003044005656666667,0.005019599733333334,0.0017039066725641023,weekly,weighted,0.0,region_09
2022-06-18,9,Other,0.002180922032903226,0.003810575576451613,0.0011259348232258066,weekly,weighted,0.0,region_09
2022-06-25,9,Other,0.0023674040192473117,0.004137481219623656,0.0012215846967562726,weekly,weighted,,region_09
2022-07-02,9,Other,0.002553886005591398,0.004464386862795699,0.0013172345702867384,weekly,weighted,,region_09
2022-07-09,9,Other,0.002740367991935484,0.0047912925059677425,0.0014128844438172044,weekly,weighted,,region_09
2022-07-16,9,Other,0.00292684997827957,0.005118198149139785,0.0015085343173476705,weekly,weighted,,region_09
2022-07-23,9,Other,0.003113331964623656,0.005445103792311828,0.0016041841908781362,weekly,weighted,,region_09
2022-07-30,9,Other,0.003299813950967742,0.005772009435483871,0.0016998340644086023,weekly,weighted,,region_09
2022-08-06,9,Other,0.003486295937311828,0.006098915078655914,0.0017954839379390683,weekly,weighted,,region_09
2022-08-13,9,Other,0.0036727779236559142,0.006425820721827957,0.001891133811469534,weekly,weighted,,region_09
2022-08-20,9,Other,0.00385925991,0.006752726365,0.001986783685,weekly,weighted,0.0,region_09
2022-08-27,9,Other,0.0029071945076666666,0.004836524107666666,0.0016081505116666667,weekly,weighted,0.0,region_09
2022-09-03,9,Other,0.0034628423030555553,0.0058617605963888885,0.0018704627597222222,weekly,weighted,,region_09
2022-09-10,9,Other,0.004018490098444444,0.0068869970851111115,0.002132775007777778,weekly,weighted,,region_09
2022-09-17,9,Other,0.004574137893833333,0.007912233573833333,0.0023950872558333334,weekly,weighted,,region_09
2022-09-24,9,Other,0.005129785689222222,0.008937470062555556,0.002657399503888889,weekly,weighted,,region_09
2022-10-01,9,Other,0.005685433484611111,0.009962706551277779,0.0029197117519444444,weekly,weighted,,region_09
2022-10-08,9,Other,0.00624108128,0.01098794304,0.003182024,weekly,weighted,0.0,region_09
2022-10-15,9,Other,0.005918567865714285,0.01038410415,0.003033279942857143,weekly,weighted,,region_09
2022-10-22,9,Other,0.005596054451428571,0.00978026526,0.0028845358857142855,weekly,weighted,,region_09
2022-10-29,9,Other,0.005273541037142857,0.00917642637,0.0027357918285714285,weekly,weighted,,region_09
2022-11-05,9,Other,0.004951027622857143,0.008572587480000001,0.0025870477714285715,weekly,weighted,,region_09
2022-11-12,9,Other,0.004628514208571429,0.00796874859,0.002438303714285714,weekly,weighted,,region_09
2022-11-19,9,Other,0.004306000794285714,0.0073649097,0.002289559657142857,weekly,weighted,,region_09
2022-11-26,9,Other,0.00398348738,0.00676107081,0.0021408156,weekly,weighted,0.0,region_09
2022-12-03,9,Other,0.002099512261,0.00366713861,0.001084217475,weekly,weighted,0.0,region_09
2022-12-10,9,Other,0.002795575754444444,0.004663987343333333,0.001539176497777778,weekly,weighted,0.0,region_09
2022-12-17,9,Other,0.0031257753629629625,0.0051310266948148145,0.0017616666974074075,weekly,weighted,,region_09
2022-12-24,9,Other,0.0034559749714814813,0.005598066046296296,0.001984156897037037,weekly,weighted,,region_09
2022-12-31,9,Other,0.0037861745799999996,0.006065105397777778,0.002206647096666667,weekly,weighted,0.0,region_09
2023-01-07,9,Other,0.0038405177509330626,0.006182907092154609,0.002224286068799865,weekly,weighted,,region_09
2023-01-14,9,Other,0.0038948609218661255,0.00630070878653144,0.002241925040933063,weekly,weighted,,region_09
2023-01-21,9,Other,0.003949204092799188,0.006418510480908271,0.002259564013066261,weekly,weighted,,region_09
2023-01-28,9,Other,0.004003547263732251,0.006536312175285102,0.002277202985199459,weekly,weighted,,region_09
2023-02-04,9,Other,0.004057890434665314,0.006654113869661934,0.0022948419573326573,weekly,weighted,,region_09
2023-02-11,9,Other,0.004112233605598377,0.006771915564038765,0.0023124809294658554,weekly,weighted,,region_09
2023-02-18,9,Other,0.00416657677653144,0.006889717258415596,0.0023301199015990535,weekly,weighted,,region_09
2023-02-25,9,Other,0.004220919947464503,0.007007518952792427,0.0023477588737322516,weekly,weighted,,region_09
2023-03-04,9,Other,0.004275263118397566,0.007125320647169258,0.0023653978458654497,weekly,weighted,,region_09
2023-03-11,9,Other,0.004329606289330629,0.007243122341546089,0.002383036817998648,weekly,weighted,,region_09
2023-03-18,9,Other,0.004383949460263692,0.0073609240359229205,0.002400675790131846,weekly,weighted,,region_09
2023-03-25,9,Other,0.0044382926311967545,0.0074787257302997515,0.002418314762265044,weekly,weighted,,region_09
2023-04-01,9,Other,0.0044926358021298175,0.007596527424676583,0.002435953734398242,weekly,weighted,,region_09
2023-04-08,9,Other,0.00454697897306288,0.0077143291190534145,0.0024535927065314402,weekly,weighted,,region_09
2023-04-15,9,Other,0.004601322143995943,0.007832130813430245,0.0024712316786646383,weekly,weighted,,region_09
2023-04-22,9,Other,0.004655665314929006,0.007949932507807076,0.0024888706507978364,weekly,weighted,,region_09
2023-04-29,9,Other,0.004710008485862069,0.008067734202183907,0.0025065096229310345,weekly,weighted,,region_09
2023-05-06,9,Other,0.004764351656795132,0.008185535896560738,0.0025241485950642326,weekly,weighted,,region_09
2023-05-13,9,Other,0.004818694827728194,0.00830333759093757,0.0025417875671974307,weekly,weighted,,region_09
2023-05-20,9,Other,0.004873037998661257,0.008421139285314402,0.002559426539330629,weekly,weighted,,region_09
2023-05-27,9,Other,0.00492738116959432,0.008538940979691233,0.002577065511463827,weekly,weighted,,region_09
2023-06-03,9,Other,0.004981724340527383,0.008656742674068064,0.002594704483597025,weekly,weighted,,region_09
2023-06-10,9,Other,0.005036067511460446,0.008774544368444895,0.002612343455730223,weekly,weighted,,region_09
2023-06-17,9,Other,0.005090410682393509,0.008892346062821726,0.0026299824278634212,weekly,weighted,,region_09
2023-06-24,9,Other,0.005144753853326572,0.009010147757198557,0.0026476213999966193,weekly,weighted,,region_09
2023-07-01,9,Other,0.005199097024259635,0.009127949451575388,0.0026652603721298174,weekly,weighted,,region_09
2023-07-08,9,Other,0.005253440195192698,0.009245751145952219,0.0026828993442630155,weekly,weighted,,region_09
2023-07-15,9,Other,0.005307783366125761,0.00936355284032905,0.0027005383163962136,weekly,weighted,,region_09
2023-07-22,9,Other,0.005362126537058824,0.009481354534705881,0.0027181772885294117,biweekly,weighted,0.0,region_09
2023-07-29,9,Other,0.005978801005564388,0.010114721338664546,0.003243014700924086,biweekly,weighted,,region_09
2023-08-05,9,Other,0.006595475474069952,0.010748088142623211,0.00376785211331876,biweekly,weighted,,region_09
2023-08-12,9,Other,0.007212149942575516,0.011381454946581876,0.004292689525713434,biweekly,weighted,,region_09
2023-08-19,9,Other,0.00782882441108108,0.012014821750540541,0.0048175269381081085,biweekly,weighted,0.0,region_09
2023-08-26,9,Other,0.00556423547804054,0.00893293478277027,0.003242152149054054,biweekly,weighted,,region_09
2023-09-02,9,Other,0.003299646545,0.005851047815,0.00166677736,biweekly,weighted,0.0,region_09
2023-09-09,9,Other,0.005266928592638889,0.009143632514722222,0.002742292660138889,biweekly,weighted,,region_09
2023-09-16,9,Other,0.007234210640277778,0.012436217214444444,0.003817807960277778,biweekly,weighted,0.0,region_09
2023-09-23,9,Other,0.007799704132638889,0.012611423489444443,0.004495145048333334,biweekly,weighted,,region_09
2023-09-30,9,Other,0.008365197625,0.012786629764444444,0.005172482136388889,biweekly,weighted,0.0,region_09
2023-10-07,9,Other,0.01047148506375,0.015952287655555557,0.006500213892222222,biweekly,weighted,,region_09
2023-10-14,9,Other,0.0125777725025,0.019117945546666668,0.007827945648055555,biweekly,weighted,0.0,region_09
2023-10-21,9,Other,0.015958253708333335,0.023175757766805555,0.010534089187916667,biweekly,weighted,,region_09
2023-10-28,9,Other,0.01933873491416667,0.027233569986944442,0.013240232727777778,biweekly,weighted,0.0,region_09
2023-11-04,9,Other,0.01718571289291667,0.026083938415833334,0.010779234102361111,biweekly,weighted,,region_09
2023-11-11,9,Other,0.015032690871666667,0.024934306844722223,0.008318235476944444,biweekly,weighted,0.0,region_09
2023-11-18,9,Other,0.013702392616527777,0.022752368202222224,0.007573719168611111,biweekly,weighted,,region_09
2023-11-25,9,Other,0.01237209436138889,0.020570429559722225,0.006829202860277777,biweekly,weighted,0.0,region_09
2023-12-02,9,Other,0.015414561831848292,0.026546327298322653,0.008095963412446582,biweekly,weighted,,region_09
2023-12-09,9,Other,0.018457029302307693,0.03252222503692308,0.009362723964615384,biweekly,weighted,0.0,region_09
2023-12-16,9,Other,0.016627766917681624,0.02647285238846154,0.009878943170502136,biweekly,weighted,,region_09
2023-12-23,9,Other,0.014798504533055555,0.02042347974,0.010395162376388888,biweekly,weighted,0.0,region_09
2023-12-30,9,Other,0.010968827929763073,0.016082966730441177,0.00720164550995915,biweekly,weighted,,region_09
2024-01-06,9,Other,0.007139151326470588,0.011742453720882354,0.004008128643529412,biweekly,weighted,0.0,region_09
2024-01-13,9,Other,0.009841000909901962,0.01573461170377451,0.005740297699264705,biweekly,weighted,,region_09
2024-01-20,9,Other,0.012542850493333334,0.019726769686666666,0.007472466755,biweekly,weighted,0.0,region_09
2024-01-27,9,Other,0.010973781483854167,0.01776982711864583,0.0063010789409375,biweekly,weighted,,region_09
2024-02-03,9,Other,0.009404712474375,0.015812884550625,0.005129691126875,biweekly,weighted,0.0,region_09
2024-02-10,9,Other,0.0171306245621875,0.026789247755312502,0.010296422945937501,biweekly,weighted,,region_09
2024-02-17,9,Other,0.024856536649999997,0.03776561096,0.015463154765,biweekly,weighted,0.0,region_09
2024-02-24,9,Other,0.025551492349999996,0.03817720618,0.0162375294625,biweekly,weighted,,region_09
2024-03-02,9,Other,0.02624644805,0.0385888014,0.01701190416,biweekly,weighted,0.0,region_09
2024-03-09,9,Other,0.02670218004,0.04073619377,0.016516247300000002,biweekly,weighted,,region_09
2024-03-16,9,Other,0.02715791203,0.04288358614,0.01602059044,biweekly,weighted,0.0,region_09
2024-03-23,9,Other,0.0256234720575,0.0408412634875,0.014945784467499999,biweekly,weighted,,region_09
2024-03-30,9,Other,0.024089032085,0.038798940835,0.013870978494999998,biweekly,weighted,,region_09
2024-04-06,9,Other,0.022554592112499997,0.0367566181825,0.0127961725225,biweekly,weighted,,region_09
2024-04-13,9,Other,0.021020152139999998,0.03471429553,0.011721366549999999,biweekly,weighted,,region_09
2024-04-20,9,Other,0.0194857121675,0.0326719728775,0.010646560577499999,biweekly,weighted,,region_09
2024-04-27,9,Other,0.017951272195,0.030629650225,0.009571754605,biweekly,weighted,,region_09
2024-05-04,9,Other,0.0164168322225,0.0285873275725,0.0084969486325,biweekly,weighted,,region_09
2024-05-11,9,Other,0.01488239225,0.02654500492,0.00742214266,biweekly,weighted,0.0,region_09
2024-05-18,9,Other,0.01810702728,0.031765936874166664,0.009245633690833333,biweekly,weighted,,region_09
2024-05-25,9,Other,0.02133166231,0.03698686882833333,0.011069124721666665,biweekly,weighted,0.0,region_09
2024-06-01,9,Other,0.018426604356136363,0.029996171932121212,0.010519881197651515,biweekly,weighted,,region_09
2024-06-08,9,Other,0.015521546402272728,0.023005475035909093,0.009970637673636363,biweekly,weighted,0.0,region_09
2024-06-15,9,Other,0.01072497526159091,0.016719722908863636,0.0064978845504545454,biweekly,weighted,,region_09
2024-06-22,9,Other,0.005928404120909092,0.010433970781818182,0.0030251314272727275,biweekly,weighted,0.0,region_09
2024-06-29,9,Other,0.00696830040124402,0.011695336441698565,0.003809300473899522,biweekly,weighted,,region_09
2024-07-06,9,Other,0.008008196681578948,0.012956702101578949,0.004593469520526316,biweekly,weighted,0.0,region_09
2024-07-13,9,Other,0.007645435908481782,0.012907656386943321,0.00414507665757085,biweekly,weighted,,region_09
2024-07-20,9,Other,0.007282675135384615,0.012858610672307693,0.003696683794615385,biweekly,weighted,0.0,region_09
2024-07-27,9,Other,0.009491130874751131,0.015588797993506789,0.005358818521719457,biweekly,weighted,,region_09
2024-08-03,9,Other,0.011699586614117647,0.018318985314705882,0.007020953248823529,biweekly,weighted,0.0,region_09
2024-08-10,9,Other,0.011149003855882352,0.018279745270588236,0.00630112353882353,biweekly,weighted,,region_09
2024-08-17,9,Other,0.010598421097647059,0.01824050522647059,0.00558129382882353,biweekly,weighted,0.0,region_09
2024-08-24,9,Other,0.01016709313319853,0.017237752898235294,0.005469059276286764,biweekly,weighted,,region_09
2024-08-31,9,Other,0.00973576516875,0.016235000569999998,0.00535682472375,biweekly,weighted,0.0,region_09
2024-09-07,9,Other,0.008982782511682693,0.015306070003846154,0.004798566823028845,biweekly,weighted,,region_09
2024-09-14,9,Other,0.008229799854615385,0.014377139437692308,0.004240308922307692,biweekly,weighted,0.0,region_09
2024-09-21,9,Other,0.014025546503076924,0.024005847947692303,0.007426105098461538,biweekly,weighted,,region_09
2024-09-28,9,Other,0.019821293151538463,0.033634556457692304,0.010611901274615384,biweekly,weighted,0.0,region_09
2024-10-05,9,Other,0.02613539159230769,0.042156986676923074,0.01501408616846154,biweekly,weighted,,region_09
2024-10-12,9,Other,0.03244949003307692,0.050679416896153844,0.019416271062307693,biweekly,weighted,0.0,region_09
2024-10-19,9,Other,0.029918509128057692,0.047725923036115385,0.01743845118148077,biweekly,weighted,,region_09
2024-10-26,9,Other,0.02738752822303846,0.04477242917607692,0.015460631300653846,biweekly,weighted,,region_09
2024-11-02,9,Other,0.02485654731801923,0.04181893531603846,0.013482811419826924,biweekly,weighted,,region_09
2024-11-09,9,Other,0.022325566413,0.038865441456,0.011504991539,biweekly,weighted,0.0,region_09
2024-11-16,9,Other,0.02665114374941667,0.04572994277466667,0.014005103272833334,biweekly,weighted,,region_09
2024-11-23,9,Other,0.030976721085833336,0.05259444409333333,0.016505215006666667,biweekly,weighted,0.0,region_09
2024-11-30,9,Other,0.029470316461125003,0.04980206568675,0.01581704542075,biweekly,weighted,,region_09
2024-12-07,9,Other,0.027963911836416666,0.04700968728016666,0.015128875834833334,biweekly,weighted,,region_09
2024-12-14,9,Other,0.026457507211708333,0.044217308873583334,0.014440706248916668,biweekly,weighted,,region_09
2024-12-21,9,Other,0.024951102587,0.041424930467,0.013752536663000001,biweekly,weighted,0.0,region_09
2024-12-28,9,Other,0.024762639897892857,0.04107594014967857,0.013692597786392858,biweekly,weighted,,region_09
2025-01-04,9,Other,0.024574177208785714,0.04072694983235714,0.013632658909785716,biweekly,weighted,,region_09
2025-01-11,9,Other,0.02438571451967857,0.04037795951503571,0.013572720033178573,biweekly,weighted,,region_09
2025-01-18,9,Other,0.024197251830571427,0.04002896919771429,0.01351278115657143,biweekly,weighted,,region_09
2025-01-25,9,Other,0.024008789141464287,0.03967997888039286,0.013452842279964287,biweekly,weighted,,region_09
2025-02-01,9,Other,0.023820326452357144,0.03933098856307143,0.013392903403357144,biweekly,weighted,,region_09
2025-02-08,9,Other,0.02363186376325,0.03898199824575,0.01333296452675,biweekly,weighted,,region_09
2025-02-15,9,Other,0.023443401074142858,0.038633007928428574,0.013273025650142859,biweekly,weighted,,region_09
2025-02-22,9,Other,0.023254938385035714,0.03828401761110714,0.013213086773535715,biweekly,weighted,,region_09
2025-03-01,9,Other,0.02306647569592857,0.037935027293785714,0.013153147896928572,biweekly,weighted,,region_09
2025-03-08,9,Other,0.022878013006821428,0.03758603697646429,0.01309320902032143,biweekly,weighted,,region_09
2025-03-15,9,Other,0.022689550317714285,0.03723704665914286,0.013033270143714287,biweekly,weighted,,region_09
2025-03-22,9,Other,0.02250108762860714,0.03688805634182143,0.012973331267107143,biweekly,weighted,,region_09
2025-03-29,9,Other,0.022312624939500002,0.0365390660245,0.0129133923905,biweekly,weighted,,region_09
2025-04-05,9,Other,0.02212416225039286,0.036190075707178575,0.012853453513892858,biweekly,weighted,,region_09
2025-04-12,9,Other,0.021935699561285715,0.03584108538985714,0.012793514637285714,biweekly,weighted,,region_09
2025-04-19,9,Other,0.021747236872178572,0.035492095072535715,0.012733575760678571,biweekly,weighted,,region_09
2025-04-26,9,Other,0.02155877418307143,0.03514310475521429,0.01267363688407143,biweekly,weighted,,region_09
2025-05-03,9,Other,0.021370311493964286,0.03479411443789286,0.012613698007464286,biweekly,weighted,,region_09
2025-05-10,9,Other,0.021181848804857142,0.03444512412057143,0.012553759130857142,biweekly,weighted,,region_09
2025-05-17,9,Other,0.02099338611575,0.03409613380325,0.01249382025425,biweekly,weighted,,region_09
2025-05-24,9,Other,0.020804923426642856,0.033747143485928575,0.012433881377642857,biweekly,weighted,,region_09
2025-05-31,9,Other,0.020616460737535716,0.03339815316860714,0.012373942501035714,biweekly,weighted,,region_09
2025-06-07,9,Other,0.020427998048428573,0.033049162851285716,0.012314003624428572,biweekly,weighted,,region_09
2025-06-14,9,Other,0.02023953535932143,0.03270017253396429,0.012254064747821428,biweekly,weighted,,region_09
2025-06-21,9,Other,0.020051072670214286,0.032351182216642856,0.012194125871214285,biweekly,weighted,,region_09
2025-06-28,9,Other,0.019862609981107143,0.03200219189932143,0.012134186994607143,biweekly,weighted,,region_09
2025-07-05,9,Other,0.019674147292,0.031653201582,0.012074248118,4_week,empiric,0.0,region_09
2025-07-12,9,Other,0.018406613124,0.029211338424,0.011467409614333332,4_week,empiric,,region_09
2025-07-19,9,Other,0.017139078956,0.026769475266,0.010860571110666666,4_week,empiric,,region_09
2025-07-26,9,Other,0.015871544788,0.024327612108000003,0.010253732607,4_week,empiric,,region_09
2025-08-02,9,Other,0.014604010620000002,0.021885748950000002,0.009646894103333333,4_week,empiric,0.0,region_09
2025-08-09,9,Other,0.013657425220833335,0.02036083435166667,0.009073587991666666,4_week,empiric,,region_09
2025-08-16,9,Other,0.012710839821666667,0.018835919753333333,0.00850028188,4_week,empiric,,region_09
2025-08-23,9,Other,0.011764254422499999,0.017311005155,0.007926975768333334,4_week,empiric,,region_09
2025-08-30,9,Other,0.010817669023333332,0.015786090556666667,0.0073536696566666665,4_week,empiric,0.0,region_09
2021-03-06,9,P.1,0.0040383675375,0.0135711503675,0.0011935947125,weekly,weighted,0.0,region_09
2021-03-13,9,P.1,0.0097171212525,0.0179965859275,0.00522766891,weekly,weighted,0.0,region_09
2021-03-20,9,P.1,0.0177645767125,0.021567698099999998,0.014622983987500001,weekly,weighted,0.0,region_09
2021-03-27,9,P.1,0.03024903545,0.054580680095,0.01657567825,weekly,weighted,0.0,region_09
2021-04-03,9,P.1,0.0459050778275,0.06556598842,0.031944613905,weekly,weighted,0.0,region_09
2021-04-10,9,P.1,0.0507492749025,0.0563328182325,0.0456982348125,weekly,weighted,0.0,region_09
2021-04-17,9,P.1,0.073145542295,0.10605465062,0.049886199645000004,weekly,weighted,0.0,region_09
2021-04-24,9,P.1,0.093411775305,0.13317666016500002,0.0646334793425,weekly,weighted,0.0,region_09
2021-05-01,9,P.1,0.0942090172325,0.12683858536249998,0.069445360455,weekly,weighted,0.0,region_09
2021-05-08,9,P.1,0.093176152555,0.1189282238475,0.0725450962775,weekly,weighted,0.0,region_09
2021-05-15,9,P.1,0.10310928949285714,0.18985864945857142,0.055699114290000004,weekly,weighted,0.0,region_09
2021-05-22,9,P.1,0.11025574909714285,0.18196807801571427,0.06469542639571428,weekly,weighted,0.0,region_09
2021-05-29,9,P.1,0.1323757161,0.1847119459085714,0.09295672816857144,weekly,weighted,0.0,region_09
2021-06-05,9,P.1,0.1490830736514286,0.21698715644142857,0.09901255688714285,weekly,weighted,0.0,region_09
2021-06-12,9,P.1,0.17530046651666667,0.30227913955833335,0.09687984362166667,weekly,weighted,0.0,region_09
2021-06-19,9,P.1,0.11627961163,0.17404309128,0.07563368869714285,weekly,weighted,0.0,region_09
2021-06-26,9,P.1,0.09602087842428572,0.17808305791571427,0.050864446374285714,weekly,weighted,0.0,region_09
2021-07-03,9,P.1,0.07303178948857143,0.12790278664714286,0.040664381214285714,weekly,weighted,0.0,region_09
2021-07-10,9,P.1,0.04228199699142857,0.07280954399285713,0.023547500105714287,weekly,weighted,0.0,region_09
2021-07-17,9,P.1,0.024895351114285712,0.05685606173142858,0.011258975602857144,weekly,weighted,0.0,region_09
2021-07-24,9,P.1,0.013191122295714286,0.02600366223142857,0.0068458749114285716,weekly,weighted,0.0,region_09
2021-07-31,9,P.1,0.0052731017750000005,0.00930407007,0.003010114345,weekly,weighted,0.0,region_09
2021-08-07,9,P.1,0.004699252236666666,0.008365380345000001,0.0026362297766666667,weekly,weighted,0.0,region_09
2021-08-14,9,P.1,0.0031023417433333335,0.009012613756666668,0.0010682135866666666,weekly,weighted,0.0,region_09
2021-08-21,9,P.1,0.0018162204233333333,0.006389849816666667,0.0005179979299999999,weekly,weighted,0.0,region_09
2021-02-27,9,P.2,0.00448533846,0.0110046491,0.00182104891,biweekly,weighted,0.0,region_09
2025-03-15,9,PA.1,0.030581938103333334,0.05228390917333333,0.01613346301,biweekly,weighted,0.0,region_09
2025-03-22,9,PA.1,0.02908106233638889,0.04985153054305555,0.015341079949166668,biweekly,weighted,,region_09
2025-03-29,9,PA.1,0.027580186569444446,0.04741915191277778,0.014548696888333334,biweekly,weighted,,region_09
2025-04-05,9,PA.1,0.026079310802500002,0.044986773282499996,0.013756313827500002,biweekly,weighted,,region_09
2025-04-12,9,PA.1,0.024578435035555558,0.04255439465222222,0.012963930766666668,biweekly,weighted,,region_09
2025-04-19,9,PA.1,0.023077559268611113,0.04012201602194444,0.012171547705833334,biweekly,weighted,,region_09
2025-04-26,9,PA.1,0.02157668350166667,0.03768963739166667,0.011379164645,biweekly,weighted,,region_09
2025-05-03,9,PA.1,0.020075807734722225,0.03525725876138889,0.010586781584166666,biweekly,weighted,,region_09
2025-05-10,9,PA.1,0.018574931967777777,0.03282488013111111,0.009794398523333334,biweekly,weighted,,region_09
2025-05-17,9,PA.1,0.017074056200833333,0.030392501500833335,0.0090020154625,biweekly,weighted,,region_09
2025-05-24,9,PA.1,0.01557318043388889,0.02796012287055556,0.008209632401666667,biweekly,weighted,,region_09
2025-05-31,9,PA.1,0.014072304666944447,0.025527744240277782,0.007417249340833333,biweekly,weighted,,region_09
2025-06-07,9,PA.1,0.0125714289,0.02309536561,0.00662486628,4_week,empiric,0.0,region_09
2025-08-30,9,PQ.17,0.01517956331,0.02073907666,0.01105179079,4_week,empiric,0.0,region_09
2022-10-08,9,XBB,0.005852036049444444,0.009765083642222222,0.003222935692222222,weekly,weighted,0.0,region_09
2022-10-15,9,XBB,0.008105716272129629,0.013944238872314815,0.004274031363981481,weekly,weighted,,region_09
2022-10-22,9,XBB,0.010359396494814814,0.01812339410240741,0.005325127035740741,weekly,weighted,,region_09
2022-10-29,9,XBB,0.0126130767175,0.0223025493325,0.0063762227075,weekly,weighted,0.0,region_09
2022-11-05,9,XBB,0.022592702492083335,0.030094582665416664,0.016625209439583333,weekly,weighted,0.0,region_09
2022-11-12,9,XBB,0.02942998245695652,0.042482704894782605,0.019543741059999998,weekly,weighted,0.0,region_09
2022-11-19,9,XBB,0.021482161556666667,0.033740643413333334,0.012787242419999999,weekly,weighted,0.0,region_09
2022-11-26,9,XBB,0.045060842299,0.07139027752,0.026475010998999998,weekly,weighted,0.0,region_09
2022-12-03,9,XBB,0.05467347271473685,0.08913622796578947,0.03076681641684211,weekly,weighted,0.0,region_09
2022-12-10,9,XBB,0.05023096719083334,0.081284188975,0.028565140907499998,weekly,weighted,0.0,region_09
2022-12-17,9,XBB,0.045813399552,0.069259135424,0.02873350121,weekly,weighted,0.0,region_09
2022-12-24,9,XBB,0.031580561307500005,0.042236234992499996,0.0230618612875,weekly,weighted,0.0,region_09
2022-12-31,9,XBB,0.042353399331875,0.06044347490875,0.02864226221625,weekly,weighted,0.0,region_09
2023-01-07,9,XBB,0.05795166989266667,0.07175154735666668,0.046121375511333336,weekly,weighted,0.0,region_09
2023-01-14,9,XBB,0.04718988442,0.05655179891428571,0.03898770468642857,weekly,weighted,0.0,region_09
2023-01-21,9,XBB,0.048577076826923075,0.06298542910846154,0.03667189094846154,weekly,weighted,0.0,region_09
2023-01-28,9,XBB,0.04732067603666667,0.069893837595,0.030434660148333334,weekly,weighted,0.0,region_09
2023-02-04,9,XBB,0.038663800807272726,0.06113079766181818,0.022753378714545455,weekly,weighted,0.0,region_09
2023-02-11,9,XBB,0.030615914197777774,0.04162671872222222,0.021873679426666667,weekly,weighted,0.0,region_09
2023-02-18,9,XBB,0.028377499015555554,0.03929749752,0.01981807313888889,weekly,weighted,0.0,region_09
2023-02-25,9,XBB,0.02106633968625,0.0299828283025,0.0142399338075,weekly,weighted,0.0,region_09
2023-03-04,9,XBB,0.029846272988,0.051435979458000006,0.015574550811999998,weekly,weighted,0.0,region_09
2023-03-11,9,XBB,0.014960308185999999,0.022039305789999998,0.00969198644,weekly,weighted,0.0,region_09
2023-03-18,9,XBB,0.019941787236,0.027388795466,0.014074632526,weekly,weighted,0.0,region_09
2023-03-25,9,XBB,0.017461878715,0.0253217350675,0.011549291435,weekly,weighted,0.0,region_09
2023-04-01,9,XBB,0.015257657505000001,0.02468841523,0.00873558759,weekly,weighted,0.0,region_09
2023-04-08,9,XBB,0.015223482022227272,0.022994349406454544,0.00959720627609091,weekly,weighted,,region_09
2023-04-15,9,XBB,0.015189306539454545,0.02130028358290909,0.010458824962181819,biweekly,weighted,0.0,region_09
2023-04-22,9,XBB,0.01748803143500505,0.02382276135376936,0.012480861026646466,biweekly,weighted,,region_09
2023-04-29,9,XBB,0.019786756330555554,0.02634523912462963,0.01450289709111111,biweekly,weighted,0.0,region_09
2023-05-06,9,XBB,0.022022106255655136,0.02830436366165444,0.016835122205366874,biweekly,weighted,,region_09
2023-05-13,9,XBB,0.024257456180754717,0.030263488198679245,0.01916734731962264,biweekly,weighted,0.0,region_09
2023-05-20,9,XBB,0.028279069620761974,0.03581636765280116,0.021973557470676704,biweekly,weighted,,region_09
2023-05-27,9,XBB,0.032300683060769234,0.04136924710692307,0.02477976762173077,biweekly,weighted,0.0,region_09
2023-06-03,9,XBB,0.0356636659446003,0.04857090496444193,0.025490289545865387,biweekly,weighted,,region_09
2023-06-10,9,XBB,0.03902664882843137,0.05577256282196078,0.02620081147,biweekly,weighted,0.0,region_09
2023-06-17,9,XBB,0.042684779417415684,0.06192307966448039,0.0281136259332,biweekly,weighted,,region_09
2023-06-24,9,XBB,0.0463429100064,0.06807359650700001,0.030026440396399998,biweekly,weighted,0.0,region_09
2023-07-01,9,XBB,0.04483516277901632,0.06172738707339796,0.031648503968914284,biweekly,weighted,,region_09
2023-07-08,9,XBB,0.04332741555163265,0.05538117763979592,0.03327056754142857,biweekly,weighted,0.0,region_09
2023-07-15,9,XBB,0.04208620321185799,0.05406899305260629,0.03216582952019345,biweekly,weighted,,region_09
2023-07-22,9,XBB,0.040844990872083334,0.052756808465416666,0.031061091498958332,biweekly,weighted,0.0,region_09
2023-07-29,9,XBB,0.04505860049593528,0.05570830230643174,0.0360351840249047,biweekly,weighted,,region_09
2023-08-05,9,XBB,0.04927221011978723,0.05865979614744681,0.04100927655085106,biweekly,weighted,0.0,region_09
2023-08-12,9,XBB,0.049434234056741445,0.058333870058723404,0.041551130222599444,biweekly,weighted,,region_09
2023-08-19,9,XBB,0.04959625799369566,0.058007943969999996,0.042092983894347825,biweekly,weighted,0.0,region_09
2023-08-26,9,XBB,0.041654335536958936,0.04953138017433333,0.03473266005795169,biweekly,weighted,,region_09
2023-09-02,9,XBB,0.03371241308022222,0.04105481637866667,0.027372336221555556,biweekly,weighted,0.0,region_09
2023-09-09,9,XBB,0.0330703880397702,0.040566360604901514,0.026635633884527776,biweekly,weighted,,region_09
2023-09-16,9,XBB,0.03242836299931818,0.040077904831136366,0.0258989315475,biweekly,weighted,0.0,region_09
2023-09-23,9,XBB,0.03927437514819568,0.05464397702508038,0.027501575262774393,biweekly,weighted,,region_09
2023-09-30,9,XBB,0.04612038729707317,0.06921004921902439,0.029104218978048782,biweekly,weighted,0.0,region_09
2023-10-07,9,XBB,0.0344125351153223,0.05210037995665505,0.021477547930929153,biweekly,weighted,,region_09
2023-10-14,9,XBB,0.02270468293357143,0.034990710694285714,0.013850876883809524,biweekly,weighted,0.0,region_09
2023-10-21,9,XBB,0.019500022825932058,0.029013773432020905,0.012481886827514518,biweekly,weighted,,region_09
2023-10-28,9,XBB,0.016295362718292683,0.0230368361697561,0.011112896771219512,biweekly,weighted,0.0,region_09
2023-11-04,9,XBB,0.015432072273896341,0.02431655332362805,0.009271672163734757,biweekly,weighted,,region_09
2023-11-11,9,XBB,0.0145687818295,0.0255962704775,0.00743044755625,biweekly,weighted,0.0,region_09
2023-11-18,9,XBB,0.012773595942249999,0.02246044313732143,0.006510403335625,biweekly,weighted,,region_09
2023-11-25,9,XBB,0.010978410055,0.01932461579714286,0.005590359115,biweekly,weighted,0.0,region_09
2023-12-02,9,XBB,0.00957200274118421,0.016204180344887218,0.005169462485,biweekly,weighted,,region_09
2023-12-09,9,XBB,0.008165595427368421,0.01308374489263158,0.004748565855,biweekly,weighted,0.0,region_09
2023-12-16,9,XBB,0.007534394118505639,0.012460309645601504,0.004201651174285714,biweekly,weighted,,region_09
2023-12-23,9,XBB,0.006903192809642857,0.011836874398571428,0.0036547364935714285,biweekly,weighted,0.0,region_09
2023-04-01,9,XBB.1.16,0.02114077657,0.03499868512,0.01170582417,weekly,weighted,0.0,region_09
2023-04-08,9,XBB.1.16,0.024018326775,0.03661546111,0.01486571925,weekly,weighted,0.0,region_09
2023-04-15,9,XBB.1.16,0.02189332561781818,0.027193745632363635,0.017437479779999997,biweekly,weighted,0.0,region_09
2023-04-22,9,XBB.1.16,0.03262150034659427,0.04185862944423737,0.02497246151407407,biweekly,weighted,,region_09
2023-04-29,9,XBB.1.16,0.04334967507537037,0.05652351325611111,0.032507443248148145,biweekly,weighted,0.0,region_09
2023-05-06,9,XBB.1.16,0.05116227659985499,0.06438898168475367,0.040006778594074074,biweekly,weighted,,region_09
2023-05-13,9,XBB.1.16,0.05897487812433962,0.07225445011339622,0.047506113940000004,biweekly,weighted,0.0,region_09
2023-05-20,9,XBB.1.16,0.07691541735716981,0.09140851111285196,0.06416975157442309,biweekly,weighted,,region_09
2023-05-27,9,XBB.1.16,0.09485595659,0.1105625721123077,0.08083338920884617,biweekly,weighted,0.0,region_09
2023-06-03,9,XBB.1.16,0.1086774504959804,0.1283221647122323,0.09117965927256033,biweekly,weighted,,region_09
2023-06-10,9,XBB.1.16,0.1224989444019608,0.14608175731215686,0.10152592933627451,biweekly,weighted,0.0,region_09
2023-06-17,9,XBB.1.16,0.13226452022818042,0.16758681643267842,0.10223795439523725,biweekly,weighted,,region_09
2023-06-24,9,XBB.1.16,0.1420300960544,0.18909187555319998,0.10294997945420001,biweekly,weighted,0.0,region_09
2023-07-01,9,XBB.1.16,0.14329270906005714,0.18005062473078365,0.1118754440160796,biweekly,weighted,,region_09
2023-07-08,9,XBB.1.16,0.14455532206571428,0.17100937390836735,0.12080090857795919,biweekly,weighted,0.0,region_09
2023-07-15,9,XBB.1.16,0.14791596068566965,0.178340393457517,0.1209720126746046,biweekly,weighted,,region_09
2023-07-22,9,XBB.1.16,0.151276599305625,0.18567141300666667,0.12114311677125,biweekly,weighted,0.0,region_09
2023-07-29,9,XBB.1.16,0.13864819194579123,0.16553313529120567,0.11480057914073138,biweekly,weighted,,region_09
2023-08-05,9,XBB.1.16,0.12601978458595745,0.14539485757574466,0.10845804151021277,biweekly,weighted,0.0,region_09
2023-08-12,9,XBB.1.16,0.12476971071884829,0.14060198633472015,0.11021514844999769,biweekly,weighted,,region_09
2023-08-19,9,XBB.1.16,0.12351963685173913,0.13580911509369564,0.1119722553897826,biweekly,weighted,0.0,region_09
2023-08-26,9,XBB.1.16,0.10552484127975845,0.11711678125195893,0.09473285644333575,biweekly,weighted,,region_09
2023-09-02,9,XBB.1.16,0.08753004570777778,0.09842444741022223,0.07749345749688889,biweekly,weighted,0.0,region_09
2023-09-09,9,XBB.1.16,0.07602617844150253,0.08649536021431567,0.06648519691935353,biweekly,weighted,,region_09
2023-09-16,9,XBB.1.16,0.06452231117522728,0.0745662730184091,0.05547693634181818,biweekly,weighted,0.0,region_09
2023-09-23,9,XBB.1.16,0.057749715307613636,0.06805704349955338,0.048619961421839324,biweekly,weighted,,region_09
2023-09-30,9,XBB.1.16,0.050977119439999996,0.061547813980697676,0.041762986501860465,biweekly,weighted,0.0,region_09
2023-10-07,9,XBB.1.16,0.040045624097499996,0.050292772528682174,0.03146174767021595,biweekly,weighted,,region_09
2023-10-14,9,XBB.1.16,0.029114128755,0.03903773107666667,0.02116050883857143,biweekly,weighted,0.0,region_09
2023-10-21,9,XBB.1.16,0.028890497616375,0.039009273038833336,0.020820455745535715,biweekly,weighted,,region_09
2023-10-28,9,XBB.1.16,0.028666866477750002,0.038980815001,0.0204804026525,biweekly,weighted,0.0,region_09
2023-11-04,9,XBB.1.16,0.02405800593575,0.034644732741,0.016094761819625,biweekly,weighted,,region_09
2023-11-11,9,XBB.1.16,0.01944914539375,0.030308650481,0.011709120986750001,biweekly,weighted,0.0,region_09
2023-11-18,9,XBB.1.16,0.015102076741875,0.0247620594005,0.008533998823375001,biweekly,weighted,,region_09
2023-11-25,9,XBB.1.16,0.01075500809,0.01921546832,0.00535887666,biweekly,weighted,0.0,region_09
2023-12-02,9,XBB.1.16,0.009413151023142857,0.016681034246500002,0.004750304342642857,biweekly,weighted,,region_09
2023-12-09,9,XBB.1.16,0.008071293956285714,0.014146600173,0.004141732025285715,biweekly,weighted,,region_09
2023-12-16,9,XBB.1.16,0.006729436889428572,0.011612166099499999,0.003533159707928572,biweekly,weighted,,region_09
2023-12-23,9,XBB.1.16,0.0053875798225714285,0.009077732025999999,0.0029245873905714287,biweekly,weighted,0.0,region_09
2023-04-15,9,XBB.1.16.1,0.007769227968148148,0.012084678988888889,0.004694969815555556,biweekly,weighted,0.0,region_09
2023-04-22,9,XBB.1.16.1,0.013807732616574073,0.01927158400416667,0.009616248641666667,biweekly,weighted,,region_09
2023-04-29,9,XBB.1.16.1,0.019846237264999997,0.026458489019444444,0.014537527467777778,biweekly,weighted,0.0,region_09
2023-05-06,9,XBB.1.16.1,0.029873103825801883,0.04351850641047694,0.019643277419549268,biweekly,weighted,,region_09
2023-05-13,9,XBB.1.16.1,0.03989997038660377,0.06057852380150943,0.024749027371320755,biweekly,weighted,0.0,region_09
2023-05-20,9,XBB.1.16.1,0.0509084727024365,0.07409453378940856,0.03334576739710269,biweekly,weighted,,region_09
2023-05-27,9,XBB.1.16.1,0.06191697501826923,0.08761054377730769,0.04194250742288462,biweekly,weighted,0.0,region_09
2023-06-03,9,XBB.1.16.1,0.06591752721462482,0.09012769870208522,0.046636619126638384,biweekly,weighted,,region_09
2023-06-10,9,XBB.1.16.1,0.0699180794109804,0.09264485362686274,0.051330730830392156,biweekly,weighted,0.0,region_09
2023-06-17,9,XBB.1.16.1,0.0706131401082902,0.08954591134483136,0.054715598630496076,biweekly,weighted,,region_09
2023-06-24,9,XBB.1.16.1,0.0713082008056,0.0864469690628,0.0581004664306,biweekly,weighted,0.0,region_09
2023-07-01,9,XBB.1.16.1,0.06845378531113333,0.08668895069223334,0.05313501715040417,biweekly,weighted,,region_09
2023-07-08,9,XBB.1.16.1,0.06559936981666667,0.08693093232166667,0.04816956787020834,biweekly,weighted,0.0,region_09
2023-07-15,9,XBB.1.16.1,0.06228813936479166,0.07957527437239584,0.04785053963583334,biweekly,weighted,,region_09
2023-07-22,9,XBB.1.16.1,0.05897690891291666,0.07221961642312501,0.04753151140145834,biweekly,weighted,0.0,region_09
2023-07-29,9,XBB.1.16.1,0.059093746081777476,0.0718933596865625,0.047981390890303635,biweekly,weighted,,region_09
2023-08-05,9,XBB.1.16.1,0.0592105832506383,0.07156710295,0.04843127037914894,biweekly,weighted,0.0,region_09
2023-08-12,9,XBB.1.16.1,0.06373939671564524,0.07612610228108696,0.05283593482990055,biweekly,weighted,,region_09
2023-08-19,9,XBB.1.16.1,0.06826821018065217,0.08068510161217392,0.05724059928065217,biweekly,weighted,0.0,region_09
2023-08-26,9,XBB.1.16.1,0.06360605271554831,0.07469576762630918,0.05373415957843719,biweekly,weighted,,region_09
2023-09-02,9,XBB.1.16.1,0.058943895250444446,0.06870643364044444,0.05022771987622222,biweekly,weighted,0.0,region_09
2023-09-09,9,XBB.1.16.1,0.04963746610113132,0.05982793533840404,0.04080774184708838,biweekly,weighted,,region_09
2023-09-16,9,XBB.1.16.1,0.04033103695181818,0.050949437036363635,0.03138776381795454,biweekly,weighted,0.0,region_09
2023-09-23,9,XBB.1.16.1,0.03733596277986258,0.05091206779864693,0.02671531872920983,biweekly,weighted,,region_09
2023-09-30,9,XBB.1.16.1,0.03434088860790698,0.050874698560930236,0.022042873640465116,biweekly,weighted,0.0,region_09
2023-10-07,9,XBB.1.16.1,0.025751782521453492,0.038203513542131785,0.016508187485113512,biweekly,weighted,,region_09
2023-10-14,9,XBB.1.16.1,0.017162676435,0.025532328523333335,0.010973501329761905,biweekly,weighted,0.0,region_09
2023-10-21,9,XBB.1.16.1,0.016368421361602565,0.023798309755769232,0.010781462423470696,biweekly,weighted,,region_09
2023-10-28,9,XBB.1.16.1,0.015574166288205129,0.02206429098820513,0.010589423517179487,biweekly,weighted,0.0,region_09
2023-11-04,9,XBB.1.16.1,0.013275759741868131,0.01930287363338599,0.008778075146902473,biweekly,weighted,,region_09
2023-11-11,9,XBB.1.16.1,0.010977353195531135,0.01654145627856685,0.006966726776625458,biweekly,weighted,,region_09
2023-11-18,9,XBB.1.16.1,0.00867894664919414,0.013780038923747712,0.005155378406348443,biweekly,weighted,,region_09
2023-11-25,9,XBB.1.16.1,0.006380540102857143,0.011018621568928572,0.0033440300360714284,biweekly,weighted,0.0,region_09
2023-07-08,9,XBB.1.16.11,0.009012068493863636,0.015250320567272728,0.004859138681818182,biweekly,weighted,0.0,region_09
2023-07-15,9,XBB.1.16.11,0.011270094479804158,0.017398261604274663,0.006922467227930367,biweekly,weighted,,region_09
2023-07-22,9,XBB.1.16.11,0.01352812046574468,0.019546202641276596,0.008985795774042554,biweekly,weighted,0.0,region_09
2023-07-29,9,XBB.1.16.11,0.01333655468187234,0.018952718267638297,0.009041263540687943,biweekly,weighted,,region_09
2023-08-05,9,XBB.1.16.11,0.013144988898,0.018359233893999998,0.009096731307333333,biweekly,weighted,0.0,region_09
2023-08-12,9,XBB.1.16.11,0.016297138765086955,0.022714934486673912,0.011314299290188404,biweekly,weighted,,region_09
2023-08-19,9,XBB.1.16.11,0.019449288632173913,0.027070635079347826,0.013531867273043478,biweekly,weighted,0.0,region_09
2023-08-26,9,XBB.1.16.11,0.023459614061198064,0.03512626837634058,0.014925216357410627,biweekly,weighted,,region_09
2023-09-02,9,XBB.1.16.11,0.02746993949022222,0.043181901673333335,0.016318565441777778,biweekly,weighted,0.0,region_09
2023-09-09,9,XBB.1.16.11,0.02793812666136111,0.03939953220064394,0.019329526755661616,biweekly,weighted,,region_09
2023-09-16,9,XBB.1.16.11,0.0284063138325,0.035617162727954545,0.022340488069545455,biweekly,weighted,0.0,region_09
2023-09-23,9,XBB.1.16.11,0.028893869746831394,0.03629566004339588,0.022669526548842495,biweekly,weighted,,region_09
2023-09-30,9,XBB.1.16.11,0.02938142566116279,0.03697415735883721,0.022998565028139534,biweekly,weighted,0.0,region_09
2023-10-07,9,XBB.1.16.11,0.036146449261890916,0.0465513228398948,0.0275310268499031,biweekly,weighted,,region_09
2023-10-14,9,XBB.1.16.11,0.042911472862619045,0.05612848832095238,0.03206348867166667,biweekly,weighted,0.0,region_09
2023-10-21,9,XBB.1.16.11,0.03384628479455952,0.04601752801235119,0.024222027875833333,biweekly,weighted,,region_09
2023-10-28,9,XBB.1.16.11,0.024781096726499998,0.03590656770375,0.01638056708,biweekly,weighted,0.0,region_09
2023-11-04,9,XBB.1.16.11,0.025475402481839743,0.03798883475751603,0.016241167815128205,biweekly,weighted,,region_09
2023-11-11,9,XBB.1.16.11,0.026169708237179484,0.04007110181128205,0.016101768550256412,biweekly,weighted,0.0,region_09
2023-11-18,9,XBB.1.16.11,0.024825787004615383,0.03927818208115384,0.01465370036769231,biweekly,weighted,,region_09
2023-11-25,9,XBB.1.16.11,0.02348186577205128,0.03848526235102564,0.013205632185128206,biweekly,weighted,0.0,region_09
2023-12-02,9,XBB.1.16.11,0.016207601310608975,0.026168220075790595,0.00931411097159188,biweekly,weighted,,region_09
2023-12-09,9,XBB.1.16.11,0.008933336849166666,0.013851177800555555,0.005422589758055556,biweekly,weighted,0.0,region_09
2023-08-19,9,XBB.1.16.15,0.006784444548181819,0.010603249158181819,0.004077213520909091,biweekly,weighted,0.0,region_09
2023-08-26,9,XBB.1.16.15,0.009940831827424243,0.015067222943646465,0.006215226668232323,biweekly,weighted,,region_09
2023-09-02,9,XBB.1.16.15,0.013097219106666667,0.01953119672911111,0.008353239815555556,biweekly,weighted,0.0,region_09
2023-09-09,9,XBB.1.16.15,0.012216000461333334,0.018115919735555555,0.007857012937777779,biweekly,weighted,,region_09
2023-09-16,9,XBB.1.16.15,0.011334781816,0.016700642741999998,0.007360786060000001,biweekly,weighted,0.0,region_09
2023-09-23,9,XBB.1.16.15,0.013261018472285713,0.01999513548992857,0.008351091946428572,biweekly,weighted,,region_09
2023-09-30,9,XBB.1.16.15,0.015187255128571428,0.023289628237857143,0.009341397832857142,biweekly,weighted,0.0,region_09
2023-10-07,9,XBB.1.16.15,0.014639245257142858,0.02194353288392857,0.009280255020357142,biweekly,weighted,,region_09
2023-10-14,9,XBB.1.16.15,0.014091235385714287,0.020597437530000002,0.009219112207857143,biweekly,weighted,0.0,region_09
2023-10-21,9,XBB.1.16.15,0.011794758408,0.018217832315857142,0.007223472265642857,biweekly,weighted,,region_09
2023-10-28,9,XBB.1.16.15,0.009498281430285714,0.015838227101714286,0.005227832323428572,biweekly,weighted,0.0,region_09
2023-11-04,9,XBB.1.16.15,0.009266008983160715,0.015410948303607144,0.005117794108107143,biweekly,weighted,,region_09
2023-11-11,9,XBB.1.16.15,0.009033736536035715,0.014983669505500001,0.005007755892785714,biweekly,weighted,,region_09
2023-11-18,9,XBB.1.16.15,0.008801464088910714,0.014556390707392857,0.004897717677464285,biweekly,weighted,,region_09
2023-11-25,9,XBB.1.16.15,0.008569191641785715,0.014129111909285714,0.0047876794621428565,biweekly,weighted,0.0,region_09
2023-07-22,9,XBB.1.16.6,0.036170427338541665,0.05002987245104167,0.025319278162291667,biweekly,weighted,0.0,region_09
2023-07-29,9,XBB.1.16.6,0.039716168300121896,0.05780983139105275,0.026089312747316046,biweekly,weighted,,region_09
2023-08-05,9,XBB.1.16.6,0.043261909261702126,0.06558979033106384,0.026859347332340425,biweekly,weighted,0.0,region_09
2023-08-12,9,XBB.1.16.6,0.049847566629438025,0.06665697437564061,0.03672222318790934,biweekly,weighted,,region_09
2023-08-19,9,XBB.1.16.6,0.05643322399717392,0.0677241584202174,0.04658509904347826,biweekly,weighted,0.0,region_09
2023-08-26,9,XBB.1.16.6,0.06244360191014252,0.07367370719099758,0.05250293201473913,biweekly,weighted,,region_09
2023-09-02,9,XBB.1.16.6,0.06845397982311112,0.07962325596177779,0.058420764986000004,biweekly,weighted,0.0,region_09
2023-09-09,9,XBB.1.16.6,0.07895726391837374,0.09303360673645708,0.06640914600334091,biweekly,weighted,,region_09
2023-09-16,9,XBB.1.16.6,0.08946054801363636,0.10644395751113636,0.07439752702068182,biweekly,weighted,0.0,region_09
2023-09-23,9,XBB.1.16.6,0.08769060225181818,0.10216256342521934,0.0747048492659223,biweekly,weighted,,region_09
2023-09-30,9,XBB.1.16.6,0.08592065649,0.09788116933930234,0.07501217151116278,biweekly,weighted,0.0,region_09
2023-10-07,9,XBB.1.16.6,0.07784804419761904,0.09021600520643688,0.06672379203891472,biweekly,weighted,,region_09
2023-10-14,9,XBB.1.16.6,0.06977543190523809,0.08255084107357143,0.058435412566666664,biweekly,weighted,0.0,region_09
2023-10-21,9,XBB.1.16.6,0.062115989812740996,0.07411446423861498,0.051551146858455285,biweekly,weighted,,region_09
2023-10-28,9,XBB.1.16.6,0.05445654772024391,0.06567808740365853,0.044666881150243906,biweekly,weighted,0.0,region_09
2023-11-04,9,XBB.1.16.6,0.04894725515524703,0.06096245436678236,0.03891356254967011,biweekly,weighted,,region_09
2023-11-11,9,XBB.1.16.6,0.04343796259025016,0.05624682132990619,0.033160243949096314,biweekly,weighted,,region_09
2023-11-18,9,XBB.1.16.6,0.03792867002525328,0.05153118829303002,0.027406925348522515,biweekly,weighted,,region_09
2023-11-25,9,XBB.1.16.6,0.03241937746025641,0.04681555525615385,0.02165360674794872,biweekly,weighted,0.0,region_09
2023-12-02,9,XBB.1.16.6,0.025070224287350427,0.03753608166293804,0.01600661363369658,biweekly,weighted,,region_09
2023-12-09,9,XBB.1.16.6,0.017721071114444445,0.02825660806972222,0.010359620519444444,biweekly,weighted,0.0,region_09
2023-12-16,9,XBB.1.16.6,0.01451288484388889,0.024159072314384918,0.008023591690198412,biweekly,weighted,,region_09
2023-12-23,9,XBB.1.16.6,0.011304698573333334,0.02006153655904762,0.005687562860952381,biweekly,weighted,0.0,region_09
2023-06-24,9,XBB.1.42.2,0.016160412948723404,0.02643817104382979,0.009110798702340427,biweekly,weighted,0.0,region_09
2023-07-01,9,XBB.1.42.2,0.02164917643480615,0.036409070445803784,0.011738546769503547,biweekly,weighted,,region_09
2023-07-08,9,XBB.1.42.2,0.02713793992088889,0.04637996984777778,0.014366294836666666,biweekly,weighted,0.0,region_09
2023-07-15,9,XBB.1.42.2,0.024852739455444445,0.04160127300236715,0.013562667412463768,biweekly,weighted,,region_09
2023-07-22,9,XBB.1.42.2,0.022567538989999997,0.03682257615695652,0.01275903998826087,biweekly,weighted,0.0,region_09
2023-07-29,9,XBB.1.42.2,0.026030741151,0.040975003026589366,0.015463781513019324,biweekly,weighted,,region_09
2023-08-05,9,XBB.1.42.2,0.029493943312,0.04512742989622222,0.018168523037777776,biweekly,weighted,0.0,region_09
2023-08-12,9,XBB.1.42.2,0.03141409900186957,0.04914414972648068,0.018775368828236716,biweekly,weighted,,region_09
2023-08-19,9,XBB.1.42.2,0.03333425469173913,0.05316086955673913,0.019382214618695652,biweekly,weighted,0.0,region_09
2023-08-26,9,XBB.1.42.2,0.031087015905869566,0.04950876334248068,0.018117592643903384,biweekly,weighted,,region_09
2023-09-02,9,XBB.1.42.2,0.02883977712,0.04585665712822222,0.016852970669111112,biweekly,weighted,0.0,region_09
2023-09-09,9,XBB.1.42.2,0.025894534377222223,0.04154597314699074,0.014968876991481483,biweekly,weighted,,region_09
2023-09-16,9,XBB.1.42.2,0.022949291634444445,0.03723528916575926,0.013084783313851852,biweekly,weighted,,region_09
2023-09-23,9,XBB.1.42.2,0.020004048891666668,0.03292460518452778,0.011200689636222222,biweekly,weighted,,region_09
2023-09-30,9,XBB.1.42.2,0.01705880614888889,0.028613921203296293,0.009316595958592591,biweekly,weighted,,region_09
2023-10-07,9,XBB.1.42.2,0.014113563406111113,0.024303237222064813,0.007432502280962962,biweekly,weighted,,region_09
2023-10-14,9,XBB.1.42.2,0.011168320663333333,0.019992553240833332,0.005548408603333333,biweekly,weighted,0.0,region_09
2022-12-03,9,XBB.1.5,0.0026495114166666667,0.004666030923333333,0.00135230507,weekly,weighted,0.0,region_09
2022-12-10,9,XBB.1.5,0.008749973297894736,0.011939737995263159,0.0062348306126315785,weekly,weighted,0.0,region_09
2022-12-17,9,XBB.1.5,0.016616505207777778,0.022313263371666666,0.012090528383888889,weekly,weighted,0.0,region_09
2022-12-24,9,XBB.1.5,0.03824672738294117,0.045095240807058824,0.03218743281764706,weekly,weighted,0.0,region_09
2022-12-31,9,XBB.1.5,0.055462273769375,0.066678741015,0.045701847644375,weekly,weighted,0.0,region_09
2023-01-07,9,XBB.1.5,0.10558921098599999,0.12830494890533334,0.085773384572,weekly,weighted,0.0,region_09
2023-01-14,9,XBB.1.5,0.186126255565,0.21161830531785714,0.16253359935071426,weekly,weighted,0.0,region_09
2023-01-21,9,XBB.1.5,0.2723247638107692,0.3073350626692308,0.23940096451538462,weekly,weighted,0.0,region_09
2023-01-28,9,XBB.1.5,0.36828621725250005,0.41793958346,0.32076402753583333,weekly,weighted,0.0,region_09
2023-02-04,9,XBB.1.5,0.5092890235518182,0.55376027389,0.4647031616081818,weekly,weighted,0.0,region_09
2023-02-11,9,XBB.1.5,0.6304820477975,0.6646027416,0.5953376144175,weekly,weighted,0.0,region_09
2023-02-18,9,XBB.1.5,0.68836327642,0.72077614814125,0.6545208171,weekly,weighted,0.0,region_09
2023-02-25,9,XBB.1.5,0.7974390983549999,0.82168313861,0.77146488428,weekly,weighted,0.0,region_09
2023-03-04,9,XBB.1.5,0.786280721425,0.86309823394,0.6895840168,weekly,weighted,0.0,region_09
2023-03-11,9,XBB.1.5,0.843034148215,0.8797651529349999,0.799911528825,weekly,weighted,0.0,region_09
2023-03-18,9,XBB.1.5,0.762914192678,0.858946800232,0.642370939256,weekly,weighted,0.0,region_09
2023-03-25,9,XBB.1.5,0.7695737481125,0.861022904515,0.6541905999175,weekly,weighted,0.0,region_09
2023-04-01,9,XBB.1.5,0.8023461898166667,0.85024267435,0.74667267005,weekly,weighted,0.0,region_09
2023-04-08,9,XBB.1.5,0.787620425225,0.835284411905,0.733291953805,weekly,weighted,0.0,region_09
2023-04-15,9,XBB.1.5,0.7487159057092727,0.8002223600034545,0.6914393359967272,biweekly,weighted,0.0,region_09
2023-04-22,9,XBB.1.5,0.7291071314034099,0.7789695781558782,0.6744648194642127,biweekly,weighted,,region_09
2023-04-29,9,XBB.1.5,0.7094983570975472,0.7577167963083019,0.6574903029316981,biweekly,weighted,0.0,region_09
2023-05-06,9,XBB.1.5,0.6678640954895283,0.7051948258333962,0.6283407143823585,biweekly,weighted,,region_09
2023-05-13,9,XBB.1.5,0.6262298338815094,0.6526728553584906,0.5991911258330189,biweekly,weighted,0.0,region_09
2023-05-20,9,XBB.1.5,0.5631893708793123,0.6004520021537645,0.5256146840499709,biweekly,weighted,,region_09
2023-05-27,9,XBB.1.5,0.5001489078771153,0.5482311489490385,0.452038242266923,biweekly,weighted,0.0,region_09
2023-06-03,9,XBB.1.5,0.4389169074390479,0.48099933833206826,0.3973223720514027,biweekly,weighted,,region_09
2023-06-10,9,XBB.1.5,0.3776849070009804,0.41376752771509806,0.34260650183588237,biweekly,weighted,0.0,region_09
2023-06-17,9,XBB.1.5,0.3338415272807963,0.371933251392447,0.29742124535671666,biweekly,weighted,,region_09
2023-06-24,9,XBB.1.5,0.28999814756061226,0.3300989750697959,0.252235988877551,biweekly,weighted,0.0,region_09
2023-07-01,9,XBB.1.5,0.26424789170265306,0.29959385097,0.23101572525163266,biweekly,weighted,,region_09
2023-07-08,9,XBB.1.5,0.23849763584469388,0.2690887268702041,0.2097954616257143,biweekly,weighted,0.0,region_09
2023-07-15,9,XBB.1.5,0.21378981036328443,0.24608740959010203,0.18402336862223215,biweekly,weighted,,region_09
2023-07-22,9,XBB.1.5,0.189081984881875,0.22308609230999998,0.15825127561875,biweekly,weighted,0.0,region_09
2023-07-29,9,XBB.1.5,0.15760694187221408,0.1820256630425532,0.13531750910831117,biweekly,weighted,,region_09
2023-08-05,9,XBB.1.5,0.1261318988625532,0.1409652337751064,0.11238374259787233,biweekly,weighted,0.0,region_09
2023-08-12,9,XBB.1.5,0.11076983777964616,0.12521672229396624,0.09750101337947964,biweekly,weighted,,region_09
2023-08-19,9,XBB.1.5,0.09540777669673912,0.10946821081282608,0.08261828416108695,biweekly,weighted,0.0,region_09
2023-08-26,9,XBB.1.5,0.08105148316892512,0.09538766522052415,0.06832054026521014,biweekly,weighted,,region_09
2023-09-02,9,XBB.1.5,0.06669518964111111,0.08130711962822222,0.05402279636933333,biweekly,weighted,0.0,region_09
2023-09-09,9,XBB.1.5,0.05587591998521464,0.06803935551445202,0.04533218537466667,biweekly,weighted,,region_09
2023-09-16,9,XBB.1.5,0.04505665032931818,0.054771591400681816,0.03664157438,biweekly,weighted,0.0,region_09
2023-09-23,9,XBB.1.5,0.04029034829698467,0.04921103151359672,0.032593857075697674,biweekly,weighted,,region_09
2023-09-30,9,XBB.1.5,0.03552404626465116,0.04365047162651163,0.02854613977139535,biweekly,weighted,0.0,region_09
2023-10-07,9,XBB.1.5,0.03460372565065891,0.04615012630539867,0.025425701776650055,biweekly,weighted,,region_09
2023-10-14,9,XBB.1.5,0.03368340503666666,0.04864978098428571,0.022305263781904762,biweekly,weighted,0.0,region_09
2023-10-21,9,XBB.1.5,0.02919206475483333,0.04302911631339286,0.01885818475557738,biweekly,weighted,,region_09
2023-10-28,9,XBB.1.5,0.024700724473,0.0374084516425,0.015411105729249999,biweekly,weighted,0.0,region_09
2023-11-04,9,XBB.1.5,0.021212822531371793,0.031126067124326924,0.013810685325009614,biweekly,weighted,,region_09
2023-11-11,9,XBB.1.5,0.01772492058974359,0.024843682606153845,0.01221026492076923,biweekly,weighted,0.0,region_09
2023-11-18,9,XBB.1.5,0.015354495280961538,0.02222619637307692,0.010222590483461538,biweekly,weighted,,region_09
2023-11-25,9,XBB.1.5,0.012984069972179487,0.01960871014,0.008234916046153846,biweekly,weighted,,region_09
2023-12-02,9,XBB.1.5,0.010613644663397436,0.016991223906923078,0.006247241608846153,biweekly,weighted,,region_09
2023-12-09,9,XBB.1.5,0.008243219354615385,0.014373737673846154,0.004259567171538461,biweekly,weighted,0.0,region_09
2023-12-16,9,XBB.1.5,0.006359815777307693,0.011115568831923077,0.0032765849857692305,biweekly,weighted,,region_09
2023-12-23,9,XBB.1.5,0.0044764122,0.00785739999,0.0022936028,biweekly,weighted,0.0,region_09
2023-04-01,9,XBB.1.5.1,0.014770571143333333,0.02452184446,0.00816623308,weekly,weighted,0.0,region_09
2023-04-08,9,XBB.1.5.1,0.01692069136,0.02836859412,0.00921618287,weekly,weighted,0.0,region_09
2023-04-15,9,XBB.1.5.1,0.014265000135864198,0.023555337212530864,0.007949086317407407,weekly,weighted,,region_09
2023-04-22,9,XBB.1.5.1,0.011609308911728396,0.018742080305061727,0.006681989764814815,weekly,weighted,,region_09
2023-04-29,9,XBB.1.5.1,0.008953617687592593,0.013928823397592592,0.005414893212222222,biweekly,weighted,0.0,region_09
2023-05-06,9,XBB.1.5.1,0.012020096588692129,0.020099542526608796,0.0066073215190277776,biweekly,weighted,,region_09
2023-05-13,9,XBB.1.5.1,0.015086575489791665,0.026270261655625002,0.007799749825833333,biweekly,weighted,0.0,region_09
2023-05-20,9,XBB.1.5.1,0.011533071141275143,0.019950189873846984,0.00602269638808908,biweekly,weighted,,region_09
2023-05-27,9,XBB.1.5.1,0.00797956679275862,0.013630118092068965,0.004245642950344827,biweekly,weighted,0.0,region_09
2023-06-03,9,XBB.1.5.1,0.007647971576893814,0.013068833733999726,0.00406727568982006,biweekly,weighted,,region_09
2023-06-10,9,XBB.1.5.1,0.007316376361029008,0.012507549375930488,0.0038889084292952924,biweekly,weighted,,region_09
2023-06-17,9,XBB.1.5.1,0.0069847811451642025,0.011946265017861248,0.0037105411687705253,biweekly,weighted,,region_09
2023-06-24,9,XBB.1.5.1,0.006653185929299397,0.011384980659792009,0.0035321739082457577,biweekly,weighted,,region_09
2023-07-01,9,XBB.1.5.1,0.006321590713434591,0.01082369630172277,0.0033538066477209905,biweekly,weighted,,region_09
2023-07-08,9,XBB.1.5.1,0.005989995497569785,0.010262411943653531,0.003175439387196223,biweekly,weighted,,region_09
2023-07-15,9,XBB.1.5.1,0.00565840028170498,0.009701127585584291,0.002997072126671456,biweekly,weighted,,region_09
2023-07-22,9,XBB.1.5.1,0.005326805065840174,0.009139843227515054,0.0028187048661466882,biweekly,weighted,,region_09
2023-07-29,9,XBB.1.5.1,0.004995209849975369,0.008578558869445814,0.002640337605621921,biweekly,weighted,,region_09
2023-08-05,9,XBB.1.5.1,0.0046636146341105635,0.008017274511376574,0.002461970345097154,biweekly,weighted,,region_09
2023-08-12,9,XBB.1.5.1,0.004332019418245758,0.007455990153307336,0.0022836030845723864,biweekly,weighted,,region_09
2023-08-19,9,XBB.1.5.1,0.004000424202380952,0.006894705795238096,0.002105235824047619,biweekly,weighted,0.0,region_09
2023-05-13,9,XBB.1.5.10,0.00581288891264151,0.010044589163962265,0.00304465481245283,biweekly,weighted,0.0,region_09
2023-05-20,9,XBB.1.5.10,0.009593148978734548,0.015623302507670786,0.00545787962415745,biweekly,weighted,,region_09
2023-05-27,9,XBB.1.5.10,0.013373409044827587,0.02120201585137931,0.007871104435862069,biweekly,weighted,0.0,region_09
2023-06-03,9,XBB.1.5.10,0.01205066827033046,0.019343103731314655,0.006979263200014367,biweekly,weighted,,region_09
2023-06-10,9,XBB.1.5.10,0.010727927495833333,0.01748419161125,0.006087421964166667,biweekly,weighted,0.0,region_09
2023-06-17,9,XBB.1.5.10,0.0096870825021875,0.016249343888854167,0.005290215160833334,biweekly,weighted,,region_09
2023-06-24,9,XBB.1.5.10,0.008646237508541666,0.015014496166458334,0.0044930083575,biweekly,weighted,0.0,region_09
2023-07-01,9,XBB.1.5.10,0.010344661183948254,0.0182199277693582,0.0052643701790725805,biweekly,weighted,,region_09
2023-07-08,9,XBB.1.5.10,0.01204308485935484,0.021425359372258066,0.006035732000645161,biweekly,weighted,0.0,region_09
2023-07-15,9,XBB.1.5.10,0.013221000192754342,0.022911374643949545,0.006885799305835401,biweekly,weighted,,region_09
2023-07-22,9,XBB.1.5.10,0.014398915526153844,0.024397389915641023,0.007735866611025641,biweekly,weighted,0.0,region_09
2023-07-29,9,XBB.1.5.10,0.013413983085630113,0.021449631115586468,0.007842226877002182,biweekly,weighted,,region_09
2023-08-05,9,XBB.1.5.10,0.012429050645106382,0.018501872315531916,0.007948587142978723,biweekly,weighted,0.0,region_09
2023-08-12,9,XBB.1.5.10,0.012605960490775413,0.018695298269432625,0.008099121895711582,biweekly,weighted,,region_09
2023-08-19,9,XBB.1.5.10,0.012782870336444445,0.018888724223333334,0.008249656648444443,biweekly,weighted,0.0,region_09
2023-08-26,9,XBB.1.5.10,0.011985319439222222,0.019069262221666668,0.007070772480222222,biweekly,weighted,,region_09
2023-09-02,9,XBB.1.5.10,0.011187768542,0.01924980022,0.005891888312,biweekly,weighted,0.0,region_09
2023-09-09,9,XBB.1.5.10,0.010036904711857142,0.017089795380059523,0.005368367257392857,biweekly,weighted,,region_09
2023-09-16,9,XBB.1.5.10,0.008886040881714286,0.014929790540119047,0.004844846202785714,biweekly,weighted,,region_09
2023-09-23,9,XBB.1.5.10,0.007735177051571429,0.01276978570017857,0.004321325148178571,biweekly,weighted,,region_09
2023-09-30,9,XBB.1.5.10,0.006584313221428571,0.010609780860238095,0.003797804093571428,biweekly,weighted,0.0,region_09
2023-08-05,9,XBB.1.5.59,0.004487859948235294,0.007878569174117648,0.0022991692561764704,biweekly,weighted,0.0,region_09
2023-06-10,9,XBB.1.5.68,0.015353465072448981,0.023197064709183673,0.009628482220408163,biweekly,weighted,0.0,region_09
2023-06-17,9,XBB.1.5.68,0.015555664987682823,0.024134066649696,0.009428848026870749,biweekly,weighted,,region_09
2023-06-24,9,XBB.1.5.68,0.015757864902916665,0.025071068590208332,0.009229213833333333,biweekly,weighted,0.0,region_09
2023-07-01,9,XBB.1.5.68,0.014651174948839284,0.02397798397046131,0.008274783420357142,biweekly,weighted,,region_09
2023-07-08,9,XBB.1.5.68,0.013544484994761904,0.022884899350714288,0.007320353007380952,biweekly,weighted,0.0,region_09
2023-07-15,9,XBB.1.5.68,0.01687110674096791,0.026015436563074534,0.010370526136516563,biweekly,weighted,,region_09
2023-07-22,9,XBB.1.5.68,0.020197728487173914,0.02914597377543478,0.013420699265652173,biweekly,weighted,0.0,region_09
2023-07-29,9,XBB.1.5.68,0.017688588897173913,0.025840162157826085,0.011580557653478261,biweekly,weighted,,region_09
2023-08-05,9,XBB.1.5.68,0.015179449307173914,0.02253435054021739,0.009740416041304349,biweekly,weighted,0.0,region_09
2023-08-12,9,XBB.1.5.68,0.012431717094723321,0.01815608536090415,0.008147486552243084,biweekly,weighted,,region_09
2023-08-19,9,XBB.1.5.68,0.009683984882272727,0.01377782018159091,0.006554557063181818,biweekly,weighted,0.0,region_09
2023-08-26,9,XBB.1.5.68,0.011558326784914141,0.01587851608112879,0.008175081713479799,biweekly,weighted,,region_09
2023-09-02,9,XBB.1.5.68,0.013432668687555556,0.017979211980666668,0.009795606363777779,biweekly,weighted,0.0,region_09
2023-09-09,9,XBB.1.5.68,0.016182295827868686,0.02249138745237879,0.011282428578252526,biweekly,weighted,,region_09
2023-09-16,9,XBB.1.5.68,0.018931922968181816,0.02700356292409091,0.012769250792727272,biweekly,weighted,0.0,region_09
2023-09-23,9,XBB.1.5.68,0.013411985783301435,0.020001207754150718,0.008595457023863636,biweekly,weighted,,region_09
2023-09-30,9,XBB.1.5.68,0.007892048598421053,0.012998852584210525,0.0044216632550000004,biweekly,weighted,0.0,region_09
2023-10-07,9,XBB.1.5.68,0.008942587766405649,0.01437160491991014,0.005178926081280488,biweekly,weighted,,region_09
2023-10-14,9,XBB.1.5.68,0.009993126934390244,0.015744357255609756,0.005936188907560975,biweekly,weighted,0.0,region_09
2023-08-05,9,XBB.1.5.70,0.007922851817021277,0.012376403020425532,0.004766163792765957,biweekly,weighted,0.0,region_09
2023-08-12,9,XBB.1.5.70,0.01598593376684397,0.025926777573546098,0.009124741458049646,biweekly,weighted,,region_09
2023-08-19,9,XBB.1.5.70,0.024049015716666667,0.039477152126666665,0.013483319123333335,biweekly,weighted,0.0,region_09
2023-08-26,9,XBB.1.5.70,0.016108981970555554,0.02608515537311111,0.009217504661222224,biweekly,weighted,,region_09
2023-09-02,9,XBB.1.5.70,0.008168948224444444,0.012693158619555556,0.004951690199111111,biweekly,weighted,0.0,region_09
2023-09-09,9,XBB.1.5.70,0.00966919152290404,0.015153336409550506,0.005790881030464646,biweekly,weighted,,region_09
2023-09-16,9,XBB.1.5.70,0.011169434821363637,0.017613514199545457,0.0066300718618181815,biweekly,weighted,0.0,region_09
2023-09-23,9,XBB.1.5.70,0.009307980431146935,0.014677402358726216,0.005526512818350951,biweekly,weighted,,region_09
2023-09-30,9,XBB.1.5.70,0.007446526040930233,0.011741290517906976,0.004422953774883721,biweekly,weighted,0.0,region_09
2023-10-07,9,XBB.1.5.70,0.007042753676074873,0.011601723907733976,0.003953624785124787,biweekly,weighted,,region_09
2023-10-14,9,XBB.1.5.70,0.006638981311219512,0.011462157297560976,0.0034842957953658536,biweekly,weighted,0.0,region_09
2023-10-21,9,XBB.1.5.70,0.010920601874484756,0.018890612262155486,0.005712277348182927,biweekly,weighted,,region_09
2023-10-28,9,XBB.1.5.70,0.015202222437749999,0.02631906722675,0.007940258900999999,biweekly,weighted,0.0,region_09
2023-11-04,9,XBB.1.5.70,0.015042410290798076,0.024887940330041665,0.008387405913833332,biweekly,weighted,,region_09
2023-11-11,9,XBB.1.5.70,0.014882598143846154,0.023456813433333334,0.008834552926666666,biweekly,weighted,0.0,region_09
2023-11-18,9,XBB.1.5.70,0.01591670563292308,0.025615243415333333,0.009202353721833333,biweekly,weighted,,region_09
2023-11-25,9,XBB.1.5.70,0.016950813122,0.02777367339733333,0.009570154517,biweekly,weighted,0.0,region_09
2023-12-02,9,XBB.1.5.70,0.015232918641972222,0.024005932350194444,0.009074126842666666,biweekly,weighted,,region_09
2023-12-09,9,XBB.1.5.70,0.013515024161944444,0.020238191303055555,0.008578099168333332,biweekly,weighted,0.0,region_09
2023-12-16,9,XBB.1.5.70,0.010044991497024853,0.01586777607626462,0.005981694799429824,biweekly,weighted,,region_09
2023-12-23,9,XBB.1.5.70,0.006574958832105263,0.011497360849473684,0.0033852904305263156,biweekly,weighted,0.0,region_09
2023-06-10,9,XBB.1.5.72,0.0080932682125,0.014157240202083332,0.00416259304625,biweekly,weighted,0.0,region_09
2023-06-17,9,XBB.1.5.72,0.008659734968949468,0.01482320470087101,0.004599946378783245,biweekly,weighted,,region_09
2023-06-24,9,XBB.1.5.72,0.009226201725398935,0.015489169199658686,0.0050372997113164895,biweekly,weighted,,region_09
2023-07-01,9,XBB.1.5.72,0.009792668481848404,0.016155133698446365,0.005474653043849734,biweekly,weighted,,region_09
2023-07-08,9,XBB.1.5.72,0.010359135238297873,0.01682109819723404,0.005912006376382979,biweekly,weighted,0.0,region_09
2023-07-15,9,XBB.1.5.72,0.011920343096037825,0.018564885127172574,0.007198830610635934,biweekly,weighted,,region_09
2023-07-22,9,XBB.1.5.72,0.013481550953777777,0.02030867205711111,0.008485654844888888,biweekly,weighted,0.0,region_09
2023-07-29,9,XBB.1.5.72,0.012817258330367148,0.01878672624170773,0.008365591801248792,biweekly,weighted,,region_09
2023-08-05,9,XBB.1.5.72,0.012152965706956521,0.01726478042630435,0.008245528757608695,biweekly,weighted,0.0,region_09
2023-08-12,9,XBB.1.5.72,0.010653730300033817,0.01536811888370773,0.007098486563471014,biweekly,weighted,,region_09
2023-08-19,9,XBB.1.5.72,0.009154494893111112,0.01347145734111111,0.005951444369333334,biweekly,weighted,0.0,region_09
2023-08-26,9,XBB.1.5.72,0.0102545922107601,0.014810398716237374,0.0068238071104621215,biweekly,weighted,,region_09
2023-09-02,9,XBB.1.5.72,0.01135468952840909,0.016149340091363637,0.007696169851590909,biweekly,weighted,0.0,region_09
2023-09-09,9,XBB.1.5.72,0.009803592958014069,0.014329170987943724,0.006426997012224026,biweekly,weighted,,region_09
2023-09-16,9,XBB.1.5.72,0.008252496387619048,0.01250900188452381,0.005157824172857143,biweekly,weighted,0.0,region_09
2023-03-11,9,XBB.1.9.1,0.01772643905,0.0275595719,0.010715315114999999,weekly,weighted,0.0,region_09
2023-03-18,9,XBB.1.9.1,0.0219996122175,0.034634662326249996,0.0130657444225,weekly,weighted,,region_09
2023-03-25,9,XBB.1.9.1,0.026272785385,0.041709752752499996,0.01541617373,weekly,weighted,0.0,region_09
2023-04-01,9,XBB.1.9.1,0.028258213153333333,0.04438827186666666,0.01683787753,weekly,weighted,0.0,region_09
2023-04-08,9,XBB.1.9.1,0.044935639945,0.061103370039999994,0.03202806227,weekly,weighted,0.0,region_09
2023-04-15,9,XBB.1.9.1,0.04611091850836364,0.05789145691890909,0.036136042123636365,biweekly,weighted,0.0,region_09
2023-04-22,9,XBB.1.9.1,0.05610951079538552,0.06684184123963972,0.04674889523459596,biweekly,weighted,,region_09
2023-04-29,9,XBB.1.9.1,0.0661081030824074,0.07579222556037037,0.057361748345555554,biweekly,weighted,0.0,region_09
2023-05-06,9,XBB.1.9.1,0.08385667268827918,0.09451175682678896,0.07410231650598532,biweekly,weighted,,region_09
2023-05-13,9,XBB.1.9.1,0.10160524229415095,0.11323128809320755,0.0908428846664151,biweekly,weighted,0.0,region_09
2023-05-20,9,XBB.1.9.1,0.10776240408899856,0.12752846103814225,0.09036208298176523,biweekly,weighted,,region_09
2023-05-27,9,XBB.1.9.1,0.11391956588384616,0.14182563398307693,0.08988128129711538,biweekly,weighted,0.0,region_09
2023-06-03,9,XBB.1.9.1,0.10986534116702112,0.13240697268732277,0.09009012752620475,biweekly,weighted,,region_09
2023-06-10,9,XBB.1.9.1,0.10581111645019607,0.12298831139156863,0.09029897375529412,biweekly,weighted,0.0,region_09
2023-06-17,9,XBB.1.9.1,0.1153288353280147,0.1472028210470343,0.08872275929202206,biweekly,weighted,,region_09
2023-06-24,9,XBB.1.9.1,0.12484655420583333,0.17141733070249998,0.08714654482875,biweekly,weighted,0.0,region_09
2023-07-01,9,XBB.1.9.1,0.11798318291903911,0.1502312446632908,0.09102975419366072,biweekly,weighted,,region_09
2023-07-08,9,XBB.1.9.1,0.1111198116322449,0.12904515862408164,0.09491296355857143,biweekly,weighted,0.0,region_09
2023-07-15,9,XBB.1.9.1,0.09450488912778912,0.11361895680099915,0.07784807873563988,biweekly,weighted,,region_09
2023-07-22,9,XBB.1.9.1,0.07788996662333333,0.09819275497791667,0.06078319391270833,biweekly,weighted,0.0,region_09
2023-07-29,9,XBB.1.9.1,0.07097622170773049,0.08696544428161791,0.05728166992805629,biweekly,weighted,,region_09
2023-08-05,9,XBB.1.9.1,0.06406247679212766,0.07573813358531915,0.05378014594340426,biweekly,weighted,0.0,region_09
2023-08-12,9,XBB.1.9.1,0.05089122963356383,0.06062308219374653,0.042371552701049954,biweekly,weighted,,region_09
2023-08-19,9,XBB.1.9.1,0.037719982475,0.04550803080217391,0.030962959458695653,biweekly,weighted,0.0,region_09
2023-08-26,9,XBB.1.9.1,0.03571100194861111,0.04291666431586473,0.02943391257090338,biweekly,weighted,,region_09
2023-09-02,9,XBB.1.9.1,0.03370202142222222,0.04032529782955555,0.02790486568311111,biweekly,weighted,0.0,region_09
2023-09-09,9,XBB.1.9.1,0.0325315701982702,0.03973175840489141,0.02634615085507828,biweekly,weighted,,region_09
2023-09-16,9,XBB.1.9.1,0.03136111897431818,0.03913821898022727,0.024787436027045452,biweekly,weighted,0.0,region_09
2023-09-23,9,XBB.1.9.1,0.023656874676810255,0.030497903365462473,0.018052433197011098,biweekly,weighted,,region_09
2023-09-30,9,XBB.1.9.1,0.015952630379302325,0.021857587750697675,0.011317430366976744,biweekly,weighted,0.0,region_09
2023-10-07,9,XBB.1.9.1,0.016911492611079736,0.023440255072134552,0.011823282972297896,biweekly,weighted,,region_09
2023-10-14,9,XBB.1.9.1,0.017870354842857143,0.02502292239357143,0.012329135577619046,biweekly,weighted,0.0,region_09
2023-10-21,9,XBB.1.9.1,0.022081247571672475,0.029910696848249128,0.015867361599785135,biweekly,weighted,,region_09
2023-10-28,9,XBB.1.9.1,0.026292140300487807,0.03479847130292683,0.01940558762195122,biweekly,weighted,0.0,region_09
2023-11-04,9,XBB.1.9.1,0.020413002018705443,0.02794905978710444,0.01449885159520638,biweekly,weighted,,region_09
2023-11-11,9,XBB.1.9.1,0.014533863736923077,0.02109964827128205,0.009592115568461538,biweekly,weighted,0.0,region_09
2023-11-18,9,XBB.1.9.1,0.015573677976794872,0.02322089602807692,0.009941299051794871,biweekly,weighted,,region_09
2023-11-25,9,XBB.1.9.1,0.016613492216666668,0.025342143784871794,0.010290482535128206,biweekly,weighted,0.0,region_09
2023-12-02,9,XBB.1.9.1,0.012093671211805556,0.01913252188160256,0.007163777382008548,biweekly,weighted,,region_09
2023-12-09,9,XBB.1.9.1,0.007573850206944444,0.012922899978333333,0.004037072228888889,biweekly,weighted,0.0,region_09
2023-12-16,9,XBB.1.9.1,0.006721528527736928,0.011405344540196078,0.003612434466356209,biweekly,weighted,,region_09
2023-12-23,9,XBB.1.9.1,0.005869206848529412,0.009887789102058824,0.0031877967038235295,biweekly,weighted,0.0,region_09
2023-03-18,9,XBB.1.9.2,0.008616046745,0.0149190728525,0.0044992751225,weekly,weighted,0.0,region_09
2023-03-25,9,XBB.1.9.2,0.005979114675,0.0106024649,0.003017343115,weekly,weighted,0.0,region_09
2023-04-01,9,XBB.1.9.2,0.00956412032,0.01622028463,0.00513707008,weekly,weighted,0.0,region_09
2023-04-08,9,XBB.1.9.2,0.018287469634999998,0.028407881035,0.011057434605,weekly,weighted,0.0,region_09
2023-04-15,9,XBB.1.9.2,0.020511512458363638,0.02617229047109091,0.01579572809018182,biweekly,weighted,0.0,region_09
2023-04-22,9,XBB.1.9.2,0.021292873013626264,0.026769291343045454,0.016684537771757577,biweekly,weighted,,region_09
2023-04-29,9,XBB.1.9.2,0.02207423356888889,0.027366292215,0.017573347453333336,biweekly,weighted,0.0,region_09
2023-05-06,9,XBB.1.9.2,0.027685767621802936,0.0338262918379717,0.022399182184119498,biweekly,weighted,,region_09
2023-05-13,9,XBB.1.9.2,0.033297301674716985,0.040286291460943396,0.02722501691490566,biweekly,weighted,0.0,region_09
2023-05-20,9,XBB.1.9.2,0.037953480492454644,0.046607817414990926,0.030524682510433596,biweekly,weighted,,region_09
2023-05-27,9,XBB.1.9.2,0.042609659310192304,0.05292934336903846,0.033824348105961535,biweekly,weighted,0.0,region_09
2023-06-03,9,XBB.1.9.2,0.04103745365539027,0.05240300906128394,0.03158375895494155,biweekly,weighted,,region_09
2023-06-10,9,XBB.1.9.2,0.03946524800058823,0.05187667475352942,0.02934316980392157,biweekly,weighted,0.0,region_09
2023-06-17,9,XBB.1.9.2,0.04275292609489412,0.05960380137596471,0.029653491893860788,biweekly,weighted,,region_09
2023-06-24,9,XBB.1.9.2,0.046040604189199995,0.0673309279984,0.029963813983800002,biweekly,weighted,0.0,region_09
2023-07-01,9,XBB.1.9.2,0.0456529762756204,0.06254665130338367,0.032398214485879595,biweekly,weighted,,region_09
2023-07-08,9,XBB.1.9.2,0.04526534836204081,0.05776237460836734,0.034832614987959185,biweekly,weighted,0.0,region_09
2023-07-15,9,XBB.1.9.2,0.038526643264145406,0.05220654244553784,0.02773779276033376,biweekly,weighted,,region_09
2023-07-22,9,XBB.1.9.2,0.03178793816625,0.046650710282708334,0.020642970532708332,biweekly,weighted,0.0,region_09
2023-07-29,9,XBB.1.9.2,0.030279976645359044,0.041950906143694594,0.02126435956433289,biweekly,weighted,,region_09
2023-08-05,9,XBB.1.9.2,0.028772015124468087,0.037251102004680854,0.021885748595957447,biweekly,weighted,0.0,region_09
2023-08-12,9,XBB.1.9.2,0.02376641313853839,0.030979647237992604,0.0179147597785222,biweekly,weighted,,region_09
2023-08-19,9,XBB.1.9.2,0.018760811152608695,0.02470819247130435,0.013943770961086956,biweekly,weighted,0.0,region_09
2023-08-26,9,XBB.1.9.2,0.015245799341526568,0.021103996973429955,0.010722866710543478,biweekly,weighted,,region_09
2023-09-02,9,XBB.1.9.2,0.011730787530444443,0.017499801475555556,0.00750196246,biweekly,weighted,0.0,region_09
2023-09-09,9,XBB.1.9.2,0.011757980743744949,0.01771455839425505,0.007415760415568182,biweekly,weighted,,region_09
2023-09-16,9,XBB.1.9.2,0.011785173957045455,0.017929315312954545,0.007329558371136364,biweekly,weighted,0.0,region_09
2023-09-23,9,XBB.1.9.2,0.00920248653185606,0.014410283987310608,0.005522172024734848,biweekly,weighted,,region_09
2023-09-30,9,XBB.1.9.2,0.006619799106666667,0.010891252661666668,0.0037147856783333335,biweekly,weighted,0.0,region_09
2023-10-07,9,XBB.1.9.2,0.006901551302333333,0.011842155688833334,0.0036575029601666666,biweekly,weighted,,region_09
2023-10-14,9,XBB.1.9.2,0.007183303498,0.012793058716,0.0036002202420000002,biweekly,weighted,0.0,region_09
2023-04-01,9,XBB.2.3,0.00857533887,0.01444955729,0.00464922283,weekly,weighted,0.0,region_09
2023-04-08,9,XBB.2.3,0.009091648669537038,0.01383455382287037,0.005721627881574074,weekly,weighted,,region_09
2023-04-15,9,XBB.2.3,0.009607958469074074,0.01321955035574074,0.006794032933148148,biweekly,weighted,0.0,region_09
2023-04-22,9,XBB.2.3,0.013573234089907408,0.01876758520175926,0.009523877270185185,biweekly,weighted,,region_09
2023-04-29,9,XBB.2.3,0.01753850971074074,0.024315620047777778,0.012253721607222223,biweekly,weighted,0.0,region_09
2023-05-06,9,XBB.2.3,0.023256416525936408,0.030807921537285114,0.017175348964648847,biweekly,weighted,,region_09
2023-05-13,9,XBB.2.3,0.028974323341132074,0.03730022302679245,0.022096976322075475,biweekly,weighted,0.0,region_09
2023-05-20,9,XBB.2.3,0.041156986567918975,0.05531551693388642,0.029796746912508325,biweekly,weighted,,region_09
2023-05-27,9,XBB.2.3,0.05333964979470588,0.07333081084098039,0.037496517502941175,biweekly,weighted,0.0,region_09
2023-06-03,9,XBB.2.3,0.06733002601254902,0.0853000304422549,0.05238183534794118,biweekly,weighted,,region_09
2023-06-10,9,XBB.2.3,0.08132040223039215,0.09726925004352942,0.06726715319294117,biweekly,weighted,0.0,region_09
2023-06-17,9,XBB.2.3,0.08577663968279609,0.10366354087446471,0.07010673973907058,biweekly,weighted,,region_09
2023-06-24,9,XBB.2.3,0.09023287713520001,0.1100578317054,0.07294632628520001,biweekly,weighted,0.0,region_09
2023-07-01,9,XBB.2.3,0.09412135398464082,0.11491206918463878,0.07599866065719184,biweekly,weighted,,region_09
2023-07-08,9,XBB.2.3,0.09800983083408163,0.11976630666387755,0.07905099502918367,biweekly,weighted,0.0,region_09
2023-07-15,9,XBB.2.3,0.10319262907329081,0.13710469034048045,0.07565371331677934,biweekly,weighted,,region_09
2023-07-22,9,XBB.2.3,0.1083754273125,0.15444307401708332,0.072256431604375,biweekly,weighted,0.0,region_09
2023-07-29,9,XBB.2.3,0.1018522590536968,0.13110319877683954,0.07807767905708113,biweekly,weighted,,region_09
2023-08-05,9,XBB.2.3,0.09532909079489361,0.10776332353659575,0.08389892650978724,biweekly,weighted,0.0,region_09
2023-08-12,9,XBB.2.3,0.09163324964320768,0.10437264864775439,0.0800099094030458,biweekly,weighted,,region_09
2023-08-19,9,XBB.2.3,0.08793740849152175,0.10098197375891305,0.07612089229630435,biweekly,weighted,0.0,region_09
2023-08-26,9,XBB.2.3,0.08830224605287199,0.10082209333056763,0.07691020988604105,biweekly,weighted,,region_09
2023-09-02,9,XBB.2.3,0.08866708361422222,0.10066221290222221,0.07769952747577777,biweekly,weighted,0.0,region_09
2023-09-09,9,XBB.2.3,0.07292017150040657,0.08357770406508838,0.06325896096618434,biweekly,weighted,,region_09
2023-09-16,9,XBB.2.3,0.05717325938659091,0.06649319522795455,0.04881839445659091,biweekly,weighted,0.0,region_09
2023-09-23,9,XBB.2.3,0.057714599944807085,0.06806941048118657,0.0485287177446908,biweekly,weighted,,region_09
2023-09-30,9,XBB.2.3,0.058255940503023254,0.0696456257344186,0.04823904103279069,biweekly,weighted,0.0,region_09
2023-10-07,9,XBB.2.3,0.048532207523950655,0.06127457299818491,0.03791745470639535,biweekly,weighted,,region_09
2023-10-14,9,XBB.2.3,0.03880847454487805,0.05290352026195121,0.02759586838,biweekly,weighted,0.0,region_09
2023-10-21,9,XBB.2.3,0.03345495467,0.04472230779134146,0.024379307722439025,biweekly,weighted,,region_09
2023-10-28,9,XBB.2.3,0.028101434795121952,0.03654109532073171,0.02116274706487805,biweekly,weighted,0.0,region_09
2023-11-04,9,XBB.2.3,0.026595266181278925,0.035028492975750475,0.019739985809233897,biweekly,weighted,,region_09
2023-11-11,9,XBB.2.3,0.025089097567435898,0.033515890630769235,0.018317224553589743,biweekly,weighted,0.0,region_09
2023-11-18,9,XBB.2.3,0.02389761860253374,0.03237543814472672,0.01716496213218961,biweekly,weighted,,region_09
2023-11-25,9,XBB.2.3,0.02270613963763158,0.03123498565868421,0.016012699710789474,biweekly,weighted,0.0,region_09
2023-12-02,9,XBB.2.3,0.021635880988157892,0.029415823494473685,0.015476840119078948,biweekly,weighted,,region_09
2023-12-09,9,XBB.2.3,0.020565622338684208,0.027596661330263155,0.014940980527368423,biweekly,weighted,0.0,region_09
2023-12-16,9,XBB.2.3,0.014485176545770676,0.020194032329703005,0.010084000282398496,biweekly,weighted,,region_09
2023-12-23,9,XBB.2.3,0.008404730752857144,0.012791403329142857,0.005227020037428571,biweekly,weighted,0.0,region_09
2024-01-20,9,XDP,0.008072773191578947,0.013358924537894737,0.0044885372847368425,biweekly,weighted,0.0,region_09
2024-01-27,9,XDP,0.007659045404003759,0.012883901645911654,0.004165495578261278,biweekly,weighted,,region_09
2024-02-03,9,XDP,0.007245317616428571,0.012408878753928572,0.0038424538717857144,biweekly,weighted,0.0,region_09
2024-02-10,9,XDP,0.011386442845056391,0.019665949880385336,0.005954819171419174,biweekly,weighted,,region_09
2024-02-17,9,XDP,0.015527568073684212,0.0269230210068421,0.008067184471052632,biweekly,weighted,0.0,region_09
2024-02-24,9,XDP,0.017089452020592106,0.02887859227342105,0.009210989049276315,biweekly,weighted,,region_09
2024-03-02,9,XDP,0.018651335967500002,0.03083416354,0.0103547936275,biweekly,weighted,0.0,region_09
2024-03-09,9,XDP,0.017559070032083332,0.02972783406,0.00944195627075,biweekly,weighted,,region_09
2024-03-16,9,XDP,0.016466804096666666,0.028621504580000002,0.008529118914,biweekly,weighted,0.0,region_09
2024-03-23,9,XDP,0.02319723459886905,0.03697020572053571,0.0136003995445,biweekly,weighted,,region_09
2024-03-30,9,XDP,0.029927665101071428,0.04531890686107143,0.018671680175,biweekly,weighted,0.0,region_09
2024-04-06,9,XDP,0.027768892967053573,0.0430972526028869,0.01681705198375,biweekly,weighted,,region_09
2024-04-13,9,XDP,0.025610120833035713,0.04087559834470238,0.0149624237925,biweekly,weighted,,region_09
2024-04-20,9,XDP,0.023451348699017854,0.03865394408651786,0.01310779560125,biweekly,weighted,,region_09
2024-04-27,9,XDP,0.021292576565,0.03643228982833333,0.01125316741,biweekly,weighted,0.0,region_09
2024-05-11,9,XDV.1,0.0237513806676,0.0384122756124,0.013584379292,biweekly,weighted,0.0,region_09
2024-05-18,9,XDV.1,0.020364583177609523,0.0333272038309619,0.011470211840285714,biweekly,weighted,,region_09
2024-05-25,9,XDV.1,0.016977785687619047,0.02824213204952381,0.00935604438857143,biweekly,weighted,0.0,region_09
2024-06-01,9,XDV.1,0.016264481597589284,0.026301984086934523,0.009349701305386905,biweekly,weighted,,region_09
2024-06-08,9,XDV.1,0.015551177507559525,0.024361836124345237,0.009343358222202381,biweekly,weighted,,region_09
2024-06-15,9,XDV.1,0.014837873417529762,0.02242168816175595,0.009337015139017859,biweekly,weighted,,region_09
2024-06-22,9,XDV.1,0.014124569327500001,0.020481540199166665,0.009330672055833334,biweekly,weighted,0.0,region_09
2024-06-29,9,XDV.1,0.014688957129431818,0.021201001465719696,0.009762754225871213,biweekly,weighted,,region_09
2024-07-06,9,XDV.1,0.015253344931363638,0.021920462732272727,0.01019483639590909,biweekly,weighted,0.0,region_09
2024-07-13,9,XDV.1,0.013728901598181818,0.02139708708808081,0.008336641517676768,biweekly,weighted,,region_09
2024-07-20,9,XDV.1,0.012204458265,0.02087371144388889,0.006478446639444444,biweekly,weighted,0.0,region_09
2024-08-17,9,XEC,0.007818342126249999,0.013693043615,0.004014101402499999,biweekly,weighted,0.0,region_09
2024-08-24,9,XEC,0.016061588680183824,0.02384357262985294,0.010407740867132354,biweekly,weighted,,region_09
2024-08-31,9,XEC,0.02430483523411765,0.033994101644705885,0.016801380331764707,biweekly,weighted,0.0,region_09
2024-09-07,9,XEC,0.022130846534392158,0.032013660438686274,0.014691104102549021,biweekly,weighted,,region_09
2024-09-14,9,XEC,0.019956857834666667,0.030033219232666667,0.012580827873333334,biweekly,weighted,0.0,region_09
2024-09-21,9,XEC,0.03458418488468627,0.04714113290898039,0.024715222696372552,biweekly,weighted,,region_09
2024-09-28,9,XEC,0.04921151193470588,0.06424904658529412,0.036849617519411765,biweekly,weighted,0.0,region_09
2024-10-05,9,XEC,0.08963276752547794,0.11088160540452206,0.07148246864220588,biweekly,weighted,,region_09
2024-10-12,9,XEC,0.13005402311625,0.15751416422375,0.106115319765,biweekly,weighted,0.0,region_09
2024-10-19,9,XEC,0.14542122445979166,0.18592143673420833,0.1112622908935,biweekly,weighted,,region_09
2024-10-26,9,XEC,0.16078842580333333,0.21432870924466665,0.116409262022,biweekly,weighted,0.0,region_09
2024-11-02,9,XEC,0.19213851030416668,0.24329854377697618,0.14854139364564284,biweekly,weighted,,region_09
2024-11-09,9,XEC,0.223488594805,0.27226837830928574,0.1806735252692857,biweekly,weighted,0.0,region_09
2024-11-16,9,XEC,0.24133619682557694,0.28937271720464286,0.19837587410656593,biweekly,weighted,,region_09
2024-11-23,9,XEC,0.2591837988461539,0.3064770561,0.21607822294384615,biweekly,weighted,0.0,region_09
2024-11-30,9,XEC,0.2782635500609936,0.32435549356291665,0.2356302166502564,biweekly,weighted,,region_09
2024-12-07,9,XEC,0.29734330127583336,0.3422339310258333,0.25518221035666666,biweekly,weighted,0.0,region_09
2024-12-14,9,XEC,0.32805113494375,0.3724262068670834,0.2859616186475,biweekly,weighted,,region_09
2024-12-21,9,XEC,0.3587589686116666,0.4026184827083334,0.31674102693833334,biweekly,weighted,0.0,region_09
2024-12-28,9,XEC,0.3642350497344697,0.4284064546223485,0.3038098144932576,biweekly,weighted,,region_09
2025-01-04,9,XEC,0.36971113085727275,0.4541944265363636,0.29087860204818183,biweekly,weighted,0.0,region_09
2025-01-11,9,XEC,0.3734507501136364,0.4372679844491818,0.3132276307445909,biweekly,weighted,,region_09
2025-01-18,9,XEC,0.37719036937,0.420341542362,0.335576659441,biweekly,weighted,0.0,region_09
2025-01-25,9,XEC,0.353331430755,0.4008728568743334,0.30824365350938887,biweekly,weighted,,region_09
2025-02-01,9,XEC,0.32947249214,0.3814041713866667,0.2809106475777778,biweekly,weighted,0.0,region_09
2025-02-08,9,XEC,0.338466485341875,0.40395720427208337,0.2775815013388889,biweekly,weighted,,region_09
2025-02-15,9,XEC,0.34746047854375,0.42651023715749997,0.2742523551,biweekly,weighted,0.0,region_09
2025-02-22,9,XEC,0.32775372266687497,0.3909480513201785,0.26891324349785717,biweekly,weighted,,region_09
2025-03-01,9,XEC,0.30804696679,0.3553858654828571,0.26357413189571427,biweekly,weighted,0.0,region_09
2025-03-08,9,XEC,0.27153778697,0.3452133291522619,0.20878662967285713,biweekly,weighted,,region_09
2025-03-15,9,XEC,0.23502860714999999,0.3350407928216667,0.15399912745,biweekly,weighted,0.0,region_09
2025-03-22,9,XEC,0.215053110072,0.2918932899818334,0.151327724011,biweekly,weighted,,region_09
2025-03-29,9,XEC,0.195077612994,0.24874578714200002,0.148656320572,biweekly,weighted,0.0,region_09
2025-04-05,9,XEC,0.15694329018366668,0.20599439889100002,0.11582952464599999,biweekly,weighted,,region_09
2025-04-12,9,XEC,0.11880896737333334,0.16324301064,0.08300272871999999,biweekly,weighted,0.0,region_09
2025-04-19,9,XEC,0.10926084468666666,0.160633936525,0.07023474635999999,biweekly,weighted,,region_09
2025-04-26,9,XEC,0.099712722,0.15802486241,0.057466764,biweekly,weighted,0.0,region_09
2025-05-03,9,XEC,0.103926301,0.157627612355,0.06381359137499999,biweekly,weighted,,region_09
2025-05-10,9,XEC,0.10813988,0.1572303623,0.07016041875,biweekly,weighted,0.0,region_09
2025-05-17,9,XEC,0.092064055613125,0.13341206056312502,0.060294338851875,biweekly,weighted,,region_09
2025-05-24,9,XEC,0.07598823122625,0.10959375882625,0.05042825895375,biweekly,weighted,,region_09
2025-05-31,9,XEC,0.059912406839374995,0.085775457089375,0.040562179055625,biweekly,weighted,,region_09
2025-06-07,9,XEC,0.0438365824525,0.0619571553525,0.0306960991575,4_week,empiric,0.0,region_09
2025-06-14,9,XEC,0.038573639466875004,0.055591260779375,0.026514122145625,4_week,empiric,,region_09
2025-06-21,9,XEC,0.03331069648125,0.049225366206249996,0.022332145133750002,4_week,empiric,,region_09
2025-06-28,9,XEC,0.028047753495625,0.042859471633125,0.018150168121875,4_week,empiric,,region_09
2025-07-05,9,XEC,0.02278481051,0.03649357706,0.01396819111,4_week,empiric,0.0,region_09
2025-07-12,9,XEC,0.019510503001666665,0.031363721934166665,0.011919373220000001,4_week,empiric,,region_09
2025-07-19,9,XEC,0.016236195493333334,0.026233866808333332,0.009870555330000001,4_week,empiric,,region_09
2025-07-26,9,XEC,0.012961887985,0.021104011682499996,0.00782173744,4_week,empiric,,region_09
2025-08-02,9,XEC,0.009687580476666667,0.015974156556666664,0.005772919550000001,4_week,empiric,0.0,region_09
2025-01-04,9,XEC.4,0.017027879665714285,0.029495616308571428,0.00885536016,biweekly,weighted,0.0,region_09
2025-01-11,9,XEC.4,0.019201054502857143,0.033437556984285716,0.009900450507500002,biweekly,weighted,,region_09
2025-01-18,9,XEC.4,0.021374229340000002,0.03737949766,0.010945540855000001,biweekly,weighted,0.0,region_09
2025-01-25,9,XEC.4,0.02359899386107143,0.040078874742142855,0.012639187044821431,biweekly,weighted,,region_09
2025-02-01,9,XEC.4,0.02582375838214286,0.04277825182428571,0.014332833234642859,biweekly,weighted,,region_09
2025-02-08,9,XEC.4,0.028048522903214287,0.04547762890642857,0.016026479424464286,biweekly,weighted,,region_09
2025-02-15,9,XEC.4,0.030273287424285717,0.04817700598857143,0.017720125614285716,biweekly,weighted,0.0,region_09
2025-02-22,9,XEC.4,0.03283292933297619,0.053804206484285716,0.01843003354297619,biweekly,weighted,,region_09
2025-03-01,9,XEC.4,0.035392571241666664,0.05943140698,0.019139941471666668,biweekly,weighted,0.0,region_09
2025-03-08,9,XEC.4,0.03636685758916666,0.06147647618166667,0.019471950984166667,biweekly,weighted,,region_09
2025-03-15,9,XEC.4,0.03734114393666667,0.06352154538333334,0.019803960496666665,biweekly,weighted,0.0,region_09
2025-06-07,9,XFC,0.04161268007,0.059395909307499994,0.028837801425,4_week,empiric,0.0,region_09
2025-06-14,9,XFC,0.04023856367,0.057946852406875,0.02763685200125,4_week,empiric,,region_09
2025-06-21,9,XFC,0.038864447270000005,0.05649779550625,0.026435902577500003,4_week,empiric,,region_09
2025-06-28,9,XFC,0.037490330870000005,0.055048738605624994,0.025234953153750003,4_week,empiric,,region_09
2025-07-05,9,XFC,0.036116214470000005,0.053599681705,0.024034003730000003,4_week,empiric,0.0,region_09
2025-07-12,9,XFC,0.03478355147000001,0.05132018960875,0.023295781345000002,4_week,empiric,,region_09
2025-07-19,9,XFC,0.03345088847,0.049040697512499995,0.02255755896,4_week,empiric,,region_09
2025-07-26,9,XFC,0.03211822547,0.04676120541625,0.021819336575,4_week,empiric,,region_09
2025-08-02,9,XFC,0.03078556247,0.04448171332,0.02108111419,4_week,empiric,0.0,region_09
2025-08-09,9,XFC,0.027707504729166665,0.03951217466666666,0.019262999763333333,4_week,empiric,,region_09
2025-08-16,9,XFC,0.02462944698833333,0.034542636013333336,0.017444885336666667,4_week,empiric,,region_09
2025-08-23,9,XFC,0.0215513892475,0.02957309736,0.01562677091,4_week,empiric,,region_09
2025-08-30,9,XFC,0.018473331506666666,0.024603558706666667,0.013808656483333334,4_week,empiric,0.0,region_09
2025-09-06,9,XFC,0.01674985035875,0.02271469659375,0.01230532181125,4_week,empiric,,region_09
2025-09-13,9,XFC,0.015026369210833333,0.020825834480833333,0.010801987139166667,4_week,empiric,,region_09
2025-09-20,9,XFC,0.013302888062916667,0.018936972367916666,0.009298652467083333,4_week,empiric,,region_09
2025-09-27,9,XFC,0.011579406915,0.017048110255,0.007795317795,4_week,empiric,0.0,region_09
2025-06-07,9,XFG,0.098167313636,0.122180145978,0.07846402973,4_week,empiric,0.0,region_09
2025-06-14,9,XFG,0.1395379316065,0.1650723159305,0.11772985048699999,4_week,empiric,,region_09
2025-06-21,9,XFG,0.18090854957699998,0.20796448588299998,0.156995671244,4_week,empiric,,region_09
2025-06-28,9,XFG,0.2222791675475,0.2508566558355,0.196261492001,4_week,empiric,,region_09
2025-07-05,9,XFG,0.263649785518,0.293748825788,0.23552731275799998,4_week,empiric,0.0,region_09
2025-07-12,9,XFG,0.314429332687875,0.3435643576085,0.28681926131475,4_week,empiric,,region_09
2025-07-19,9,XFG,0.36520887985774997,0.393379889429,0.3381112098715,4_week,empiric,,region_09
2025-07-26,9,XFG,0.415988427027625,0.44319542124949995,0.38940315842825,4_week,empiric,,region_09
2025-08-02,9,XFG,0.4667679741975,0.49301095307,0.44069510698500003,4_week,empiric,0.0,region_09
2025-08-09,9,XFG,0.5073078777647917,0.5316168578966667,0.48303094009708336,4_week,empiric,,region_09
2025-08-16,9,XFG,0.5478477813320833,0.5702227627233334,0.5253667732091667,4_week,empiric,,region_09
2025-08-23,9,XFG,0.588387684899375,0.60882866755,0.5677026063212499,4_week,empiric,,region_09
2025-08-30,9,XFG,0.6289275884666666,0.6474345723766667,0.6100384394333332,4_week,empiric,0.0,region_09
2025-09-06,9,XFG,0.6450881212974999,0.6637051651866667,0.6260169694825,4_week,empiric,,region_09
2025-09-13,9,XFG,0.6612486541283333,0.6799757579966667,0.6419954995316666,4_week,empiric,,region_09
2025-09-20,9,XFG,0.6774091869591667,0.6962463508066666,0.6579740295808333,4_week,empiric,,region_09
2025-09-27,9,XFG,0.69356971979,0.7125169436166666,0.67395255963,4_week,empiric,0.0,region_09
2025-10-04,9,XFG,0.7012058397125001,0.7248675823241666,0.67618077,4_week,empiric,,region_09
2025-10-11,9,XFG,0.7088419596350001,0.7372182210316667,0.67840898037,4_week,empiric,,region_09
2025-10-18,9,XFG,0.7164780795575001,0.7495688597391668,0.68063719074,4_week,empiric,,region_09
2025-10-25,9,XFG,0.7241141994800001,0.7619194984466667,0.6828654011099999,4_week,empiric,0.0,region_09
2025-11-01,9,XFG,0.7219177633525,0.7632381022000001,0.6764758229275,4_week,empiric,,region_09
2025-11-08,9,XFG,0.719721327225,0.7645567059533334,0.670086244745,4_week,empiric,,region_09
2025-11-15,9,XFG,0.7175248910975001,0.7658753097066666,0.6636966665624999,4_week,empiric,,region_09
2025-11-22,9,XFG,0.71532845497,0.76719391346,0.65730708838,4_week,empiric,0.0,region_09
2025-10-25,9,XFG.1,0.03142328933,0.05086194724,0.01899595931,4_week,empiric,0.0,region_09
2025-10-25,9,XFG.1.1,0.03125,0.04989963397,0.0191807542,4_week,empiric,0.0,region_09
2025-09-27,9,XFG.14.1,0.023294929413333332,0.030651308596666666,0.017626595373333335,4_week,empiric,0.0,region_09
2025-10-04,9,XFG.14.1,0.029242276834166664,0.040537551667500005,0.0209912614275,4_week,empiric,,region_09
2025-10-11,9,XFG.14.1,0.035189624254999996,0.05042379473833333,0.024355927481666668,4_week,empiric,,region_09
2025-10-18,9,XFG.14.1,0.041136971675833335,0.060310037809166675,0.027720593535833334,4_week,empiric,,region_09
2025-10-25,9,XFG.14.1,0.04708431909666667,0.07019628088,0.03108525959,4_week,empiric,0.0,region_09
2025-09-27,9,XFG.6,0.01473684236,0.02066931874,0.01043877285,4_week,empiric,0.0,region_09
2025-10-04,9,XFG.6,0.0171290207625,0.025865048172500002,0.01129968674,4_week,empiric,,region_09
2025-10-11,9,XFG.6,0.019521199165,0.031060777605,0.01216060063,4_week,empiric,,region_09
2025-10-18,9,XFG.6,0.0219133775675,0.0362565070375,0.01302151452,4_week,empiric,,region_09
2025-10-25,9,XFG.6,0.02430555597,0.04145223647,0.01388242841,4_week,empiric,0.0,region_09
2025-09-27,9,XFV,0.0075012641,0.01216488192,0.00455433526,4_week,empiric,0.0,region_09
2025-08-30,9,XFZ,0.006361356626666666,0.010450043093333333,0.0038105313033333335,4_week,empiric,0.0,region_09
2025-09-06,9,XFZ,0.008368681650833333,0.012956068616666667,0.005368413130833334,4_week,empiric,,region_09
2025-09-13,9,XFZ,0.010376006675,0.01546209414,0.006926294958333334,4_week,empiric,,region_09
2025-09-20,9,XFZ,0.012383331699166666,0.017968119663333334,0.008484176785833334,4_week,empiric,,region_09
2025-09-27,9,XFZ,0.014390656723333334,0.020474145186666667,0.010042058613333333,4_week,empiric,0.0,region_09
